0,1,2
0,3,2
4,5
6,7
8,9,10
11,12,13
14,15,16
17,18
19,20
21,22
23,24
25,26,27
28,29,30
1,31
32,1,33
34,35,36
37,38
39,40
41,42,35
31,43
44,45
46,47
8,48,49
50,29
51,52
53,54,55
56,57
58,59,60
3,61,62
63,57
64,65
61,66,67
68,69,70
18,71,54
72,73
74,75
9,76
77,78
79,80
53,25
81,82,83
84,85,86
87,88,89
90,91
82,92,93
94,95
96,65
97,98
89,99
5,100
20,101,102
20,103
104,102
105,36
106,46,63
107,49
108,33,109
40,110
111,112
113,63
114,115
116,117
20,118,119
120,121
1,32,122,123
3,82
124,57,125
126,25,36
127,128
19,129
107,130,131
116,63
132,133
134,135
136,124,75
137,118
138,27
139,140,112
58,32
141,142
143,144,31
18,145
146,147
49,148
35,149
150,151,116
152,44
153,73
154,81
155,156
157,101,106
158,29,159
160,161
59,162
163,59
164,165
166,147
167,64,168
109,169
170,156
171,106
102,11
172,25,173
136,155,135
140,19
169,4
27,172
36,87
170,125
71,147,164
130,174
175,53
105,176
128,177,138,178
179,153
180,63
66,53
177,181,61
104,97
78,161,182
157,98
89,147,82
172,183
143,41
156,155
40,184
72,18,118
185,97
186,53
187,32,134
188,1,147
138,189
190,88
80,29
63,105
113,191,192
193,194,138
45,9,99
195,156,196
12,120,97
3,197
198,199,200
4,169
201,202,79,203
204,205
206,189
207,79,7
208,5,209
210,29,211
70,212,18
204,144,56
103,34
89,118
141,53
213,72
98,72,165
212,97
12,214,215
216,79
105,20,217
17,218,219
59,220
221,36
222,217
159,7,210,223
224,118
49,112
151,225,180
138,197
132,49
226,164
227,68
36,228,117
229,60,7
28,9
72,33
151,110
166,38,230
11,48
60,131
131,68
75,79,96
196,177
58,92
150,231
232,200
77,97
97,71
233,80,216
234,61,34
84,83
150,220
32,133
212,234,138
235,38,229
140,236
33,180
74,28
95,237
238,97
239,175,160
24,240,45
3,106
241,105
242,60
100,118,141
9,162
209,56,33
199,9
123,227
14,16
106,112
243,117
219,26
237,37
102,30
22,89
219,215
175,244
63,36,176
142,124
245,13
36,169
133,246
121,247
214,174
222,156
248,186
160,28,249,198
51,250
31,251,140
67,53,252
222,245
13,71
11,19
253,81
154,207
167,247
199,216
9,104
55,156
194,133,222
187,124
191,54
154,79,225
164,23
254,77,161
131,134
255,256,257,106
93,193,54
147,55
258,132,118
247,52
198,200
246,241,245
259,225,207
170,209
103,34,56
108,206
88,21,136
63,180,143
71,97
253,214
193,194
246,144
260,6
69,261
201,171
217,128
262,206,161
234,245
202,146
259,207
101,184
20,263
209,63,194,162
264,103
37,265,166
266,43
203,79,83,74
220,12
46,267
32,40
94,197
268,142
154,41
24,261
29,81
269,28
183,21
169,188
100,209,68
205,270
116,271
266,21
44,7,48
272,170
273,43
23,90
83,53,128,89
184,80
210,216,6
128,54
145,218,161
78,267
153,211
97,17,145
132,39,78
130,274
75,179
76,114
89,275
26,17
51,185
171,49
144,177
163,23
276,155
127,114,115
182,64
89,66
15,125
7,277
127,40
108,35
266,190
21,88
133,278
252,177
83,135
125,127
118,233,74
83,245
55,209
32,62
26,238,279
0,240
84,143,196
213,18
271,142,55
50,280
19,211,7
66,221
44,79
87,234
154,207,203
146,10
247,154,218
50,281
3,189,237
32,92
97,215,74
7,238
107,132
127,205
205,103,131
151,150
90,119
48,277
95,240
149,268
265,244,211
262,172
251,28
156,193
275,32,151
282,154
199,29
6,29,44
151,243,86
80,44
274,19
154,203
202,111
122,278
177,82
146,201,207
80,10
219,79,277
222,178,224,83
150,104,213
137,140
117,151
98,52
231,110
77,151
233,19
153,211
17,145
103,36,118
283,284
70,30,240
164,80,48,79
38,103
128,232
161,137
285,205,125
286,65
41,102
70,75
3,82
157,121,81
97,104,247
212,96,73
217,133,32
191,272
263,105,285
252,21
287,75
182,52
191,192
203,201
17,24
191,196
211,83
5,204
184,157
63,217,220,95
95,61
288,140
163,269,101
1,170
182,112
86,271,33
46,80
180,289
197,220
40,150
191,145
185,290
118,1
15,196,100
164,264
105,165
60,166
52,291,12,71
265,248
105,180
202,81
153,112,281
197,275,190
12,214,212
132,91
66,133
196,82
83,10
109,243,292
270,188
1,4
31,153,293,82
134,183
52,29,154
187,196
126,224,21
1,177,183
272,196
196,95
283,52
294,217
276,181
95,161
224,187
269,212
263,295
243,296
231,52
247,137
142,97
117,221
215,200,17
38,43
179,233,6
188,150,125
296,8,207
147,61,245
157,137
81,182,104
297,296,97
240,167
125,48
13,257,226
253,215
28,250
81,200
297,83
1,34
219,241
99,298,111
187,162
224,0,136,187
299,179,24
188,220
137,163
243,151,239
195,187
66,136,89
185,153
125,228,169
162,155
185,91
280,91
215,26
146,159
65,121
300,169,148
193,61
237,162
135,196
57,83
17,280
186,117
165,133
126,109
206,188
66,3
212,72,137
0,59,3
262,172
220,144,119
82,133,216
140,93
238,103
214,274
235,41,301
150,68,196
132,219
231,71
97,213
258,196
165,263
216,23
71,247,174
68,37,103
183,205,94
194,196,142
141,177
108,150
108,268
301,237
174,173,161
65,143,14
88,133
112,302
113,191
176,169
271,135,41
184,231
202,117
237,285
303,277
142,143
14,31,237
269,304,305
257,239
34,5
194,36,24
306,56
213,30
10,159
124,103,242
268,68
305,136
226,81
84,100
71,164
223,149
137,98
153,159
135,133,178
159,11
27,25
206,76
90,182,212,98
103,289
164,307
120,65
18,225
186,180,76
77,137
307,130
185,39,17,132
168,247
283,102
249,71
140,154
162,234
81,48,210
84,104
185,187,46
263,47,140
97,51
207,74,61
108,33
143,38
251,27
101,304
307,264,29
0,27,99,8
106,18
6,164,154,11
188,4,86
234,293
8,282,183
131,118,102
54,153
86,75
107,238,302,216
177,68
130,160,185
308,307
223,26
14,60
289,234,307
57,118,63
6,46
309,89
232,128,192
37,180,169
226,160
52,74
49,281
310,277
32,213
64,72,137
254,121
305,269
83,142
259,159
212,240
267,223
246,128
72,256
253,168,167
49,8
49,251,71
72,212,253
207,7,81
306,309,278
68,271
252,127
40,19
28,266
159,238
2,66
197,88,311
279,290,65
292,20
93,68,285
39,28,215
236,48
159,112,262,30
5,292
120,271,232
63,87
10,210,250
256,212
258,246,193
273,54
130,155
114,106,133
195,258
218,231,91
32,82
265,99
170,61,187
75,44
13,179
312,153
1,53
168,247
266,195,118
121,17
18,12
13,24,112
207,118
93,194
47,9,282,154,200
247,121
277,104,59
198,81,225
137,231
130,91
238,153
78,77
251,6,159
210,49,14
302,265,80
71,90
52,90
230,117,150
204,181
148,141
82,155
143,292
37,33
77,161,185
120,251,90
250,102
18,64,27
159,253
8,277,6
313,218,98,75
1,136
134,82,32
83,169
98,137,72
242,271
63,116
75,81
237,2,162
219,161
225,262,52
177,82,123
23,153,44
92,45
181,21
55,2
247,297
190,293,314
194,0
166,20
97,77
21,192,138
57,233,19
125,300
193,82
71,163
146,31
276,66
189,315,3
59,195
21,61
148,6
61,234
168,146
106,239
2,73,267
89,25
89,237
302,93
71,225
33,220
237,0
296,137
219,8,3
81,277
193,273
170,89,61,224
254,132
33,2,217
293,252,1
316,86
199,259
305,71,213
100,228,183
278,187
283,17,269
57,55
317,12
13,81
44,236
80,238
231,98
193,58
92,63,243
153,112
149,143,35
137,179
60,43,209
248,16
258,156,55
250,39
8,306
110,76
169,85
95,133
103,105
19,11,50
131,57
157,64
131,37,263
122,21
132,215,78
130,132
176,191
21,31
191,177,232
265,192,74,237
80,24
254,98
216,120,159,226
143,243
1,2,315
292,35
0,66,59
151,150
58,83,222
153,110,71,243
317,312
50,179
245,61
19,225
130,161
74,128
196,222
25,195
169,84
53,254
223,10
65,102
102,26,137
233,302,281
63,5
271,205
279,96
114,14,165
185,251
9,49
198,81
306,81
224,237,187
236,210
71,184
57,31
15,127
142,128,122
272,156
170,177
207,216
104,120,174
140,215,91
285,205,15
201,83
209,127
315,0
105,83,202
2,18
91,177
140,99,111,179
238,308,216
303,300,106
196,52
190,84,192
305,30
70,274
213,132
265,213
136,14
100,150
89,1
102,8
8,11,6
14,94
237,155
139,303
212,98
72,181,184
184,96
101,52
265,211
190,237
169,41
16,141
263,57
26,65
205,1,32
19,80,265
120,24,61
215,110,104
6,312
215,316,159
120,91,132,90
131,149
27,65
190,66
129,64
6,10
65,218
60,232
25,34
81,33
70,281,44
120,49
53,67
179,106,49
306,208,292
125,146
150,85
235,14
267,108,187
241,191
174,23,217
111,13
242,127,235
52,215
121,318
27,98
9,162,43
41,295,5,63
15,215
61,3
74,52
126,60
102,79
175,4
159,95
262,90,310
58,25,266
136,118,21
131,14,5
76,143
79,277
200,215
121,120,71
106,65
7,6
159,112
185,213,319
19,158
293,278
38,143
108,178
211,320
300,209,31
266,94
292,285
135,123
250,78
128,170
135,196
120,321
152,45,7
302,106
124,76
31,208
276,161
312,277
206,37
137,18
215,50
276,138
183,271,143
136,1,83
56,295
233,308
25,89
96,97,174
238,24,19
265,287,75
97,290
140,216
211,139
185,215
132,77
154,200
64,269
210,284,4
100,119,124
140,159
59,131
1,300
91,291,280
16,34
155,138,183
310,296
127,262
153,296
210,23
205,131,204,285
13,6,111
151,5
8,264
77,215,174
270,134
61,222,103
125,35
80,210
237,266
14,285
160,174
67,90,149
277,310,257
60,84
159,153,140
219,132,317
4,37,227
265,80
149,20
226,282
137,77
207,47
127,166
283,168,98
268,127,294
153,27
160,101,219
55,6
202,99
299,298
186,180,116
32,83
308,259
180,271
155,122
143,116
72,296
107,48
44,79
72,78
205,5
106,121
315,3
3,0,195
235,2,6
204,166
105,205,43
124,25
1,183
196,156,55
104,215
241,105,208
231,45
81,74
89,122,246
256,171,182
276,191,54
36,258
105,36
19,283
97,236
25,65
75,318,277
86,196
18,182
188,227,57
9,226
153,44,106
10,63
312,322
60,31
22,189
100,125
315,52
295,294
99,171
212,110
64,137
249,28
196,65
284,168
75,260,24
68,236
188,139,213
153,49
109,143
140,24
32,181
203,236
246,133,156
92,150
124,105
88,196,83,246
171,51
50,170,135
293,196,70
190,2,252
118,105,14
64,267
0,67
41,35
211,302
126,59
99,139
207,11,10
156,206
201,79
103,239,14
40,102
195,217
49,291,102
71,8,76
131,149
182,24
301,2
191,95
68,33
136,29
235,43,14
91,39
98,256
216,203
14,270
21,136,266
11,223,226
211,146,159
25,36
168,52,212
17,77,1
138,162
85,249
80,296,23
279,102
180,20,306
197,88,178
172,146
236,64
241,74,136
74,305
128,85
82,196
250,104
285,25,118
29,199
125,33,169
267,75
228,7,100,20
182,18
153,302
74,269
1,315
269,244
87,89
21,87
212,262
179,216
65,173
64,137,310
282,179
55,196
154,17
196,178
229,252,174
266,222
35,43,105
143,228,108
285,59,222
242,143
142,192
282,6,146
204,221
127,205
181,76
307,282
285,179
43,220
290,120,91
231,18,71
43,294
95,55
48,65
49,6
94,131
242,229,221,117
245,170
195,29
114,183
48,210,212
213,212
283,256
233,299,112
154,179,98
57,271
9,102
49,216
178,32
258,33
65,115
187,309
187,108,124
154,48
232,128,194
13,141
236,153
34,131,285
222,231,212
162,309,266
214,160,39
286,212
127,60,285
164,289
12,163,167
262,119
81,27,78
133,0,135,2
100,82
3,293,66,237
252,187
75,279,171
82,134
5,143
11,26
133,181
236,44
3,192
9,269,0
169,3
294,108,57
21,189
247,48
230,220
215,219,28
85,105,306
105,89
33,169,36
12,137,256
172,223,219
51,231
84,227,239,186
121,240
151,76
207,140
190,38,131
33,121
178,93
92,14
297,277,238
128,124,17
277,183
118,213
63,276,186
121,52
136,170
114,268
9,11
217,245
56,127
116,253
162,191
44,51
245,195
73,121
114,292
215,77
125,31
62,237,3,61
128,293,197
82,68
9,154,201
117,246
182,286
86,169
307,66,127,104
227,84
276,58
56,77,14
136,32,191
99,7
37,43,118
32,256
14,165
30,305
115,23
292,271
55,195
302,261
154,18,4
44,238
40,64
141,187
74,51
105,155
94,315
59,293
285,221
216,81
95,32,193
61,237
302,44
91,159,282
182,177,215
61,36,208
62,237,53,1
23,143
48,257
2,1
80,106
159,190
28,44
83,194
46,44
50,102,17,218
0,32,245
211,202,236
61,3
228,191
126,252,234
92,293,209
88,133
55,196,272
48,299,9
222,191,258,82
179,148
97,250,17
74,305
126,2,0
95,195,142
257,202
280,219,27
317,121,26,161
46,208,102
212,55
105,223
31,35
140,49
162,314
52,182
176,128
97,104
11,6
159,8,48
172,65
227,309,180
87,315
318,137,17
70,64
299,153,308
212,247
188,116
277,102,220
180,271
55,222
162,95
100,37,271
229,103
13,107,140
202,81
127,33,20
159,48,154
266,87
17,39,215
83,239,227
24,27
236,188
132,227
111,154
52,83
143,92,108,68
191,169
285,38,300
46,202
75,46
81,200
294,105
0,3
5,131,14
184,277,312
63,84
237,59
73,137
92,84,100
271,227,309
24,179
290,207
151,68
315,53
46,99
206,36
230,108
7,200
196,239
232,314
124,116
253,128
269,203
201,251
138,32,55
11,148
128,192,177
136,195,2
283,240
231,269,121
61,234,118
23,18
48,159
232,224
176,257
48,140
24,287,236
255,198
72,212
48,259,199
224,21
8,255
279,121
252,141
37,190,182
57,289
232,245
97,121
198,99,282
296,8
196,237
89,43
124,208
157,65,17
88,142
317,79,71
236,19,238
250,8
235,295
288,310
3,2
21,319
1,234,126
130,17,274
299,320
240,212
17,50,110,262
48,133
240,77
317,50
192,126
204,241
220,52
224,188
101,164
102,105
196,56,55
279,61
191,101
86,13
94,132
94,21
205,40
133,144
97,120
81,210
272,103
210,5
3,25
203,27
102,218
66,58
237,141
223,302
85,83
103,5
121,52
110,40
86,5
267,223
183,93
100,151
47,233
136,21
45,129
111,19,46,265
90,28
125,151
93,5
119,6
89,314
134,232,276
127,242
62,114,212
122,276
218,102
48,11
179,287
13,111,200
232,119,128
179,266
129,81
101,317
90,102
140,21
151,100
4,268
134,276,273
263,14
267,238
296,216
100,4
287,194
98,72
121,247,184
260,75,179
17,251
75,11,297
207,9
247,220
130,73
238,49
35,66
40,313,33
299,80,236
26,172
77,225
25,300
170,59
153,238
315,1
178,119
13,262,267
35,209,38
130,132,160,27
284,218,18
11,9
64,137
44,8
40,286,44
221,108
214,40
8,48,159
184,74,231
41,204
120,91
150,86
200,154,264
156,88
272,122
55,227
203,7,80
219,115,65,25
168,137
37,103
214,204
293,237
53,2,315
172,50,280
151,117
169,33
245,135,118
181,211
14,103
4,169
157,20,166
267,212
88,237
23,226
23,75
64,212
28,214
214,161
132,281,111
232,191,138
68,306
186,309
68,43
293,190,94
138,181
13,170
34,143
126,31
59,89
175,178
126,323
35,57
219,269
127,143
112,99
43,20,241
256,283
218,180
201,211,24
90,64,299
159,48
207,202
51,174
261,321
241,316
154,287,180
180,186,125
247,27
132,27
140,287
8,186
121,313
216,46,203
314,95
103,292,5
180,105
1,293
60,228
139,281,299
239,125
247,52,17
64,96,137,213
164,265
279,244
305,159
75,81
1,59
95,222
216,297
262,132
95,183
154,153,303
8,69
143,169
104,101
200,13
210,115,181
226,8
48,47,203,297
289,20
210,13
276,180,235
77,75
18,81
140,53
65,41,130
155,314
99,308
102,130
232,59
104,77
182,49,47
111,24,307
56,268,131
82,142
97,313
36,92
190,52
162,3,276
127,149,31
21,275
166,119
75,24
13,44
219,110,137
23,282
178,89
61,245
261,213
56,95
305,218
89,187
103,285
31,5
272,228
38,205
15,127,263
100,54,114
91,269
118,60,56
212,225
112,20,118
155,232
37,33
51,179
178,122,177
151,239
103,94
272,21
251,198,185
269,97
87,197
11,220,108
127,55
200,79
177,95
140,211
263,146
44,238,261
275,314
19,153
153,44
38,242
179,124
7,216
6,262
180,296
238,257
221,169
235,204
209,150
121,96
138,319
286,24,308
55,183
259,297
225,216,9
204,294
198,212
198,154
143,235
251,215,317
33,125
5,268,14,34
66,237
256,291
177,250,81
76,124
55,187,239
76,3
196,55
5,294,149
120,26
279,249,269
78,234
68,118
143,153
30,304
21,180
245,191
182,137
186,310
200,198
253,120
150,220
98,219
56,309
300,249
212,283,167
235,70
240,110
14,271
257,159
91,173
217,128
95,273
55,32
16,20,5
203,57
194,237
102,27
182,179
179,94
58,245
61,9
282,69
279,132
279,231
204,209
87,67,155
282,29
132,63,55
157,205,131
183,232
36,151
19,111
0,186,1
116,188,84
219,174
113,232
1,293
183,100,207
169,81
92,227
192,196
170,32
216,24
84,86,208
132,174,310
1,293
229,276,62
40,121
23,7
253,162
121,106
6,8
47,247
245,16,128
191,194
11,210
9,164,121,283
15,180
97,130,154
267,321,44
138,83
159,149
277,70
245,54
119,152,110
149,60
14,294,165
0,234,54
248,149
44,198
195,2
116,150
224,1
118,187,136
222,191,245
43,229
207,7
13,91,148
238,70
185,91
246,206
24,77,234
116,151,105,220
213,40,137
284,213
87,137
218,101
165,25
118,53
143,263,25
154,207
151,191
215,250,262
284,101
167,148
44,11
305,240
123,183
277,8,81,223
227,245
241,243
123,55
225,23
45,324,238
20,34
52,72
315,3
296,1
296,48
304,51,313
108,169
71,266
2,234
52,137
169,68,150
94,252
143,235
93,315
11,7,159
69,287
191,183,83
150,205
150,100
187,53,2,234
215,27,172
239,59
108,194
213,40
72,161
27,219
134,82
229,109
23,216
244,240
240,98
75,203
53,195
147,155,273
166,14
257,181,269
24,49
237,205
294,38
153,99
281,312
82,232
222,128
322,106
111,287
315,2
169,220
216,244
79,277
134,135
140,265
205,63
95,1,194
100,117,191
271,291
126,109,101
32,191
32,187
37,316
52,157
283,27
235,205,143
323,3
207,8,257
149,131
84,92
177,54
135,151
234,122
125,248
84,186
168,215
84,25
29,296
242,25,20
205,38
88,118
21,131
59,190,0
308,251
297,226
240,98,36,213
225,213
264,11,29
136,224,66
149,3,197
282,23
165,20
172,98,207
66,315,1
169,100,36
218,65
277,112
154,7
30,52
167,182
230,241,243
74,135
71,121
202,143
212,253,249,121
296,132
132,104
112,182,72
86,227
9,16,118
188,208,109
247,163,244
224,3
36,103
23,49,265
46,111
91,77
31,100
97,214
17,325
243,142
40,291
266,231,81,140
130,251,215
31,166
71,215,52
1,118,89
79,8
102,313
72,73,137
129,80,106
226,203
240,167
269,132,250
267,111
251,140,91
132,167,213
11,223
24,19,107
206,268,86
215,161
104,214
24,140
257,72,75
215,120
147,195
254,64
301,217
13,154
313,52
131,117,35
13,203
117,73
18,26
238,281
211,174
77,97,39
67,195
99,80
273,192
100,37
220,316
117,109
105,36
227,125,37
82,177
93,82
118,95
63,109,92
159,99
6,23
8,38
72,70
312,148,120
124,256,287
213,163
118,54
101,193
251,215
7,325
94,136
13,260
316,297
204,74,282
53,234
27,65
8,29,137
220,76
66,266
20,125
153,99
21,69,90
50,52
29,159,23
7,203
139,8
57,33
218,240
160,161
106,102
119,2
238,106
44,216
93,108
28,313,159
248,117,131
123,242
215,8
100,241
191,95
108,64
213,152
205,42
217,16
174,49
111,107
164,56
18,76
36,217
237,232
135,156
62,278,187,197
141,3
185,159
37,154
196,319,276
231,121
149,35
191,32
143,14
21,187
105,109,60
106,215,6
85,37
21,197,26
307,91
109,31
37,215
60,68,43
193,113
55,273,54
101,102
234,190
84,227,243
14,135,278
24,310
23,8
131,68
254,72,265
34,294
230,36
287,70
307,99
297,154
274,160
68,92,293
191,258
224,252
159,104
99,6
153,299
267,312
125,122
187,133,138
182,104
230,76
44,47
127,263,143,114
135,123
193,130
44,238,257
33,300,109
269,75
119,143
68,300
281,293
172,200
98,145
58,76
249,256
46,54
311,38
227,134
151,150
148,159
225,108
292,237
167,253,286
207,37
154,111
234,76
138,232,217
251,215,132
41,103
148,80
9,23
58,126
84,196
269,182
83,143
31,56
1,302
257,6,210
177,273
102,218,52
207,98
32,58
175,88,183,59
172,78,163
302,179,307
147,94
52,12,249
138,291
70,137,249
264,200
115,63
201,121,73
107,140
295,68
296,18,148
220,92,186
98,300
135,169
131,263
231,121
89,217
177,83
235,53
125,140
240,40
174,81
107,296
153,19
211,179
91,157,78,77
180,86
179,75
238,261
194,191,122
161,305
315,83
181,195,74,68
63,161
65,27,218
90,91
82,68,236
23,296
20,116,92
3,194
65,214
316,117
23,79,81
133,230,317
196,232
32,36
250,14,274
140,179
2,8
193,183
87,118
236,307
128,162,192
263,294,114
243,180
211,236
82,319,138
285,31
315,147
44,139,140
260,77
267,305
277,218
240,97
201,143,29
179,146
155,181,183
55,170
137,236
205,294
151,262,179
40,79
26,262,140
84,180
222,31
27,215
161,290,132
136,190
67,234
210,190
204,166
21,151
78,171,161
151,56,114
98,157
134,192
195,43
256,30
97,265
33,142
186,293
165,13
11,160
141,126
135,32
30,91
51,152,97
24,320,287
6,29
289,113,184
77,28,161
69,159
102,218
210,159,23
176,59
103,131
44,96
36,148
172,251
151,64
191,316
121,24,302,153
143,287
7,201,264
137,73,325
196,11
173,266
46,153,80
235,294,204
218,313
1,219,196
17,78,173
297,47
274,280
155,183
230,84
89,0
246,131,80
41,17
27,234
68,271
73,305,180
66,204,14,125
257,207
152,240
285,86,11
251,64
62,89,301
48,12
101,172,219
114,251,170
102,172
89,229
243,1
156,82
82,232
47,11,265
81,216
197,195
1,3
205,248
263,103
253,276
302,110
130,160
266,3
15,124
202,226
190,314
293,258,217
194,272
223,210
287,106
2,1
132,244
137,121,108
183,191,93
109,271,57
182,137,304
24,69,48
65,26
100,88,43
140,106,257
158,291
273,135
99,299
203,148
164,237
43,239
11,6,255
5,60
83,222
183,8
7,264,200
84,227
205,243
1,84,300
250,185
57,300
107,267
168,167
65,88
263,169,37
180,169
218,144
207,81
137,195
101,159
325,12
146,51,140
116,117
131,16,237
81,11,297
306,117
125,89
183,53
283,102
3,230
4,92,57
269,130
88,136
325,121
191,187
108,42,15
232,2,95
253,251
39,104
247,49
39,131
292,258
263,309
200,159
182,251
153,299
113,323,59
68,227
1,66,237
79,18
138,178
50,218
318,240,247,279
257,111
105,1,234
269,190,232
89,85,98
43,53
83,245
151,17
179,236
100,301,138
56,4
246,63
219,81
41,174
2,67
13,6,102
89,162
32,183
302,225
66,136
155,247
205,131,289,166
94,252,176
77,104
265,106
237,21,197
266,237,162
15,228
11,297
54,55,113
127,215,164
6,11
237,208
233,282
300,64
202,29
228,60
43,289,235
68,271
135,95
54,124
161,101,98
102,182
60,43
46,99
11,303
62,245
89,314
179,216
136,246
76,176
41,37,180
172,161
48,96
155,181
209,31
191,183
65,40
74,101
56,127,84
131,294
325,12
302,253,137,98
276,246
158,6
150,117
276,217
236,287
315,197
109,89
265,247
182,210,139
166,94
125,60
29,183
104,39
32,21
161,215,219
307,184
61,25
130,102
186,292
140,48
86,68
117,84
178,165
273,41
153,135,82
280,28,174
159,223
9,29,159
233,281
59,12,121
62,2,315
79,8,257
137,23
66,126,193
274,251,225
64,249,185
11,210
200,251
197,187
105,151
132,120
136,94
132,98
51,304,121
64,71
207,255
153,179
225,249
107,99,17,300
216,236,24
24,79
263,14
200,226
266,21
81,29,6
77,132
31,285
116,57
58,1
173,269
102,99
153,240,159
24,47,147
265,159
20,4
85,1
215,256
91,161,149
225,9
138,89
26,32
77,145
13,28
54,88
172,25
95,191
266,136
73,102,271
283,68
63,169,15
109,165
232,245,32
180,125,43,68
313,140
180,73,232
240,215
203,23
154,23
128,133
74,237,89,205
26,21
231,102
48,265
127,20
183,135
159,265,160
102,72
24,56
134,55
310,154
169,154,106
110,97
243,76
193,217
128,99,203
18,8
132,215,214
70,51
97,120
21,94,266
32,217
215,75
4,37
162,0
38,117,127
182,72,121
100,125
121,77
80,299
200,79
205,16,227
11,163
115,206
31,237,84
1,222
4,271,68
181,83
11,154
283,240
153,299
202,255,252
85,246,60
168,80
155,196
20,25
285,127
205,231,29
83,137
32,170
261,45,238,267
180,169,227
131,93
7,287
222,293,49
240,111,137
149,292,103
153,44
196,181
100,37,180
260,146
315,3,242
180,75
125,309,20
105,124
201,44
48,159
307,111
302,319,284,130
96,26
12,40,137
194,229
5,57
97,120
100,4
128,133,222
16,268,68
205,169
40,75
192,193
139,5
75,238
247,116,140
90,64
248,56
27,213
189,195
155,120,213
81,140
56,20
9,164
117,119,36
277,201
259,161
68,100,105
250,253,182
137,269
193,32
265,106,11
196,66
137,286
59,187
60,16
285,116
159,45
91,110
7,154
291,18,132
57,271
247,51
101,148,304,216,302
237,5
75,164,287
198,282,265,65
56,43
183,191,170
225,218,101
31,242
23,296
86,37
24,112
46,201
116,169
304,101,96
267,213,45
26,65,27,17
29,159
269,212
153,99
231,121
7,256
99,24,260
106,140
134,306,168
196,159,249
110,91
40,98
30,137
42,97,8
23,13
145,213,271
115,5
153,44,112
120,102,291
241,58
172,90
146,9
196,272,89
62,87
58,31
183,3
128,178,191
155,252
207,159
207,106
319,244
291,161
39,91,185
225,282
81,79
96,40,182
278,245
120,262,137
55,134
186,57
1,132
186,37
237,53,2
234,201
170,32
43,188
48,182
136,257,32
21,162
13,240
211,81
262,159,183
32,191
65,267
136,93
274,317
125,56,245
13,299
80,280
227,252,189
134,103,234
210,65,137
199,269
189,53,175,1
294,34
32,183
15,204,14
227,86,57
102,317
182,102,110
159,124
69,140
104,101
180,92
302,238
219,25,107
204,114
6,48,81
43,285
39,137
269,167
49,302,216
8,146
223,154,80
295,143,149
57,151
111,107
237,1
128,105,222
251,137
71,269
155,32,82
273,142,11
154,226
8,79
213,305
238,263
13,164
216,143
209,16,103
42,207,136
32,138
52,25
293,104
188,37
108,285
87,237
23,13,80
101,264,5
60,203
71,72
206,270
199,159,23
322,99
287,6
8,102
24,112
71,13
33,37
236,106
78,80
70,212
131,56
79,264
7,29
307,160,65
188,84
247,195
142,127
212,53
235,204,5
45,267
122,32
180,117
13,80
129,288,111
14,15
180,105
217,133
80,150,60
271,92
132,81,247
150,104
101,182,231,74
100,316,117
136,118
127,205
2,245
12,137
24,174,132
112,202,234
45,216
183,232
1,295,93
15,43
287,299
75,216,302
200,137
190,197
97,91
253,73,40
5,56
225,146,1,286
159,48
85,36
98,279,148
192,196,177
133,162
50,160
273,217
243,116
315,227,242
306,124
145,110
260,80
260,29
250,283,240
9,10
49,218
322,267
81,79,198
28,152,286
138,196
137,225,79
246,83,95
153,200,17
172,57
216,43
31,156
276,18
304,74
242,292
15,268
132,214
237,315
241,235,293
97,132
79,82
65,214
231,185
113,142
85,143
19,129
173,282
161,218
137,98
103,285
186,116
273,82
312,153
325,101
53,87
121,70,231,27
32,95
256,72
185,130,97
143,40
14,105
91,18,73
91,99,159
218,236
37,150
1,187
191,131
9,264
242,25,263
43,44
151,33
305,74
291,96
195,1,135
3,131
89,61,3
69,29,6
131,90
184,111
112,307
195,255,202
179,281,13
74,184
34,118,186
252,49
215,102
253,80,297
241,125,37
52,72
233,173
231,249
178,170
108,100
169,239
5,263
203,210,47
1,103
222,156
0,2
9,49
310,202,23
170,183
172,101
72,73
200,79
291,50,293
195,177
117,36
133,194
46,159
155,248
81,256
246,196
81,61
125,5
189,61
80,121
201,159
95,217
12,98
127,195
52,71
24,111
101,287
234,88,1,187
66,278
316,229,108,86
228,16
81,264,200
66,189
235,116
24,8,225,99
232,245
1,59
77,291
35,205
185,28,78
155,142,156
188,78
64,40,73
47,283
4,108
18,191,146
84,37
305,184,240
206,156
148,199
182,74
282,79,207,164
293,136
266,275,252
283,8
78,160
159,203,226
80,307
78,96
137,91
177,309
140,80
194,170,128
98,279,73
18,119,210,215
137,7,299
4,100
159,48
293,32,55
171,212
231,137
251,215,172
61,87
207,29
68,174
174,269
150,149,98
244,219
26,218
183,237
166,43
307,140
34,103,5
76,36
56,117
94,118
225,111
55,263
206,285
108,36
60,131
127,268
5,165
177,140
237,1
110,215
154,216
48,260,80
287,153,106
271,102,28
186,119
202,255
2,195
104,180
43,294
77,91
63,93,248
236,11,307
47,46
87,266
116,76
209,38
83,112
280,177
23,159,8
132,173
98,271
134,178
50,56
169,227
132,218,104,160
267,312
225,263
68,173,116
100,108
125,84
267,112
283,182
51,159,275
191,73
32,128
193,83
166,131
227,133
172,27
131,195,55
137,40
233,226
256,121
206,241
134,95
265,65
268,235
142,235,209
243,302
130,173
64,236
34,114
59,43
117,100
282,200,212
232,153
111,24
320,49,18
92,108
40,233
64,72,137,212
243,33
83,194
80,75
216,8,277
268,72
301,181
253,212,72
188,100
36,188
8,296
167,33,86
89,266,136
208,294
127,294
152,104,121
210,48,6
237,201
159,8
272,192,54
49,266
299,256
160,101,247
294,64
222,87
232,209,34
15,132
117,124,151
185,213
208,23,239
16,114
220,117,76
84,43
228,35
215,74
271,269
153,236
326,7
207,159
123,57,31
251,132
103,5
31,242
40,101,74
49,13,265
300,42
44,75,296
206,136
46,9
8,164
250,293
71,12
139,24
14,20,209
31,32
106,207
174,73,115
68,105
100,180
102,25
180,169,84
170,128,1
283,292,77
110,262
59,83
240,325
5,103
174,121
185,132
279,98
135,246,32
188,150
20,144
153,106
127,31
112,267,160
265,80,179,24
117,229,309
237,41
99,153
118,206
111,44,99
13,46,129
8,303,312
166,116
46,287
236,201
178,137
112,211
279,167,52
283,313
5,51
198,27,80
139,112
39,309
143,33
28,211
272,276
308,164
92,242,180
320,121,159
188,119
228,125
9,8,203
265,75,140
187,197
112,260,302
10,59
12,182
254,52
100,186
186,119
271,105
55,293
68,180
243,300
77,215
85,271
189,3,141
3,2
2,187
209,31,205
292,127,224
253,212
120,251
90,137
199,231
150,109
79,211,24
13,106
159,207
196,194
306,61,102,240
153,308
99,307,13
79,265
114,272,117
52,50
48,26
98,27
71,70,52
95,170
77,7,290
9,23
228,127,174
11,94
309,165
19,24
276,258
293,234
185,73
140,269
73,50
160,50
84,68,57
307,267,112
172,236
74,200
143,104
243,180
159,112
177,286
159,256
234,197
55,93
299,238
133,138
48,37
312,163
299,260,129
174,182
260,77
298,281
101,91
21,57
49,218
21,187
219,102
19,70
50,26
123,293
296,310
172,104
131,281
113,252,3
186,76
30,213
31,56
120,50
238,52
193,76,61,159
285,247,88
212,140
173,286
148,292,32
223,315
296,207,7,11
137,98,121
260,236
76,296,80,265
182,240,71
326,6
190,228,112
36,41
138,78
162,43
309,36
287,140
204,5
269,130
294,38
226,154,9
241,125,57
72,71,51
127,103
131,209,60
250,104
214,210,122
22,59
169,2,103
315,2
17,218
315,85,20
169,277
227,271
64,286
132,280
99,46
31,248
245,4
25,180,105
216,154
159,153
140,308,236
138,246
313,185,161
97,269
21,28,75
265,199,11
240,116
1,61
15,92,56
122,29
116,84,21
161,28
236,159
2,0
305,74,277
80,283
71,137
312,298,107
12,18
44,29
252,136,266,118
9,203
236,179
269,104
285,179
181,258,2
125,64
147,39,44,37
106,121
164,210
124,76
71,215
174,240
171,136
21,135,217
275,175,118
123,192,135
215,90
104,56
159,210
29,200
183,224
180,100
52,304
98,284
296,220
138,234,98,6
241,138
87,118
71,19
206,176,1
75,164,218
287,254
285,131
55,59
148,179
194,3
2,89
53,131
186,208
102,160,65
81,260
56,37
296,154
68,215
31,5
37,35
169,18
306,179
219,185,64
88,162
280,40,102
8,210
243,68
81,282
268,125,105
130,271
203,97
3,0
17,26
182,277
267,75,44,80
83,84,180
69,296
152,18
151,84
154,293
216,23,198
282,203
42,239,180,5
181,3,275,32
159,257
191,83,193
179,29
209,31
91,120
263,43
138,301
180,100
73,172,162
155,273
81,79,225
7,154
315,156,93
209,246
61,0
90,161,317
249,231
79,159
13,260,281
81,154,23
296,207
16,108
196,86
31,231
138,309
82,273
8,216
18,146
159,164
151,122,59,246
24,238
82,111,266
13,200
89,136
10,184
245,156
103,20
144,258,127
58,66
261,20,48
20,131,144
151,25
262,253
131,8
88,216
137,286
28,97
177,84,5
265,45
293,128
263,180,14
236,294,18
305,121,215
62,228,293
11,132,8
79,202
170,231,173
169,186
7,236
265,8
310,282,297
257,148,203
149,229
75,207
99,308
278,66,21
314,118
49,212
188,9,267
106,233
100,33
9,153,7
52,49
212,137
310,140
78,249,17
125,20
211,99,44
163,182
11,148,8
312,287
268,116
320,37
192,147
124,211
53,1,237,67
16,310
44,46,238
162,323
17,172
239,84,117
303,296
98,30
220,208
71,296
269,26
70,13
199,99,96
114,131
68,14
136,197,82
230,316
285,43
29,159
123,52
224,32,177
95,215,179
208,235
280,222
187,3
109,43
79,189
133,82
177,263,196
37,108
34,25,205
88,197
183,2
227,180,206
252,314
116,188
44,77,198
260,299,153
147,94
291,97,132,101
181,196
263,190
195,272
168,0
268,125,43
165,115
57,136,195,68
203,48,198,164
70,137
167,177,308
7,8
310,227
1,314
304,136
140,44,216,13
38,209,248
72,172
117,36
325,121,256
128,245
118,230
136,59
30,231
149,144,56
134,192
244,217
178,54
275,59
165,292,188
84,7
263,103,56
97,71
110,161
140,147,191
201,140
18,202
207,281
140,223
140,129
196,138
160,75,296
212,12
98,304
169,128
49,26
153,75
186,42,188
68,229
26,184,282
324,140,81
73,281,185
155,272
37,57
221,117,150
27,185
219,252
24,238,129
194,43
120,304,219
181,61
186,206,300
172,37,202
182,122,257
129,195,59
136,0
291,290
117,105
98,64
310,79
19,159,145
86,271
17,102
205,43
305,163
132,211
172,17,65
258,279
250,3
283,71
59,95
106,308
28,249
205,221,228
110,24
300,92
219,41
58,301
78,251
188,76,232
185,101,214,74
254,255,218
46,202,154
93,89
98,269,71,296,259
63,60
63,125
92,32
136,52
166,229,230
215,313,28,104
87,142,170
149,43
111,265
112,233,49
302,210
84,300,1
105,137
5,34
83,183
247,71
68,90
224,136,21
89,248
180,56
208,180
6,71
159,8
232,258
215,251,161
257,261
101,74
0,3
215,169
107,80
169,36,165
316,119
12,254
238,296,211
75,288
227,1
103,289
129,111
10,302
46,99,277
70,120
275,100
94,136
151,205
2,114
37,119
98,137
263,165
216,23
49,312,77
257,297
17,238,76
159,283
293,195
5,37
161,121,185,160
98,240
195,266
43,263
205,268
40,64
139,14
23,81,225,148
214,237
140,40
110,90,214
130,269,172
265,148,7
190,59
245,83
1,162,189
260,287,24
120,137,164
2,162
57,241,239
165,21
110,185
215,121,304
262,249,112
149,16,103
84,60
61,304,41
268,88
84,120,191
189,138
11,53,197
72,262
204,131
153,108
220,63
35,14
235,228
146,296,207
136,161
242,277
257,9,153
175,268
36,124
65,113,162
61,53,118
306,115,263
284,240,121
112,106
188,68
126,278
75,153
32,217
315,183
74,249
156,36
34,141
37,133,60
186,141,138
167,29
198,48
326,219
56,82,289
64,96
104,101
43,14
262,148
275,315
123,177
98,161
110,50,27
307,236
31,60
160,216
176,181
183,14
44,153
26,174
210,238,98
185,251
15,165
299,46,29
236,153
31,249
29,259,7
127,79
204,190,166
236,287
295,292,127
143,5,87
106,81,8
261,281
59,178
44,75
142,187
107,179
197,118
48,303
103,186
1,66,3
7,297
102,19
29,47,23
302,236,29
273,134
244,174
63,208
266,118
203,28,159
216,269
178,122
239,143,292
137,240
37,131,14
108,37
234,162
77,82,32
245,191,246,156
60,285,166
284,105
265,59
92,206
233,312
258,37
54,211
43,56
80,140
74,269
267,238
52,53
154,33
219,317
108,268,59
33,227
17,98
88,127
232,193
179,159
167,226
126,220,237
112,308,153
266,118
19,154,236
219,174,211
91,251,132
206,227,92
227,85,151
137,98,283
121,182
79,140,75
101,269
153,261,112
133,127
98,37,172
81,48
106,265
142,178,190,128
19,23
116,52,244
95,310,196
191,58
154,159,164
32,217
244,182
238,99
240,110
116,36,100
238,302
147,118,21
320,159
100,150
87,15,27
130,132,91
163,307,234
256,72
216,211,179,140
122,272
170,149
193,133,196
169,135
182,8
229,1
2,294
215,65,238
284,102
197,292,271
35,127
75,24
12,152,71
219,79,223
138,193,133
116,196
169,262
301,128
223,202
59,16
29,208
308,13
232,217
292,165
136,89,162
68,191
80,79,106
31,156
64,137
12,51,269
312,19
168,207
192,217,232
203,201
44,102
65,231,215
101,148
7,310,207
141,161
49,137,17
79,81
135,176,208
149,119
80,261
294,16,205
143,300
103,131,43
266,1,293
127,60
235,285
100,17
102,204,9,53
202,130
17,52,219
263,92
216,212
3,183
14,209,183
272,196
190,3
23,10,204
255,103
1,21
159,6,8
13,19
102,160
106,75
297,225,264
47,225
130,40,79
0,224
144,20,79
67,2
265,216
130,160
191,170
187,268,15
201,225
29,223,296
110,284
62,25
165,263
154,64,184
182,56
66,59
159,320
224,89
247,42,253
57,68
105,38
238,99
91,235
32,128,83
218,98
72,243
183,122
109,235
79,23
242,285,166
49,31
42,5,321
76,127
108,36
60,248
55,138,155
183,128
144,258
28,254
80,23
225,274
170,59,237
151,36
282,48
304,269,231
183,141,192,232
127,84,209
81,282
317,26,65
77,251,262
207,47
48,199
140,233,111
228,62
83,217,203
37,79
209,227
170,193
54,119
240,51
48,5
136,323
296,164
40,18
112,297
268,205
263,234
155,142,89
241,105
102,104,91
23,69
82,197
291,274
90,235
53,3,293
96,137
247,240,51
233,97
104,238,111
108,37
18,212
122,55
215,77
153,139
248,87
5,209,263,205
209,131,292
190,21,224
278,187,136
154,159
80,19
169,31,285
128,134
132,104
61,229
89,143,208
239,243
11,10
259,68
182,247
173,102
120,91
15,60,125
202,164
294,114
8,202
95,8
131,128
193,105
18,137
159,207
267,310
125,32
127,282,99
215,52,250
160,184
162,3
8,64
98,169
104,161,132
37,5
238,153,299
96,72
89,237
133,54
50,286,74
111,49
43,19,151,243
291,4
255,81
151,243
178,128
271,59
279,125
150,25
154,62
116,15
17,65,102
196,135,232
5,20
6,77
269,185
153,299,75
131,166,150
83,183
19,307
183,162
146,184
46,45
187,59
183,83
52,182
185,215
159,102,121
114,5
53,128,245
235,271,5,306
141,3
137,40
225,203
72,74
315,94
221,159
295,5,14
94,197
187,31,68
20,103,292
31,151
239,242,38
19,277
269,312
155,83,82
289,15,180,147
253,47
2,300,32,136
213,254,187
121,207,137
70,49
51,210,6
155,178
201,210
304,71,231
20,5
94,2
72,17
11,159,79
40,240
215,161
48,310
166,306,149
18,168
145,71,161,64
37,314,221
253,171,212
28,145,110,97
87,136,311
59,126
169,188
263,271,230
148,211
60,127
173,243
79,202,9
256,121
143,166
56,181
13,160,306
154,8
253,168
32,95,35
190,118
98,18,72
8,23
29,52
127,94
88,196
257,210,146
183,178
319,108
121,64,159
137,317
216,286,215
219,161
146,29
53,293
33,117
306,40,146
137,37
182,52
17,279
208,285
281,238
183,118
153,159,49
40,42
143,60
31,208,32
125,128,225
318,40,121
143,242
92,271
32,193
122,196,276
196,122
98,40,52
321,179
94,296
306,266
266,268,133
189,197
184,93
241,150,230
92,4
52,28
190,87
251,71
181,32
121,219,91
254,207
34,131
55,273
217,234,237
27,110
285,34
227,63
177,258,156,55
310,216,200
128,245
262,160
181,319
81,48
149,31
170,118,128
102,28
127,20
202,72,71
21,228
94,195,275
135,122,88
312,1,270
266,258
151,112
279,231,182
19,11
276,133
219,214
58,16
263,131
25,174
174,211
82,191
312,203
192,61
196,315
282,9
150,137
238,256
145,244
114,36
186,37
103,14
125,37
170,142
23,297
133,187
188,109
286,160
70,160
0,191
0,2
263,127,61
70,171
23,223
11,173,13
98,12
155,128
169,68,309
192,295
220,63
39,291,250
14,195,205
62,0
94,181,2
6,238,80
115,285
57,230
191,246
121,254,152
225,12
233,261
18,182
74,26,160
197,314
112,238
174,26
182,52,184
171,137,284
285,5,205
17,25
23,140
116,117
136,21
153,89
244,17
137,305,304
200,277,216
227,57
225,87
209,100,113
116,113,150
34,16,289
218,251,274
65,269,157
88,89
6,200
108,125,212
120,251
254,106
204,103
121,74
37,180
186,143
92,105,103
114,43
24,111
182,121
102,160,120
162,21
181,32
26,218
169,188,84
151,119,36
251,161,91
1,323,133
105,143
12,193
277,198
249,304
67,257
247,168
219,70
161,256
321,98
209,260,110
0,59
196,68
294,144,56
104,102
73,70
274,28
254,215
18,64
23,164,48
207,79,11
210,6
216,139
38,239,29
316,237,155
83,52,135
8,296
170,117
266,219,58
273,142
173,137
216,11
134,156,55
104,120
183,246
12,78,203
14,5
46,44
83,8
43,31
118,107
162,217,65
153,212,262
16,103
87,178
61,147,141
250,91
125,149
55,83
32,137
6,159,11
290,161
103,63
184,197
91,185,70
75,47
136,1
41,14,263
266,224
231,52
57,169
255,154,203
259,216
118,294
204,143
268,159
41,306,116
56,103
37,260
73,284
59,170
50,214
226,203,154
161,219,174
89,1
125,169
159,207
18,152
1,286
236,93,201
200,9
318,182
63,151
200,149,265
23,11,200
207,13
108,150,169
281,277
216,154
292,263,294
120,77
106,153
251,190
174,260
2,266,88
180,37
74,185
63,91,287
143,191
160,98
105,125
213,137
72,50
260,163,153
162,59
179,80,49
215,132,313
70,305
81,203
89,88,136
89,232
294,63
253,279,131
240,121
136,268
143,35
82,273,276
230,5,177
92,36,263
196,177
294,105
262,66
7,185
266,0
148,11
43,127,209,31
136,269
229,227
147,175,136
151,3
258,196
236,99,139
137,236,308
183,194
84,118
287,107
1,136,84
9,97
130,17,214
3,159,84
202,146,236
244,168
84,68,169
32,191
224,126
269,249
53,181,191,32
197,178
16,209,306
217,183
14,131,263
236,265
117,243
81,49
237,83,224
127,14
57,186
37,228,116
101,318
65,317,214
232,188,180
65,160,274
228,103
86,190
71,23
195,61
68,2
239,150,271
251,48
62,134
125,285
29,112
128,253
125,293,245
282,49
130,174
189,258
180,268
42,153
111,283,317
243,208,220
248,277
97,39
259,166
70,24
183,178
118,237
276,101,115
90,29,176
159,277,44
31,60
179,219
6,159,296
3,268
59,47
206,68
48,81
36,220
28,110
117,63
151,95,143
160,266,78
31,242
1,178
92,208
151,117
2,92
228,149
192,276
239,29
188,237
207,210
237,109
115,246
18,244
49,188
11,44,193
163,43
184,82,112
286,12
106,80
113,118
71,118,291
52,269
229,118,108
56,219
10,53
186,57
273,102
98,97
93,14
25,317
131,103
293,53,66,59
260,7
149,166
110,215
238,45,216,153
15,7
1,88
193,135
292,295
158,11
277,6
43,31
311,187
120,214
98,291
49,179,265
190,237
140,51
132,131
164,305
141,61,234
106,213
121,212
220,221,4
133,319
79,155
205,306,204
217,222
239,243
141,266,53
8,255
159,23,48
24,312
106,267
301,232
89,217
92,227,235
67,237,3
24,106
52,10
141,126
38,131
151,36
190,266,136
9,277
227,68
104,90,27
141,59
142,273
182,184
240,231
148,11,154
283,253
188,116,159
79,137
298,216,277
27,237
300,285
61,134
233,238,308
224,88
240,18
149,15,294,119
31,170
205,35,218
153,48
271,43
189,103,142
300,35
170,227,108
196,133
154,40
37,92,25
150,25,36
274,219,291,161
287,182,17,72
137,283,210
194,204
183,170
19,97
169,4
202,159
104,214,90
159,79,48
0,2
135,177,258
246,258,170
289,43,263,103
19,236,207
5,43
191,178
198,7
291,172
52,8,36
262,40
141,3
21,82
127,149
89,88
247,83,200
183,181
111,303
56,20,127
13,70
112,26,137
127,93
125,127
182,51
15,268,127,56
58,138,175
19,320
98,171,73,18
221,5
157,182
221,237
121,66
79,200
55,266
277,23
142,36
287,288
236,253
128,82
91,313
124,33
280,52
103,180
33,285
37,204
93,21,83
73,213
61,1,170
234,92
1,289
121,152
201,159,297
305,247
271,29
92,68
6,146,264
235,196,126
6,29
198,179,44
24,110
87,54,32
79,7,81
169,105
6,200
87,147
278,260
61,192
271,151,116
180,127,150
78,185
94,0,245
308,299
201,296,146
320,80
51,4
210,69
223,96
110,133,150
33,272
86,180,271
239,20,234,237
292,205
104,161
93,147
225,81
268,252
269,28,234
236,19,75
180,125
132,185,274
105,316
112,124
234,61
224,122
219,262
16,131
125,206
78,79,102,174
162,272
187,232,24
188,34
151,309
277,238
254,70
229,169
172,12
246,77
238,80
234,59
135,273,196
218,71
238,110,8
146,106
212,201,121
263,21
195,95
146,259,159,7,48
159,8,146,257
245,141,93
320,148,9
190,141
8,267
134,266,183,54
280,219
149,204
91,27
179,46
151,105
33,216
92,188
235,42
103,292
13,139
262,145
283,247
56,105
226,106,216
51,6
261,46
60,183
277,282
222,58,183
210,158,200
52,253
113,232
246,11
32,276
154,79,225
266,141
308,179
32,170
224,273
157,159,296
181,273
140,287
175,273,306
186,60
270,263,34
114,37,116
42,31
151,224,193,217
192,196
257,304
64,200
199,23
127,86,20
81,23
197,252
125,135,81
182,231
186,5
13,112
210,48,164
100,33
183,54
161,104
160,134
103,295
36,253
307,24
259,202
130,254
126,1
188,220
260,112,22
8,11
48,288,198
130,174,26
136,190
171,244
225,24
128,189
213,282
200,201
160,251,225
4,185
279,244
261,106
8,146
157,315
83,181,1
233,140
161,104,160,120
296,150
265,205
90,80,288
234,195,175
196,194
213,265
170,249,191
59,3
293,237,22,275
265,46
237,141
84,206
66,136
173,251,74
214,97
99,157
172,25,17
160,102,41
130,17,26
130,121,70
155,95,82
121,12,309,212
58,170
18,212
68,188
239,93
248,179,108
224,88,94
238,317,50
235,238
274,84
146,303
133,191
84,92
282,52
111,307
90,26
307,6
3,266
268,205
186,39
98,40
14,16
310,21,253
146,11
73,212
137,280
74,291,145
55,86
142,193
179,302,236
32,83,276
153,6
307,44
269,71
52,238
50,39,154
15,169
169,243,271
277,81
227,0
232,103
68,202,57
132,192
283,137
127,38,109
58,316
210,225
84,125,37
287,24
194,178
235,204,131
208,125
317,77
1,206,117
205,228
202,112
143,20
108,4
202,154,23
105,125
115,292
287,260,236,24
157,50,231
169,271,227
200,210
250,159,247
222,258
204,205
63,159
109,188,227,86
36,220
129,244,91
136,236
84,82
160,317,214
79,255,6
251,47
103,204,131,165
67,252
214,164
180,135
153,7,215
269,50
182,121,96
265,23
271,123
9,207
155,273
8,159
178,2,205
238,45
36,162
251,91
291,251,215
170,190
232,95,273
100,103
104,325
94,147
157,174
112,302
287,312,8
18,214,219
180,103
162,188
91,27
209,88,180
223,8
116,241
316,125
225,203
99,267
71,98
118,258,211
135,134,156
263,131
207,105
95,118
299,23
82,83
125,19,273
28,71,77
301,245
271,141
242,125
159,186,37,271
170,180,116
317,77
287,140
100,117
144,56
78,40,313
71,244
268,169,305
239,76
51,121
125,194
238,216,263
216,269
262,274
136,62
81,310
35,43,209
293,66
265,9
292,165,56
162,181
20,205
170,93
227,204
182,112
146,182
87,136
207,48,200
205,34
205,228
3,87
42,235
92,130
277,170,105
296,223,8
191,224
103,114
325,317
32,36
90,132,91,214
142,307
44,298
59,141
229,100
65,218
282,9,225
14,16
232,216
6,159
43,169,56
129,99,79
121,117,253,65
50,24,249
130,287,286
309,57
150,52
287,216
128,201
79,203
43,242
23,121
137,97
43,294,2
71,65
10,11
21,3,2
21,190,54
231,190
183,235
157,212
21,195
16,204
188,268
264,157,7
244,182
9,29
20,292,263
205,154
97,216,310
122,194,283
110,185,91
2,33,195
36,150,68
245,239
83,177
186,41
265,282,200
169,37
56,35,186
226,174
289,192
170,191
7,310
116,265
167,10
232,222
213,40
192,55
38,68
154,48,6
64,102
77,48,137
218,40
49,80
219,104,182
16,277,102
125,180,63,117
286,148
258,57,107
79,11,81,159
146,46,159
71,257
196,156
207,159,225
170,192
306,4
245,246
265,103,169,71
96,71
121,113
104,57
237,95
128,178
132,282,216
122,273
7,216
37,169
104,279,284
195,175,2
321,299
184,167
232,58,183
100,43,143
132,182,70
196,273
235,31,95
138,59,187
257,48,7
172,262
153,6
91,17,77
19,223
20,103
59,71
218,50,160
188,108
149,15
10,8,261
64,70,182
246,93
27,251
279,74,23,132
240,225,107
43,75
83,166
292,35
228,242,125
27,284
81,79
179,18
207,13
313,226,140
302,139
200,23
73,219,28
1,62,134
170,1
150,133
287,207,137
106,24
148,106
121,157
100,223
11,210
190,276
46,112,106
145,119
14,101
169,180
137,11,244
132,251
1,61
215,222
291,91,28
95,83
13,236
87,36
121,110
198,259
37,57
257,185
52,215
36,296,83
150,100
247,166
142,61
229,195
106,207,296
52,240
137,78
216,140
91,28,219
153,90,279
204,33
154,164,104
216,277
225,48
68,109
159,264
153,46,238
180,150
86,15
285,14,149
235,194
283,313
80,200
37,239
37,127
166,60,43
108,121
312,132,140
207,296,69
46,231
135,196
252,23
83,166
38,143,31,35
76,6
117,239,36
43,31,306
54,82
191,32
180,169
206,263,149
293,21
67,271,143
137,293
239,84,116
103,34
73,157
21,147,224
87,90
137,297,172
53,61
268,20
283,284
243,216
49,238
117,316
37,258
299,44
24,80
253,283
5,208,205
55,1,197
82,178
48,213
212,157
29,243
195,1
158,11,159
120,211
148,13
183,61
205,266
271,232
240,64
169,227
271,180
237,7
60,271,5,105
104,185
282,11
186,180
107,75
191,177
187,103
169,142
47,128
111,307,236,216
109,21
200,29
140,276
169,57
268,108,103
180,169,206
178,133
197,88
88,118
200,111
31,232
68,170,137
280,89,74
190,2
55,162
172,250
83,227
15,105,271
159,8
271,243
42,199,132
216,287
144,221,177
83,263
124,66
24,7
117,56
157,286
263,205
103,82,36
210,111,267
237,234
89,118
263,43,103
236,78
121,170,21
122,55
114,42,38
160,102
142,165,309
256,73
27,130
215,73
52,152
133,259
10,79
260,111
8,238
54,1
130,161
44,75
218,51
2,85
247,6
137,121,253,64
153,238
302,139
27,17
295,42
271,217
193,177
86,309
38,14
231,179
192,89
23,216
110,185
83,32
184,287
92,66
29,210
132,185
82,177
98,283,40
153,44
3,128
104,130
286,271
133,273
197,21
50,161
151,33
306,127
172,110
11,81
243,21,184
74,291
111,99
140,70,107
86,166
159,310
50,304
159,265
261,290
83,95
7,154,29
247,253
79,225,264,277
52,215
127,43,285
149,26
41,200
8,19
170,259
291,193,48,5
100,230
111,19,140
205,165,326
24,70
103,133
159,199
131,227
68,169,108
84,128
21,177,83
55,177,123
159,164
157,263,246
305,256
223,40
237,183
112,13,287
208,220
147,46
234,150
236,211
191,137
38,107,162
203,243,265
73,70
68,169
182,287
2,3
269,249
103,42,66
87,254
33,68,188,169
54,273
207,257
271,31
31,0
95,125,246
231,64,253
250,240,238
83,142,87
122,273,142
41,165
117,82,268
121,17
306,102,179
238,46,212
144,311
174,102,50,65
255,225
120,110
183,237
201,214
285,196,232
141,273
169,272,230
202,161,65
269,11
95,32
205,143
43,228
41,268
277,180
37,80,25
215,84,177
6,262
10,146,9,159
194,306
66,25,14
98,72
1,170
14,292
48,255,70
208,14
317,214
11,111
60,248,131
42,150
11,110
198,18
238,164
150,296,16
101,174
98,119
257,154
132,91
307,121
104,97
262,65,291
94,61
79,216
36,124
32,191
157,256
238,226
251,52
212,283
225,28
4,74
44,49
202,326,185
28,65,132
25,262,102
65,206,73,207
269,236,74
260,236,302
152,121,256
237,181
89,87
214,74
55,95
302,282
21,92,59
36,14
24,253
144,149
23,29,253
137,185
197,195
63,114
153,52
94,32,181
218,98,259
57,149
108,37,92
65,101
90,39
263,205,268
288,210
144,137
257,6
197,32
192,131
164,146
232,156
127,103
112,90,8
276,66,285
133,190
132,65
59,195
160,91
237,162
82,196
123,118,53
130,215,296
76,231
53,141
218,145
243,151
134,55
246,32
127,205
21,197
137,72,253,213
24,106
159,223,146
166,228
190,278
25,204
68,186
184,265
46,240
150,209
104,291
78,160
312,179
288,238
106,320,75
285,183
77,97
82,32
310,282,153
172,98,137
108,37,68
5,205
40,225
244,299,81
169,248
6,8,231
194,191
121,216
245,83
54,283
62,141,293
208,150
84,169
29,199,146
312,80
124,125
99,112
159,91
53,252
263,289,41
5,242
274,81
265,80
140,6
112,267,99
17,159
218,200
180,36
222,123,232
19,13
44,71,209,20
39,71
271,273
175,192
24,111
195,53,1
257,29
84,235
291,120
63,147,232
52,65
111,254
241,300
129,159,254,185
92,268
116,285,217
160,251
114,150
13,11,253
212,4
14,31,57
287,288
199,226
7,9
285,14
195,169,39
131,150
38,177
27,257
46,238,6
15,84
121,145,173
258,135
268,92,143,180
273,55
244,249
100,241
50,128
208,143,61,84
121,267,281
292,131,204
227,245
68,186
55,135
48,8
235,89
183,83
86,151
140,9
17,27,130
52,121
70,265
219,102
223,225,320
183,165,83
294,108
16,127
104,130
6,159,326
165,204,206
20,264
159,179
118,266
247,182
26,280,317
114,16,56
24,102,78,49
32,232,133
31,205
187,2
283,64
56,235,270
236,256,96
14,43
161,317
289,165,118,183
266,0
292,95,34,18
277,32
240,70
31,114,235
214,78,218,77
52,61,185
188,68
62,293,53
221,32
18,40,160
108,118
131,135
238,6
12,132
96,121
137,174
231,102
153,121
60,43
2,103
218,10
80,214
51,104
272,310
165,114
106,111
163,27,172
86,83
245,205
202,145
269,91
101,161
303,29
9,23
50,219,160
121,72,71
295,251,220
144,131
212,26,50
280,262
72,154,253
238,308
231,240,304
245,196
195,0
15,205
15,289
271,188,68
317,80
154,188
186,118
128,117
22,182
43,20
257,159,207
179,317
185,127
104,262
182,154
182,96
190,0,187
66,3
60,238
179,49
63,84
27,51
51,263
285,20,150
205,76
73,121
243,275
159,102
46,267
255,137
284,218
68,258
131,230
6,237,78
48,49
227,271,76
157,49,166
201,81
251,7,218
165,140
14,55
167,52
18,240,137
265,288
47,65
227,219,56
183,273
120,271
169,92
191,77
283,121
169,92
293,159,154
275,138,147
76,59
309,237
260,216,24,179
72,312,110,162
170,93,193
293,183
201,79
206,229,186
196,21
67,191
83,71
187,258,200
252,187,89
240,64
215,219
103,93
132,277,52,65
219,41
132,19
109,86,1
137,167,286
239,109
15,42
293,59
169,242
174,27
70,182
321,140,260
146,106,307
205,135,165
31,16
248,205
149,31,60
209,186
105,239
89,55
6,132,160
179,267,288
236,80
117,241
65,129,297
111,207
205,225,180
89,0
41,26,135
210,48
236,199
196,55
75,108,143
111,231
63,84
270,85
185,269
225,146,154,106
117,205
82,55,193
5,270
21,83
41,109
195,21
1,194
287,121
47,9
312,211
160,218,250,102
101,52,247
21,221
17,104
143,268
300,103
107,207,75
72,304
13,179,254
30,77,96
195,60
186,63
53,234
185,215,172
62,187
189,1,275
134,56
2,125,231
156,196
36,63,230
90,188
196,127,268
133,86
76,93
37,125
106,50
3,118
235,266,136
256,240
199,201
1,273
224,53
40,73,212
246,193
23,114,105
134,258
210,79,216
3,238
48,228
153,216
112,66
105,82,68
234,269,3
24,125
110,137,23
281,153
19,198
245,155
166,125,165
227,119,41,60
237,21
197,53
162,109
231,44
26,65
7,23
134,135
131,208
31,251
210,61,99
32,219,29
102,214
135,229
127,125
66,1
90,110
132,110,78
8,257
62,217
40,65,216
69,255
24,260,236,75
116,220,37
187,266
119,3
23,116
36,240
84,51
40,182,286
33,16
61,266,54
204,20
206,108,169
75,201
94,257
265,127,150
301,177,95
24,11
104,146
207,154
188,33
194,138,246
247,321
95,21
11,146
95,143,283,266
131,205
260,219
210,8
191,134
53,263
61,293
9,79
185,28,219
20,226,125
96,203
93,222
186,36
73,279,225
15,127
84,131
0,24,65
34,143,60
145,168,121
250,28
74,52
198,173,253
269,215
241,36
159,225
161,215
95,183,83
98,23,29
164,265,106
64,164,236
80,276
231,179
93,118
213,29
13,231
281,44,153
14,5
170,142
137,120,47
82,258,55
65,160
13,312,129
236,261,139
55,132
6,250
238,102
124,81,52
169,68
273,217
49,99,111,24
28,65
183,181
4,180
236,183,17
164,210
5,296
160,219
46,45
62,2
273,192
102,262,218
90,159
20,149
113,274
266,130,99
199,159
277,80
319,196
131,144
309,36,1
17,240
128,153
127,128
210,47
166,143
188,68
137,72,212,160
263,252
81,201,6
18,253,64
143,306
183,37,141
183,169
214,132
145,174
92,169
196,32
105,21
103,89
119,125
71,279
64,121
104,137
152,98
98,121
257,6
82,196
107,75,236
125,31
37,300,4
271,60
202,172
129,179
98,168
17,147
215,130,249
271,60,61
222,142,196
172,240
317,25
38,127
292,306,43
28,153
242,125
110,120,39,91
127,68
105,159,43
251,215
218,41
265,132
243,33,150
185,101
101,161
108,136
242,292,25
253,54,3
41,218
219,218
94,197
43,273
276,237
36,116,4
271,116,221
24,236
235,285,94
198,8
192,151
28,253
32,258
97,137
70,137,72
1,237
178,123
137,104,107
212,154,307
203,277
103,214
294,41,230
268,101
10,255
76,180
6,164,48
227,92,180
49,307,281
282,8
209,16
278,147
137,183
140,49
59,206
209,34
185,251,102
237,2,61
164,16,183
205,172,136
165,85
44,267
250,215,161
264,179
37,125
132,72
244,51
309,36,208
66,3
265,75
94,60
191,49
76,18,171,14
227,188
83,128
26,161
145,137
159,29
198,17
223,159
89,178
71,52,240,247
105,292
107,236
125,100
310,9
81,13,8
223,209,195
106,19
52,121
216,179
36,150
227,114
246,237,59
185,91,18
121,102,269
37,169
178,118
138,205
48,80,146
183,177
303,286
142,3,36
293,61
200,79,81
33,151
317,21,102
43,205
252,59
76,56
180,61,181
256,52
128,245,181
92,5,36
305,279,106
61,278
137,98
99,112
240,182
89,293
1,87
263,41
283,114
2,92
155,276
159,168
160,102
114,93
293,65
136,178,137,247
247,249
20,103
191,222,181
315,205
50,215
6,264
246,276,170
178,196
250,136,93
164,159
123,54
256,50,208
155,232
47,296
131,269,317
28,120
238,153,44
204,292
119,229
160,280,174
272,292
219,196
269,86
44,179
17,310
267,238
153,140
273,32
41,218,280
218,19
246,177,21
24,44,281,140
41,172
169,95
171,71,70
280,102
120,161
23,201
159,296,48
239,55
253,142
16,289
136,3
38,16,41
138,276
53,103
102,25
117,84,68
296,225
65,102
36,150
127,143,131
130,26
114,169
76,224
227,248
114,285,43
252,204
28,282,199
217,177,185
161,218
132,185,214,91
219,127
258,32,37
149,100
67,83
226,282,277
58,143
264,216
211,267
252,195
89,134
179,24
141,89,1
52,86
103,14,131
256,213
272,95
210,14
31,275
265,46
9,21
174,290,215
214,117,49
287,106,202
297,226,277
231,262
241,31
269,182
205,135
303,305
59,68
193,58
196,2
295,233
64,70
99,44
238,267,112
103,56
116,95
107,233
6,164,148
216,259
308,13,265
235,319
86,170
211,46
25,205
7,57
294,179
192,276
60,252,269
37,206
107,212,68
229,5,56
212,101,72
114,56,125
140,19
52,83,62
181,258
212,71,75
45,238,267
64,7,71
283,190
227,25,53
3,54,121
95,181
171,151
21,55
161,99
247,11,176
185,313,104
132,70
8,225,223
24,255,152,213
169,193,1
169,271
104,18,28
14,84,34
229,204
103,315
271,205,306
305,138
262,50
31,300
120,262,26
42,131
23,265
180,85
54,128
185,251
48,316,136
52,132
17,6
124,208
263,56
251,17,262
178,136,170
88,101,71
60,186
197,21
52,73
55,2
315,116
235,169,315
108,76
236,307
68,274
97,154
166,205
9,75
105,64
131,165
154,247
205,14
24,287,140
75,263
94,150,246
96,136
11,225
111,153,72
182,130,28
159,326,310
28,226,312
13,70,140
218,226
53,215,159
50,51
48,80
263,127
135,83
84,56
100,16,131,306
159,164,265
31,230
131,61
268,101
269,12
90,52
190,82,55
238,211
252,88,118
268,131
282,154,259
235,103,143
144,302,80
218,26,247
314,225
68,266
5,88
50,2
111,267
319,194
162,86,59
238,153
291,290,269,163
1,234,82
218,40
216,203
188,175
98,213,12
238,261,211
305,182
266,197,94
112,24,238
83,181
237,119
185,110
199,146
169,316
287,127,234
177,162,176
179,44
65,280
231,78
275,87
11,6
197,3
151,169
38,125,35
49,6,265
127,15
36,221
79,154
4,319
75,207
131,97
29,79,78,39
283,137,168
13,44
183,156
277,219
55,54
190,59,234
203,255
279,231
200,225
238,312,233
154,253,102
170,55
319,150
264,6,291,179
181,53,125,42
29,11,296
179,148
40,212,121
251,250,132
31,72,308
267,265,153
179,291
208,228
180,36
202,163
157,23
205,88
150,25,118
135,273
254,137
252,21,187
99,238
313,17
296,91
21,82,289
134,165
199,189
57,86,37
52,212
286,137
216,112
45,265,44
12,152
75,81
112,63
319,1,195
32,177
18,72
114,165
271,131
14,5
185,269,173
132,77
266,86
176,61
162,227
91,39
133,196
274,102
240,104,39
108,59,132
75,216,160
153,48
98,161,154
246,127
79,297
75,260
92,105
277,52,248
267,308,19
5,271,35
83,18
79,8,257
297,45,225
253,18,212
240,51
195,183,1
56,196
5,68
178,195
103,204,16,263,235
263,114,131,20
116,88,266
5,186
149,31,125
142,32
6,159,79
313,249,277,9
78,262
266,315
95,178
187,62,266
227,68
177,196
118,1
80,159
11,24
313,74
121,73
124,125
29,23
196,156
48,154,179
72,96
149,265
116,188
243,265,82
166,149,15
108,188
182,168
14,242,4,34
6,210
315,228,270
110,121
128,290
132,291
98,157
49,44,236
161,97
169,37
294,199
40,223
297,23
236,179
212,18,283
65,291
153,159,161
285,94
242,31
53,136
55,138
186,36
68,21,5
191,8,263
242,220
231,274
11,283
186,33,143
182,81
227,133
259,210
276,55
269,6,52
142,156,170
235,294
277,9
154,23,282
262,89,138
292,83
88,126,87
266,87
127,31,36
98,167,71
154,148
84,173
11,19
222,193
306,166
207,159
208,116
29,159
29,178
64,240
201,8,9
195,108
221,246,170
80,267
280,25
224,90
160,265
60,127
53,84
292,20
89,55
97,283
269,286,101,18
170,121
246,135
21,2
153,312
277,69
234,155
164,29
255,297
127,235,84
95,133
12,163
210,6
153,265
144,95,191
51,30,74
172,17
109,38
210,99
59,88
130,140
206,92
220,125
271,31
272,224
205,196,306
36,176
95,222,177
154,19
116,143
52,72,184
65,102,212
131,149
164,10
82,262
108,178
167,286
217,128
41,205,263
38,92,127
2,187
137,7,81
44,267
250,289
83,128
91,97
193,194
162,190
185,79,317
235,248,149
115,271
242,3
80,265
143,82,89
193,32
24,19
48,6
44,207
143,214
118,278
183,196
126,143,213
140,47
190,112
106,269
0,2
68,36,131
316,124,105
89,54
155,180,276
257,307
1,315,293
124,221,169
159,69
245,156,83
56,309
8,10
162,8
304,74
136,59
52,74,12
200,282
90,102
22,82,149
207,225
91,280
24,137
154,81
0,88,59
106,154
246,59
94,109
202,196,19
74,207
82,21
237,1
78,121
239,105
32,66
70,203
1,88
103,16
90,185,77
219,153,1
256,244,249
293,105
238,44
24,267
0,175
213,283
154,246,71
165,131,14,294
100,243
131,241
94,141
105,316
183,127
253,72
32,228
48,10
133,193
148,52,236
212,292
104,132
251,269,182
246,88
62,273
226,264,154,199
314,202,99,297
57,245
166,15,143
259,112
153,99
265,29
89,286
146,11
235,237
209,127
21,72,150
20,183
159,259,238
225,81,250
97,15,235
75,227,18
5,143,116
312,139,211
260,132,29
161,183
16,239
214,101,17
263,143,170,4
198,202
248,191
52,313
99,24
44,211,238
25,60,268
208,136
296,159
89,59
47,9
186,206,84
294,96,3,1
164,219
218,25
297,111
62,263
105,68
159,303,12
97,6,304
97,121
74,65
205,189
0,59
155,108
5,162
239,150
150,253
6,231
159,120
5,234
91,136
137,90
40,130
122,133
252,89,1
54,121
316,115
179,238
137,218,23
1,240
86,38
107,44,6
97,185
23,186,94
209,205
135,21
282,108
217,5
32,232
264,198,226
3,32,134
60,166
159,105
17,200
236,111,49
7,120,136
71,283
41,239,14
315,297,64,172
67,196
143,200
239,127,242
293,170,269
290,251
11,132
179,320
105,157,83
263,5
49,159,260
47,10
99,111
310,225
44,287,233
240,110
199,184
292,294
180,220,33
11,8
65,106
44,23,223
0,53
96,174
28,297,240
223,251
55,221,136
245,122
307,210
228,125
159,200,79
234,53
219,17,132
101,237
102,9
264,201,207
68,109
21,190
305,231,74
132,251,110
183,119
304,169
316,243,105
104,90,50
81,79
27,101,161,74
121,231
208,316
201,160
207,216
108,263
226,37,132
23,225
247,101
180,1
180,238
237,175,118
270,149
220,36
141,133,268
310,259
5,42,285
103,292,20
150,191,180
281,189
264,79
134,273
203,179
84,178,94
294,135,212
116,56
120,47
185,293
73,269
8,287
68,243
168,98
35,165
44,267,260
182,52
287,106
292,14
117,100
307,297
231,208
205,31,178
265,40
22,2,187
220,124,36
138,21
271,186
289,294
151,57,143
180,109
135,128
105,183
265,82
59,128
309,0
174,26,102
178,273
73,290,153
32,232
196,136
102,280
146,282,198
117,125
103,190
262,140
210,9
2,234
104,52
80,265
82,177
232,301,209
48,79,303,207
4,149,14
262,218,27
36,191
66,32,156
308,299
64,218,70,98
84,43,131
108,206
188,286,261
208,36
292,51
49,7
127,285
46,159
225,207,159
82,247,188
265,49
180,271
112,6
77,215,28
89,187
122,138,83
115,239
92,151
268,191
186,53
92,288
131,243
140,159,10
49,302,9
56,5,294
63,271,114
160,185,251
100,150
220,113
162,151
218,73,39
4,142,89
296,69
253,73
235,57,2
193,178
178,235
182,238
29,201
121,107,218
149,43
179,164,8,46
18,52
29,201,225
105,229
20,131
201,215,259
16,289
161,171
277,79
134,127
304,277
217,144
161,277
128,189
170,193
203,225
213,160,26
159,202
38,289
199,45,75
276,258
288,13
169,108
169,33
101,65
100,166
77,39,65
41,276
16,42
82,133
116,180
79,221
145,65
41,115
130,274
31,127
66,81
170,156,183
189,92
296,112
32,6,311
121,240
240,71,213
207,159
258,54
116,154,143
5,50,81,187
193,150
103,271
169,66,100
198,282
75,318
299,153
11,215,213
273,82,134
127,228,31,35
132,148
285,20,127
204,8
90,256,70
309,188
143,127
111,48
236,302
287,80,52
287,265
79,184
55,191
159,120
92,0
216,277,202
139,46
152,18,171
249,231
143,36,38
196,3,170
44,318,65
15,248,127
135,67
24,296,72
138,124
84,108
167,210,164
187,35
107,24
41,38,31
304,182,184
232,128
265,236
55,108
66,54
24,11,107,240
107,99
131,31
130,241
45,267
246,183,32,54
191,66
150,209
143,183
53,66,59
26,279
220,36
200,309,304
138,195
56,143
209,114
125,296,187
39,9
220,92
231,219
178,70
8,291
170,86
18,121,279
219,212
72,60
246,41
239,193
259,46
39,71
265,194
131,117
153,211
304,127
110,157
308,224
294,103
32,217
291,132,174
116,125
1,311,202
59,224
51,219
131,237,222,156,205
60,227,165
170,276
6,117
81,198
1,234
82,170
159,161,172
159,306
187,141
137,73
287,288,80
251,97
203,9
29,8
37,108,169
183,58,181
88,194
283,210
38,296
100,119
243,116
64,262,90
180,190
7,154
192,178
157,137
29,273
3,237,195
239,14
269,214
200,255
125,127,228,143
252,95,21
21,273
101,161,182
164,6
235,114,103
68,15
133,135,136
75,302,44
1,62,141
287,106
153,5
213,62,64,271
190,2
205,89
37,131
121,113,90
18,215
125,229
6,11
234,273
68,119,37
262,3,95
5,292
99,238,153
89,300,5
307,146
97,291,161
52,216
16,41,108
190,228
59,318
29,44,227
31,150
242,138
236,26,11
80,140
154,296
63,36,119
74,97
109,36
21,88,136
97,91
157,73
178,1
180,186
65,173
178,227
104,29
266,246
267,200,9
132,214,130
99,29,36
1,309
291,102
312,140
174,287
241,271,243
85,271
80,75
1,3
199,148,6
68,1,140
92,149
18,322
228,207
31,186
282,142
149,235,122
20,143
200,168
212,167
204,19
70,1
111,74
50,97
82,205
37,274,178
53,83
60,14
180,119
132,97,91
293,156,222
196,1
195,162,315
307,201
177,319
15,5,285,131
56,16,235
130,218
185,104
263,60
95,232
257,255,7
134,195
103,227
276,183,181
204,162
146,11
300,108
214,171
7,187
156,54
262,97
201,111
153,44
20,275
225,254
52,162
196,134
188,103,221
225,198
5,289
310,257,48
185,262
23,202
224,128,278
16,14
142,122
195,138,1,187
307,288,153
169,100
31,34
153,265
137,102
90,161
153,135,7
40,212
53,188
75,254
100,143
174,32
131,5
29,146,8
307,169
154,296
178,147,276
265,267
219,172
84,14
95,37
182,202,261
271,57
169,283,272
151,220
19,140
36,63
297,79,164
159,146
50,219
78,49,253
146,228,154
303,11
187,136
165,107
89,138,191
234,3,53
247,215
23,24
21,136
248,66,118
271,192,150,169
59,3
13,128,216
265,216
177,207
127,31,38
296,207,8
271,268
240,52
303,57,31
245,133
42,263,5
128,237,159
104,78,110
251,150
31,285,38
65,215
307,282
283,146,210
284,72
161,102,185
92,245,292
87,252,136
9,304
307,210
70,23,317
131,263
98,240,160
304,247
53,1,293
273,55,0
223,314
224,127
5,14
277,214
76,63
143,205
0,234,151
99,243,5
299,317
260,24,265,120
131,14
3,84,105
247,160
13,236
106,73
162,293
19,282
273,54,2
88,84
207,99,257
1,234,3
197,122,1
140,296,19
259,154
138,190
0,55
192,132,170
149,25
221,57
250,27,161
49,202
117,272
71,247
218,172
153,24
276,143
108,73
241,169
169,35
56,205
207,236
55,135
161,212
266,136
179,44
272,94,196
131,20
205,103
121,157,215
277,255
132,136
247,18
132,241
250,270
50,212
290,291,161,132
260,81
42,18
82,196,55
234,57
97,286,132
94,190,3
270,5
12,219
179,129,44
5,246,285
28,25
141,2
125,78,174
248,108,162
184,72,267
181,289
102,167
170,128
277,202,201
183,266
137,271
297,282,81
59,266,237
192,14
228,26
209,296
182,84
260,13
53,3
287,148,75
3,204
23,240
64,73
156,170
45,211,112
277,213
296,115
128,149,237
165,227
70,164
56,292
10,116,78
174,70,218
23,216
188,180
32,84
188,3
217,193,133
21,83
6,236,8
61,66
262,52,256
57,108,206
138,157
225,9,259
167,231,277
152,137,98
130,172
104,215
79,302
114,180
9,8,23
236,287
65,137
9,23
183,181,83
237,191
129,75
79,257
187,83
50,317,41
135,193
26,212,150
66,61,315
59,159
81,154
52,110
31,66
291,91
16,268
74,137
9,135
269,52
162,275
54,232,82
135,82,258
159,137
169,186
155,181,193
218,172,253
103,142
35,131
98,240
95,170
32,225,100
80,140
256,12,74
188,84
222,111
40,152
102,130
108,60
196,192
99,299,265
70,137
16,124
132,305
291,283
168,71,231
250,161
28,29,215
276,272
237,103
319,271,32
13,218,17
68,200,302
90,212
75,105
158,164
153,308,233,112
117,100
76,106
170,176
82,125
215,157
301,153,2
142,134,82
183,206
104,215,27
214,12
243,76,188,100,125
65,97,23
169,187
216,66
5,205
296,71
59,54
107,254,49
9,103,130
153,238
227,231
220,241
56,263
10,159,56
3,118
19,80,265
61,53
127,268
14,205
215,50
76,105,116
199,48
88,136
104,80
210,79
36,169,180
206,292
103,94
85,57,95
203,21,208
224,162
28,98
246,32
79,153
25,95
153,46
233,99,211
196,178
92,231
181,53
54,38
98,172
162,169
11,157
156,134
39,290,78
200,47
196,55
128,31
79,159
121,247
29,13,78,50
96,52,182
240,212,104
127,37,119
152,185,90
19,216,140
96,60
28,283
245,128
20,131
144,204,86
263,42
142,82
234,237
119,36
234,188
192,197
163,244
32,216
23,257
285,266
17,98
291,17
272,95
2,53
121,269
194,222
1,301,133
45,140
89,183
139,321
221,151
29,287,172
127,205
60,141
118,196
25,16
82,192
282,310,7
73,98
283,70,121
5,286,206
223,85
51,171
86,227
231,184
162,66
125,124
60,62
21,252
125,117,108
296,199
143,127
98,251
245,191
271,85
267,29,159
79,281,301
115,21,40
279,285,14
125,271
203,154
128,138
153,75,307
46,99
120,160
116,151,105
292,16
195,66
142,95,31
78,118
78,265,231
231,240
137,18
97,132
84,117
135,181
82,217
105,151,119
24,307,19
273,58,314
141,59
185,51
84,271,208
142,55
0,141
58,122
77,219
276,176,134
155,181
293,149
50,41
141,59
55,32
249,73
36,209,56
271,68
174,110,90
238,255
106,140
68,100
171,26
303,216,9
7,297
224,108
292,83
47,159
235,115
154,9
304,121
68,169
236,23
32,53
80,23
270,34
105,117,109
36,295
32,88,180
205,306
119,92
25,5
23,80
137,182
74,240
281,303
266,1,190
246,187
181,191
158,159
140,46
267,52
216,210,167
102,251
167,18
28,225
312,277,153
241,131
247,157,251
243,196
121,71,12
185,120,269
271,85
159,50
177,272
306,127
117,151
159,23
53,276,180
11,97
16,239
72,70
183,55,217
178,68
137,130
317,102
127,143
188,193
170,196,61,191
80,308,238
255,159
236,19
162,59,293
193,135
258,124
125,76
191,178
253,18,64
92,55,15
48,159
102,79
31,127
18,182
78,104,98
142,215
221,294
242,25
256,2
9,283,313
59,61
208,60
129,111
32,128
213,17
260,69
204,31
145,313
25,5
267,11
71,244,247
307,71
181,95,82,192
180,272
252,224
155,178
277,44
293,243
291,274
48,223,29
140,307
44,11
74,140
108,105
167,253
143,285
61,89,1
73,68
139,140,89
276,67,232
185,40,50
232,273
57,4
7,81,9
43,127
80,81
269,174,236
256,152
257,27
146,198,297
38,27
208,169
302,312,308
9,8,6
188,84,60
65,219,120
262,137
131,235
199,11
12,23
185,77
121,72
29,202
57,37,227
285,86
310,180
46,79
11,69
304,102
143,205
235,169
103,33
202,293
291,90
80,269
48,104
21,191
54,155
321,257
220,315
283,65
103,134
121,211,167
5,15,209
141,193
43,14
219,101
319,73
248,31
262,172
135,177,55
17,52,286
278,189
25,50,65
285,188,3,183
49,29,236
28,240,195
101,29
306,77
65,50
77,14
172,102,41
277,80
159,8
121,225,79,27
16,119
111,140
80,279
282,164
220,53,285,61
4,188
183,170,93
230,4
191,3
152,203,137
215,1,145
64,18,98
256,93
136,83
212,17
308,238,139
316,57,180
26,172
17,52
172,256
202,296
91,304
207,69,159
43,131
205,5
310,137
54,53
188,181
23,223,247
11,211,199
126,65
320,277
120,269,218,303
217,252
57,235
89,57
44,153
130,214
212,325,253
118,237,187
83,0
292,177
196,167
224,230
71,1
283,116
176,32
225,257,207
167,79
243,306
228,252,99
305,302
266,136
282,111
53,32
124,186
94,89,266
103,209
212,55
34,178,180
229,205
77,104
20,169
162,234
325,18,98
293,3
285,170
89,315
39,215,251
191,206,245
80,277
262,251,28
55,4
225,167
140,70,19
205,43,149
131,271,292
161,91,102
26,132,291
51,98,137,18
179,44,216
204,195
180,86,169
287,267
186,150
186,151
315,1
146,257
219,91
5,103,16
