0,1,2
3,4,5
6,7
8,9,10
11,12
13,14,15
16,0
17,18
19,20
21,22,23
24,13
25,26
27,28
29,22
30,31
32,33
34,35
36,37
38,39
40,41,42
43,18,42
44,45
46,47
21,48
49,50
51,52
53,54,55
29,56
57,58,59,39
60,61,62
63,64,65,66
67,68,69,70
31,71
72,73,74,75
76,77
78,29
79,80
12,81
82,83
84,72,71
85,86,87
14,29
88,89
89,90
91,92
61,28,93
94,95
96,97
4,98
99,100,101
102,103
104,105
104,70,106
107,68,30
108,109,110
111,60
112,113,18
114,115,77
116,59,10
117,118
109,119
74,96
120,76,121
86,89
28,122
123,36,95
124,125
126,71,127,93
105,128
129,118
130,109
131,112
132,34
80,133
63,36
134,135
46,136,54
137,5,138
51,124,139
113,140
37,141
142,143,26
144,107
129,61
145,146
29,147
146,148
68,149
52,54
150,151,152
153,56
154,41
155,91
43,119,87
156,12
125,131
52,157
158,22
159,102
101,119
160,33
112,18,161
38,162
108,163
164,87
104,165
69,136
42,166
167,76
21,94
59,168
151,22
169,170
91,25
127,37,171
166,61
71,129
172,114
78,91
71,173
58,43,174
69,7
120,175
26,154
150,8
176,177,57
178,149
55,69,179
14,113
157,180
20,89,181
91,70
145,182
51,131
183,65
116,33,166
155,45
108,184
185,74
61,186
140,187
97,0
45,188,53
123,189,187
190,191,122
192,193
194,191
195,76
13,3
192,196
197,198
79,90
122,58
100,199
37,200,139,125
57,201
202,146
72,172,153
203,100
204,19
158,50
122,205
113,95,173
27,206
75,207
136,196,208,1
209,210
211,36
212,83
213,214,215
156,65
216,217,200
122,120,164
218,113
219,220,147
186,171
221,222
105,153
223,196,193
66,224
96,225,150
226,209,57
128,20
196,192,1
37,227
228,229
117,230,179
175,39,194
76,231
232,111
62,233,234
60,225
185,52,104
98,151,5
212,235,236
237,88
102,238,239
147,240,3
241,149,162
57,231,242
132,106
131,5
45,243,144
178,195
83,244
116,127
213,66,75
153,40,180
164,66,216
134,144,110
53,161
94,67
96,245
114,246,244
70,247
116,122,56,93
60,141
211,166
248,173
131,189
181,78
122,61,182
60,18
155,247,107
43,61
130,13,43
249,28,250
251,252
219,100
227,173,187
36,206
5,23
253,42
116,108
139,156
254,69
219,147
132,11
236,239
115,176
111,56
255,50
121,76,256
38,230
81,139
250,17
145,59
116,42
29,216,158
37,31,60
185,4
70,257,154
88,74
256,8
216,147
32,197
175,258,150
29,209
198,76
224,153,23
259,202
40,34
95,249
20,165
220,260
261,0,62
4,75,215
95,168
157,187
52,236
262,136
215,65,219
106,161,54
58,166,138
213,218
28,66,61,31
244,106,238,161
32,46
37,123
263,224
73,243
264,12
161,265
250,266
68,130
126,163
13,93
265,69
136,238
163,33
166,129
202,267
64,28
110,247,102
159,94
6,12
268,196
51,248
269,13,232
244,52,270
130,271,183
244,223,46,10
165,251,272
156,34
29,130
17,211
195,96,196
216,242,51
239,273
165,97
171,37
187,274,141
220,132
200,124,275
155,118,117
106,272
162,152,155
87,172
276,7,162
229,51
65,277,131
123,205
118,175,195
148,81
54,52
109,278
106,279
128,79
36,226
11,158
0,19,280
46,70,278
257,114
128,265
95,273
168,145
251,57
93,281
193,223
41,53,54
122,28
91,110
234,46
93,13
86,177,32
189,116,205
12,226
10,169
87,136
237,134
282,31,139
132,35,12
7,106
234,41
42,15,255
41,32,53,175
125,229
76,135
89,258,266
94,80
158,148
45,172,82
195,268,198,245
220,94,90
151,98
153,40
84,40
235,55
109,81
182,93
78,72
74,283,223
67,284
122,127
50,171
208,77
230,45
72,105,32
52,185
37,159
285,99
119,193,274
235,274
261,241
263,75,12,222
12,211
151,21
243,179
169,286
1,117,231
257,55
287,54,212
165,198,196
115,231,258
178,50
113,250
288,19,261
61,108
105,159
145,289
27,102
118,83,243
64,48,80
69,91
236,239,85
6,107
236,6
74,139
290,96
100,240
291,12
241,231
249,226
220,64
171,60
158,3,124
29,202
107,247
80,128
1,6,292
65,12
105,41,274
187,241,204
293,294,14
5,61,27
51,29
158,4
186,189
37,161,77
12,158,84
279,287,244
250,51
231,194
276,38,25
6,67
134,26
37,17
275,169
151,37
264,249,240
41,270
262,77
172,149
69,230,25
267,100,157
226,141
198,135
17,113,34
56,147
192,170
40,253,227
136,236
117,177
295,97
161,234
239,113
26,53
142,243
76,72
296,77
14,198
178,135
57,223
113,31
80,249,201,128
297,1
39,266
169,74,256
195,77
87,155
160,93,58
89,295,90
279,298
160,211
229,12
266,170
63,123
83,265
299,148
101,131
211,93
91,278
165,169
300,158
107,2,120
151,44
183,230
40,141
52,234
82,76
91,94
284,243
301,7
159,149,48
53,1
195,180,163
14,30,122
158,284
177,245,230
43,281
15,281,255
20,57
178,231
132,142
302,286
54,121,120
40,168
2,226
222,81,214
52,83
96,6
91,231,165
177,88,121
141,113,189
268,2
112,138
121,178,254
111,53
178,91
141,35,116
58,183
113,226,141
112,206,129
136,303
187,19
288,51
235,110
238,304
7,243
73,274,155,118
36,216
35,221,11
224,294,148
75,76,247
141,100
24,66,51
266,165,39
95,144,2
125,5
224,214
298,89
29,216,12
139,34
297,223
45,132
81,124,259
108,112,13
116,129
305,42
38,243
131,132
255,18
113,37
84,202,210
77,118
158,22,294
239,251
36,120
157,29
241,39,177,170
43,108,184,15
197,306,20
35,12
245,197
255,122
59,43
37,122
155,38,247
247,54
196,136
288,145,187
68,173
188,45,179
197,163
247,225
182,67
221,240,215
74,193
155,7
293,75
108,272
270,238,265
300,183
61,116
261,2
10,20,83
77,1
285,51
282,202
25,243,38
145,123
72,65,114
137,61,42
132,109
231,169,72
275,29
247,225
168,114,74
39,10
215,291
202,5,23
6,134
29,108
243,270
237,20
239,143
122,269,42
161,54,236
111,126
147,216
162,261
19,0,257
223,307
265,152
51,285
184,98
41,280,8
308,45,230
154,41
158,226
254,55
76,136
77,76
221,271,183
21,98
73,225
215,96,302
70,38,61,56,159
158,64,132
61,304
309,197
67,185,143
18,171
258,265
97,96
68,219,78
155,41
93,5
230,310
139,224,12
186,40
1,172
41,144
114,118
196,296
300,253
17,145,37
246,279
68,210
15,216
218,291
267,242
29,273,224
298,191,20
156,132,22
77,198
274,235
72,252,38
149,12
67,246
167,204,178
38,197
40,145
132,215
45,115
51,151
102,239
231,223
40,151
51,224
39,95,175
108,149
311,261,312
40,42
43,30
57,292
182,61
153,59
187,153
59,187
202,100
142,32
26,245
313,188
104,134,111
159,144
73,87
14,58
99,184
51,98
245,76,96
8,78,136
243,212
164,137,299
53,26
54,26,274
213,65,12
132,249
151,299
40,250
5,240
281,122
14,232
302,44
286,245,241
44,120
14,108
272,29
222,102,173
4,98
122,42
244,39
165,80
209,148
81,35
5,224
281,122
42,153
185,87,272
36,40
136,287,257
213,119
198,76
137,125
163,100
116,93
216,5
314,62
160,140
101,22
204,179
118,270
65,15,80
223,97
116,157
131,173,128
73,252
51,281,228
134,2
136,117
236,91,179,0
282,183
217,291
315,281
106,279
89,39
268,94
41,106
35,81
168,11
169,21
312,270
316,40
144,118,114
18,12,293
161,241
245,96
244,91
317,309
182,13
228,64
201,178
148,35
77,96
62,95
61,122
92,8
1,297
123,60,249,187
74,237,77
185,188
126,127
190,135
111,205
39,262,57
59,207,206
155,20,150
178,54
92,236
17,173
201,231
160,15
281,90
150,245
178,194,268
54,26,128
105,290
37,156,171
300,12,291
256,8,39
66,219
126,19
129,98
165,104
239,96
146,157
244,82
135,307
54,100
11,183,132,313
193,261
67,110
112,31
193,318
122,37
20,97
145,40
319,114
239,245
238,42,83
69,162,91
46,83
240,202
61,122,116
97,4,292
224,75,233,130
198,320,76
166,49
13,60
89,136,80
197,302
18,100,81
269,272,15
18,182
72,172
153,40,253
233,200
169,57
191,208
39,252
66,120,134
91,64
125,163
171,180,206
182,71
177,136
31,163
153,171,206
89,262,245
315,126
43,126,272
35,163
151,75
40,182
193,318,77
211,255
20,8
71,182,93
246,106,304
295,25
193,74
115,150
266,231,74
264,59
57,105,2
184,125,75
9,57
299,163
132,293
47,97
40,123
223,78
80,34
52,193
97,32
220,146
1,97
148,22
202,15
136,254
187,178,0
37,140,95
165,46
215,64
302,96
249,9
172,252
141,36,226
295,136,78
173,146,305,264
192,175
293,91
247,25,69
212,54
118,278,82,212,83
141,91
293,184
4,51
151,130
133,175,262
305,190
321,212,281,155
136,76,302
148,109
158,139
118,39
212,257
46,257
29,111
239,32,212
76,258
240,98
256,169
158,294,141
29,255,267,12
96,165,80
161,72
161,234
152,301
108,61
255,28,71
224,322
84,148
178,196
73,207
9,20
189,187
95,281
123,249
70,193,135
57,89
187,173
112,273,205
5,202,84
300,220
270,91,188
261,245
306,89
180,168
264,180,30
69,6
281,122
171,48
240,163
47,287,104
124,164
215,217
154,311,20
163,31
114,2
228,226
13,215
174,60,228
239,208
257,234
4,51,3
87,149
231,77,97
290,144
321,200
252,304,9
303,8
290,69,73
192,317
289,12
111,214
265,93
224,126,51
108,42
130,170
50,213
256,97
217,48,319
238,224
26,2,301
72,143
82,52
254,38,87
169,104
264,16,18
93,252
22,202
89,57
43,15,27
107,7
187,261
180,323
158,137
20,150
281,199,21
116,122
1,74
39,106,278
40,141,126
193,261,97
285,131
136,8
149,54
117,2
6,152
42,37
158,137
74,287,72,77
96,28,314
281,131
224,75
269,281
73,281
186,83
17,95
97,231,0
129,205
267,199
77,64,270
119,291
283,76
93,132,178,289
208,287
178,0
143,238,54
46,81
56,157
196,39
320,16
217,64
138,31,184
72,91
45,38
120,76
151,71
83,77
270,6,41
115,302
196,169
79,54
251,287
31,30,14
50,163
220,11
235,290
268,257
276,107,270
249,265
2,193,320
32,41
64,187,157
68,100
172,193
20,69
215,65
196,88
88,9
254,69,52
68,12,215
226,14
144,73
141,190
71,170
12,147
28,74
144,276
273,20,122
264,137
96,9,77
83,307
1,77
64,250
74,73,77
270,260
43,14,138
175,19
137,42
14,18
219,174,152,107
8,76
284,91
196,1
70,74
75,264,255
102,62
119,289
217,138
195,197
222,156
55,107
77,82,91
207,321
144,179
271,259
83,102
58,168,248
80,256
152,265
165,266
54,301,175
81,202
21,294,51
98,291,137
270,265
290,110
38,7
16,187
226,17,140,289
32,52
181,68
138,301
155,118
256,150,39,193
88,94
278,164,264
1,97
102,80
313,166,113
276,6
283,97
136,150
74,241
50,157,145
246,251
71,126
228,227
96,53,73
274,46,52
51,44,307
69,2
216,157,56
259,147
237,74
97,150,236
67,280
102,169
100,186
93,60
76,237
95,129,27
75,219,217
95,166,273
38,116,82
31,28
57,268
135,181
250,15
127,28,122
122,182,93
42,200,153
131,137
245,193
37,137
179,96
155,230
89,165
51,270,35
118,45
2,97
198,169,245
254,117
12,207,64,229
35,267
177,150,20
0,295
34,215
122,14
104,279,307
227,33
282,216,209
303,8
14,108,123
31,15
71,41,263
258,9
126,61
260,1
307,244,236
270,105
264,171,40
152,230
36,147,51
33,141
15,273
206,264
68,71
206,259
23,148,5
205,141
138,292,296
172,246,225
43,31
241,187,204,0
70,238
91,189,187
41,110
60,18
73,290,67
1,57
62,131
30,53
279,70
133,201
309,38,265
9,10
171,33
119,259,282
169,266
140,18,210
90,136
40,220
14,95
114,319
93,228
151,101
118,162,117
282,1
76,97
175,8
42,269
87,107
62,40
68,4
131,224
177,30
115,97,191
281,95
253,95
83,212,73
151,208,28
111,28
132,293,220
220,122,74
156,139
83,307,236
7,196
69,286,284
27,24
68,259
173,22
74,283,96
199,267
262,68,18
277,267
36,190
97,165,76
180,40
270,152
137,183,5
170,134
249,60,240
12,213
151,263
131,81
267,151,203
18,228
180,186,166
115,117,72
264,171
26,175,149
163,226,171
185,75,284
226,205
22,267
220,275
80,90
188,91
115,270
35,259
238,148,168
45,38,144
293,97
302,79
217,139
226,27
266,74
289,95
12,291
312,1
17,30
78,52
230,247
317,105
60,107,213,47
196,178,134
155,252
45,6
250,206,37
195,276,72
110,26,257
203,14
42,281,129
71,160
20,303,89
301,20
53,257
134,74
155,103
134,175
103,198,224
259,125
73,287,106
142,266
236,32
187,244,261
99,219,4
52,279
231,68
285,158
231,74
151,132
23,207,34
39,286
255,29,238,274
1,80
126,122,248
140,158
263,215,293
100,147,131
250,168
236,41
86,104
155,45
151,4
312,136
287,53
185,6
58,30
143,73,284
180,316
212,8
43,166
14,17
217,66
38,45,118,107
35,223,81
128,78
185,85
229,132,221
243,51
102,260,150
74,309,1,77
10,297
283,117,177
4,282
74,245
45,250,168
79,2,262
119,130
244,86
257,161,235
213,164,291
192,94
72,197
83,301,106
227,33
87,52,142
54,121
110,238
4,216
171,250
32,243
184,160
6,324,45
72,295
120,86,264
177,141,32
22,282,299
144,91,270
144,172,69
195,231
52,238
8,120
148,98,157
302,9
26,44
227,40
75,213
22,28
97,198
189,187
55,301,110
36,43
238,153
213,277
252,53
38,144
230,57
101,132
157,22
322,98
75,18
125,124
113,75
83,97
172,230
69,264,82
108,2
51,119
2,195
26,115,70
28,182
183,229,222
101,139,21
283,74
102,238,26
84,316
172,118
39,134
237,241
57,136
108,163
130,125
150,121
189,200
278,279,83
80,94,170
148,29
82,270,124
97,231
74,2
136,115,10
275,93
182,28,61,122
80,91
285,147
102,178
116,15,310
150,193
121,150
120,39
51,216
138,126
100,21
65,35
206,76,88
187,241
113,281
41,87,73
161,287,55
213,84
194,280
69,51
229,37
32,128,175
226,218
303,175,39
17,205
153,37
77,198,320
42,74
245,83,25
313,61
70,53,52
62,269,95
215,158,21
4,316
81,173,183
236,12,81
287,70,260
41,259,269
170,134,80
98,3,242
8,69
293,21
256,52
204,115
162,246
195,288
65,224,293
188,52,47
6,83,154
12,213
136,20
58,130
120,178
123,118
312,45
206,247,67
41,177
204,223,97
201,53,120
10,232
20,8
98,56,100
153,83,50
102,59
102,52
73,306
200,219
69,254,7
153,145
85,290
292,175,187
200,148
63,150
151,15,75
28,250
134,77
75,217
265,92
252,73,72
265,38
39,76,161
69,246
226,95
139,63,119
93,126
99,137,277
4,99
83,279
120,221,236
163,13
128,208,57
14,30,108,59
245,231
31,15,184
218,138
39,136
236,70
187,150,39
28,93
272,15,112,30
283,57,260
14,288,23,34
220,98
315,31,148
85,238
273,255
177,247,261
147,132,61
307,238,110
186,325,49
159,107,52
53,42
204,266,257,178
169,120
87,147,74
80,115
273,35
272,2
220,219,210
211,93,111
243,32
146,186,153
66,222
64,216
308,276
196,0
176,214
278,236,47
203,294
208,195
12,224,214
115,135
20,150
244,105,83
185,92
58,281,30
276,8
71,214
158,200
131,21
55,32
100,293
71,182,160
137,106,292
62,299
193,170
221,315
32,52
143,282
70,134
223,172
145,248,42
27,129
25,231,252
57,133
101,146
42,145,153
157,93
137,35,131
123,113
296,26
316,282
214,68
179,106,188
114,142
149,131,88
198,8
74,289
94,237
38,230
105,235
155,107
10,36,123
100,313
21,151
167,231
231,223
139,224
285,67,241
74,198
80,115
8,93,91
34,130,164
20,295
38,53
211,255,218
6,238
28,163
298,100,304
72,26,70
98,43
178,268
142,239
317,47
6,155
45,83
205,171,215
102,152
151,158
61,71
32,44,102
10,136
75,139,12
75,109
194,0
43,122,184
209,145
147,277
131,137
77,74
313,51
93,187
43,13
1,245,178,134
164,29
12,10
76,100
231,153,259
39,97
137,50
11,275
14,37,75
133,44
210,252
51,22,99
207,213
136,75
60,15
18,115
9,228
158,200
120,80
118,204
141,113,171,250
52,293
97,204,231
306,136
295,8
145,43
124,293
156,183,119
163,61
23,100
238,268
1,89
151,158
2,230
178,245
215,213,214
279,159
101,211,259
158,21
266,80
14,232
230,115,120,153
240,158
87,25,251
67,88,66
165,150,247
6,102
1,2
50,116
236,270,45
85,66
77,237
65,291
268,279
150,25,128
155,274,270
35,33
246,304
31,184,14
294,285,216
19,137
249,209
148,200
117,72
285,124
2,57
14,42,93
98,259
186,141
252,102
131,115
71,202,151
122,93
180,250
11,264
47,7,41
214,137,22
20,8
165,88,121
297,198,201
270,80
38,114
58,43
87,179
304,152
89,20
280,93
143,245
52,119,31
281,122,61
214,29
39,133
172,91
300,84
170,290
1,192
20,177
155,164
214,221,75
5,132
136,8
298,89
15,249,93
24,130
291,48,23
12,207,217
131,209
278,102
106,279,113
177,115
83,178
259,116
268,128,96
216,119
139,288
200,22
20,295,115
234,6
51,267
97,237
111,148,160
238,101,76
98,124
187,138,314
3,65
75,4
222,207
76,39
150,44
297,288
169,97
257,67
110,151,2
70,158
150,295
43,59,14
291,224
74,0
291,224
72,172
175,274,52
180,141
256,1,134
278,26
264,199
35,183
107,230
51,107
83,193,239
157,163,58
23,82
292,237,201
83,117
112,17,71
74,118
201,241
276,85
35,156
89,20
177,136
250,231,123
133,2
68,131,183
17,50
212,251
229,266,159
313,227
10,57
1,51
258,77,159
310,129
302,20
301,287
128,39
195,1
26,320
199,131
2,237,309
87,176
237,77
133,136,2
61,315
187,37
40,78
234,178
50,122
85,284
314,84
94,3
269,61
259,150,12
199,151
55,265
102,56
35,269,173
293,124
188,247
228,130
124,84
13,58
124,12
68,2
216,145
153,145,37
297,133,134
265,307
252,120
114,54
32,241,1
212,44
120,88,262
245,185
314,151
45,106,215
235,117
68,125
178,236
45,38
61,269,272
29,282
42,165,147
159,102
131,61
53,87
28,182
71,215
59,173,37
201,192
166,165,75
75,207,215
20,106
252,91,52
222,36
82,230
224,217
85,117
180,5
10,261
14,157,93
196,295,0
42,67
218,211
63,66
172,155
166,129
262,169
150,204
131,148
252,91
81,229
140,206
134,74,8
245,243
154,55
211,93
213,176,4
325,95
92,295
25,155,162
243,7
74,256
97,256
290,155
22,158
156,275
7,276,295
278,97
80,150,77
175,136
145,40
304,118
178,225
1,20
107,45
14,77
29,5
123,160
126,227
58,188
256,133
265,118
37,62
61,47
142,9
95,81
115,10
2,131
157,220
252,233
6,105,72
12,125
61,164
12,321
13,93
173,62
102,234
59,173
250,239
60,137
223,241
267,93
161,83
314,220,29
75,62,259
186,282
225,7
134,165
37,13
259,35
289,129
72,70
134,136
121,65
81,255
37,249
25,193
324,155,45
183,221,164
274,86,83
9,20,152
284,62
180,140
0,261,194
71,126
222,221,220
112,58
267,240
225,114,45
31,124,255
139,205,37
213,293
176,231
33,27,158
136,150
38,6,60
227,37
280,40
116,30,56
153,226
274,175
125,35,81
102,274,161
317,41
113,220
105,47
47,82
317,104
5,158
250,113
19,165
2,231
28,173,35
55,57
29,179,295
40,41,96
163,162
123,255,184
148,131,21
251,70,117
293,75,125
231,245,96
6,198
83,110
216,155,254
62,281
39,57
108,28
129,269
66,4,20
252,278
171,40,250
268,309
40,166,122
74,76
75,213
155,12
43,58,272
193,197
115,94,153
198,134
121,207
268,264
148,260
76,301,72
76,256
193,231
97,89,136
42,13,189
94,88
2,170
106,172
102,55
224,245
72,247,212
29,275,220
58,62
308,114
261,247
235,76
194,115
180,146,40
97,37
272,163
123,122
213,139,68
154,161,83
157,37
70,106,142
281,204
87,73
126,160
76,83
110,82,26
40,215
93,281
57,134,97
21,34
246,25,67
178,126
205,42
294,17
36,123
279,142,236
204,55
148,139
149,69
39,137
266,208,136
158,84,51
26,162
253,3
32,188
10,92
250,61
234,41
270,246
134,309,2
141,206
265,70,47
124,270
83,11
102,67
20,258
151,267
9,115
251,118,7,69
98,282
70,146,194
76,201,172
141,113
266,309
120,191
71,160
57,288,224
214,229
175,262
215,213,109
93,71,122
83,212
281,166,129
43,219
214,117,80
249,29
144,304,230
122,131
151,215
287,83
266,121
89,134,80
224,17
11,222
59,17,180
168,205
132,35,219
160,116,111
275,220,217,132
51,147
156,224
27,116,122
73,152,69
0,74
204,76
265,105
1,77
47,115,144
93,75
20,231,136
205,40,28
245,150
50,135
106,83,212
313,299,213
228,42
61,12
163,14
4,220
163,116
36,17,226
243,32
26,212
96,74
170,96
57,100
32,124,2
6,288
75,84,24
136,75
38,142
222,125
201,115
182,218
125,220
170,54,144
2,46,165
126,255
223,241
200,4
245,167
212,175
145,153
277,35
110,283,44
91,144
120,192
213,28
279,153,76
76,94
282,137
252,287,1
194,72
139,29
233,220
112,113,153
36,5,123
79,165,39
39,195
235,270
317,77,102
267,156
215,4
137,100
32,47,86
307,106
73,180
20,192,302
122,61,93
198,178
35,81
112,108
108,15
128,117
313,63
2,1
248,121
107,106,91
246,92
165,114
232,228,27
122,14
40,163
241,74
146,289
35,319,183
141,189
5,151
89,80
202,130
252,172
304,102
235,106,287
285,4
169,262
91,301
54,53,82
73,20,194
319,68
132,35
229,75
12,207,223
19,231
156,99,75
91,106
39,165
34,66,98
54,8
231,76
37,62
216,29,240
153,43
0,77,198
91,118
23,131
300,132
187,178
231,50
280,55
249,33
78,208,191
177,208
113,182
158,203
243,41
175,177
182,111,71,218
191,134,170,258
178,223
12,291,217
16,186
198,74
213,11,145
146,213
194,201,76
256,245
28,35,12
37,171
246,295,176
156,100
266,61
137,131
266,10
87,67
284,230
60,200
201,73
126,188,131
1,292,283
84,148
58,65
12,164,68
149,234
175,260,55
121,175
282,5,158
225,272
14,28
180,305,153
247,278
96,223
29,4,158
281,100
136,82
81,66
131,200,220
168,180
16,187
112,294
122,93
45,243,270
231,83,257
93,126,272
172,251
250,71
144,57
87,147,158
127,171
39,191,266
111,184
152,293,138
218,147,145
262,8,82
249,146,122
200,99
98,242,282
5,282,137
67,94
281,93,71
228,18
274,185
0,19,57
221,11
302,8
69,230,243
134,39
244,26
52,175
267,98
171,141
106,307,110
41,148,158
101,153,182
101,275,220
124,35
102,236
172,198
81,259
107,152
287,235
217,224
165,203
259,34
51,42
132,63
301,52
195,213
304,27
45,7,114
267,23,207
160,93
74,51
215,214
171,206
223,320
117,179,230
147,43
122,93
153,42
224,321,51
37,205,40
93,256
116,37
148,132
252,94
204,106
219,293
228,140
161,69
74,185,20
15,211
36,42
28,50,163
14,218
12,81,50
161,238
183,313,139
309,1,77
47,235,83
47,38
213,64,207
75,206,66
118,230
171,40
121,165
68,35
169,121
131,100
228,99
180,40
150,36
44,1,165
170,165,39
158,71
264,158
272,250
295,133
134,231
102,67
231,227,83
111,71,15
82,83,41
198,80
72,152
278,54,26,212
128,41
78,25
236,83
207,132
33,147
242,35,14
207,138
192,107,136
38,283
63,275
76,16
305,72,122
256,192
151,221
39,206
296,2,283
208,78,136
136,150
111,141
110,159,301
6,106
115,133,162,97
71,46,132
228,71
40,24
17,37,140
214,81,259
65,186
2,96,193
39,302
302,175
119,68,139
95,187
50,207
50,68,18
75,129
200,100,113
169,311,194
168,173
214,215
4,147
138,37
282,151
150,303
290,119
116,3
230,3
58,250,122
237,231
158,12
83,279
2,6
68,35
224,314,216
105,172
86,15,200
96,176
158,85
302,150
58,56,184
231,22
68,184
200,248,207
130,138
123,51
80,57
188,72
57,162,76
275,141
85,88
180,220,67
134,208
297,252,170
192,165,170
153,18
61,38,162
221,259
248,77
175,10,150
146,228,171
214,123
214,132,267
28,50
180,129,160
267,151
243,102
226,74
123,134,86
50,204,178
222,259
162,247
195,268
259,35
200,116
281,95
136,97
41,52
138,30,31
141,171
57,50,224
173,3
61,22
9,150
97,197
234,259
100,27
268,74
117,107
204,120,208
45,144,198
318,297
113,264,206
37,99
2,196,245
218,42
208,47
281,122,171
37,42
178,69
197,165,198
45,91
6,26
156,319
19,204
70,32,6
222,14
254,6,97
35,15
59,153
148,282,267
87,143
285,99
177,78
265,278,279
91,52
89,94
168,289,153
65,44
147,103
88,134
223,79
264,1
164,119
221,219
303,99
88,134,262
126,84
171,84
8,244,137
57,245,20,201
41,55
65,273
270,39
96,89,136,231
245,198
142,72
241,288
142,32
322,60
17,138
205,319,106
295,266,235
107,149
297,1,208
322,35
183,222,81
278,274
73,114,225
24,319
267,259
55,212
246,304
111,61
42,273,71
183,5
50,166
41,287,301
245,205
22,282
47,247
60,198
200,101
204,97,135
148,131,216
44,162,110
67,117
72,185
10,8
268,28
263,282
231,0
243,274
145,272
74,82
64,139
147,5
32,288
76,261
1,256
0,231
142,159
67,72
201,88
96,306,54
199,29
135,2
2,230
117,172
141,182
37,144,42
108,39
252,212
67,155,7
118,82
253,200
279,114
56,215
257,56
221,226,259
63,271
21,160
264,226,36
13,123
162,287
135,236
53,287
214,229
115,97
81,259
209,66
250,289
235,110
52,47,155
2,54
23,203
38,45
304,102,260,257
154,143,104
297,178,62
320,51
272,83
248,285,113
269,96
188,52,159
259,250,205
170,256,46
20,145
278,82
219,65,119,217
173,99
256,155
118,41
74,309,77
64,219
129,293
171,255,108
187,123,36
61,272
64,139,213
32,46
220,101,277
321,295,60
73,188
41,86
164,155
8,94
156,12
162,114
183,300
61,255
240,84
68,240
99,137
217,137,214,151
86,244
246,72
99,314,224
12,35
139,136,161
225,172
150,243
164,65,285
256,117,46
135,52
212,54,155
99,147
210,242
85,45
106,118
171,206
92,25
45,76,222
72,144
246,287
38,276
69,100,126
132,68
200,4,147
320,201
202,22,5
132,11,34
268,292,2
152,87
72,87
79,197,225
295,169
255,226
98,29,240
71,49
145,55
115,1,196
110,102
29,299
68,65
285,299
77,142,57
150,165,115
136,303,176
236,106
322,217
41,82,77,106,285
264,259,81
28,302
88,165
40,226
172,166
170,201
155,246
111,127,255,28
114,45,107
218,56
39,78
241,19
245,80
198,188,41
54,41
49,40
107,180,86
48,113
255,265,62
30,126
275,65
218,141,281
206,71
108,125
221,183
212,52
115,8
149,287,143,7
32,135
316,282
161,115
185,9
55,179
34,199
8,74,195
292,143,34
220,200,31
214,81,216
148,100
293,61,28,125
157,49
253,264
75,28
97,0
4,51
46,317,102
134,40
205,40
122,201
288,204
175,10,133
223,15
132,139
95,190
269,163,160
89,39
202,137
82,142
40,3
212,82,114
225,270
173,171
295,177
168,202
152,221
71,182,112,36
255,166
22,12
53,134
295,176
62,140
65,119
300,207,224,119
227,33
82,105
287,85
194,172
239,197,236,201
107,46
55,260
186,36
12,303
220,131
213,84
299,45,54
247,141
51,114
22,173
266,80
119,28
314,29
173,218,285
4,240,203
198,101,160,76
214,229
186,226
157,113
217,281,287
206,315
155,152,110
199,22,200
96,175,2
24,7
184,108,58
27,116
252,278
62,19,231,97
100,151,35
37,315
172,102
28,138
242,294
0,204
58,37
189,226
217,216
33,37,30
153,157,140
144,276
136,77
73,82
245,134
105,235
226,246,121
42,93
63,34
301,280,283
277,158
59,37
165,74
30,60
126,255
212,86
68,62
140,151
316,282
148,75
14,108
263,148
0,37
51,60,18
55,41
67,82
54,41
255,171
134,133
100,148,35
261,74
50,223,231
235,236,104
158,93
48,65
65,173
86,82
2,235,135
171,153
144,22
150,102,38
158,321
76,193
101,181
18,106
7,159
158,4
8,20
129,56
86,53,73,69
299,64,36
4,3,200
57,115,170
0,176
77,28
179,45
180,153
243,67
183,34
40,113
108,241
279,29,249
114,86
107,20
61,157
207,24
314,22,164
86,41
175,102
198,272
279,121,7
181,9
25,45
211,14
177,39
222,99,203,164,51
55,162,230
93,182,272
189,59,171
195,261
291,156
73,251
69,310
71,68
38,26,150
7,212
256,134
124,35,68
142,257,265
85,230
265,78
304,276,149
114,185
18,113,145
41,278
129,122
209,22,21
243,254
126,24
5,13,186
97,16,50
208,18,254
249,15
61,272,214
189,40
195,234,57
225,270,10
265,83,142
28,198
39,270
94,235,318
153,266,278
46,71,35
215,255,12
266,303
173,182
1,185
257,212
228,116
115,318
8,142,96
51,147,267
70,307
0,226
81,132,224
241,19
134,196,96
60,190
168,141
74,77,79
265,244,159
16,195
41,83
184,129
30,212
37,153
101,65
47,1
11,254,295
224,272
313,4,131
269,20
251,67
131,199
25,155
320,266
313,215
76,204,231
131,220
36,187
246,188,185
231,62
159,279
25,270
192,65,153
259,222,35
108,113,264
122,205
145,189
215,68
69,77,166
270,284
291,224
150,41
35,215,158
178,76
200,29,131
106,107
3,146
65,199
74,1
259,158
83,265
171,62
314,209
14,12
108,230
18,112
165,134
136,195
37,87
69,131
95,140
292,131
91,230
177,120
178,0,1,19
28,61
153,171,17
26,54
44,9
81,221,164
155,196
128,5,113
104,150,18
8,136
96,1
97,26,75
6,252,276
239,72,212
258,319
198,241
225,91
100,216
208,168,259
144,216
236,83
243,235
200,220
205,213,81
91,111,39,151
75,218
113,141
147,206
34,139
224,34
301,54
184,60,15
218,28
197,245
262,39
55,279
160,141,40
51,220,4
139,272
172,3
231,181
316,313,200
77,297
196,74
201,120,165
182,145,129
69,308
45,41
151,209
74,231
35,214
169,129
7,73
263,313,139
218,185
90,96
160,76,125
20,8
41,212,86
294,216
205,226
208,171,139
71,218,141
31,116
238,110
143,47
149,143
36,240
279,197
216,236
77,106,244
4,132
151,37
99,67
46,49,104
229,75
17,153
300,77
177,193
37,62,49
58,322
97,106
150,197
76,0,254
28,79
82,235
24,33
152,188
91,270,25
136,295,57
117,155
162,7
69,304,70,274
224,109,75
36,23
56,129,281,160
319,217
220,235
122,264
270,106,76
12,75
45,162
35,45
141,319,75
219,22
231,181
37,226
149,197
251,103
222,142
81,22,224
25,144
9,81,2
246,143
180,28
157,45
208,88,27
73,118
55,54,238
95,272,65,108
282,267,158
294,38
183,130
2,93
33,153
82,157
79,256
72,103
24,174
170,224,223
116,28,126
152,39
102,74
33,56
133,204
266,165
107,91
267,89,132
199,203,158
268,2
287,317,114
41,246,45
322,224,65
276,243
165,172
258,102
96,237,196
297,178
166,111
97,297
273,35
305,17
29,100
160,281
252,304,107
56,116
54,307
187,15
36,138
113,18
138,14
2,180
60,141
58,108,232,138
302,165
278,239,252
136,208
141,36
287,83
133,36
60,37
325,43
120,94,175
132,316
4,285
89,80,39
247,307
220,164
40,113,205
224,11,63
80,303
99,66
157,18,111
67,274
309,136,77
217,98
89,195
297,231
227,186
140,59,206
102,52
256,184
281,75
5,203,240
40,15
17,125,105
150,20
151,240,210
264,36,206,227
74,261
246,317
54,28
93,322
284,69,246,25
295,120
280,16
70,175,97
200,242,141
34,291,65
129,272,111
75,119,291
93,122
41,26
206,42
228,180,186,33
240,100
108,15
26,41
162,54,102
65,202
215,291
52,142
296,96
314,125,99
34,207
187,60
29,246
238,200
9,175
301,9
36,40
144,38,155
177,309,76,295
24,34,125
261,97
102,15
72,169,105,270
75,12
12,221
115,26
290,69,117
74,110
54,32
198,298
47,279
309,0
244,82
83,246
166,281,160
42,117
16,72
257,106
69,7
102,301
134,167,146,240
72,143,185
100,177,80,22
200,124
243,245
140,141
129,166
123,100
188,287
131,158
59,28
300,18,229
60,40
226,141
103,92
61,58,113
176,198
256,251
72,107
1,230,121
268,229
149,308,307
115,61
266,117
191,41
18,264
123,140
2,5,216
295,150
78,256
227,21
287,32
173,49,30
46,265
244,73
283,149
228,272
171,17
41,6
51,158
153,28,259
236,6
252,87
124,221,130
107,67
144,270
190,267
134,32,9
10,78
192,175,286
18,173
310,272
107,50,75,49
37,205,173
98,277
148,5
69,287
51,22
77,131
179,254
156,130,186
72,273
288,150
41,254
111,189
44,133,88
171,100
217,75
124,35,68
134,204
77,152
77,19
13,100
117,69
245,181,80
281,198
168,80
292,76,77
156,63
258,120
98,100
283,155
177,28
270,134
134,94
177,169,6
205,250,116,129
169,79
218,18
7,54,246
143,243,234,276
13,79,82
202,151,285
78,134
217,222
21,264
31,163
174,113
309,2
4,129
40,173
139,168
187,231
94,57
50,259
123,232
117,38
166,101
81,35
10,177
98,82
86,121
89,67
50,116
259,219
228,138
149,301
279,238,83,110
36,26,47,45
206,157,174
41,52
150,191
60,168
37,62
165,289
84,203
135,45
242,216
55,91
51,33
76,135,178
100,71,220
75,137,34
129,42
15,266
298,25
223,280
123,2
71,17,98
239,20
195,198
217,255
231,193
115,20
76,134
66,263
39,179
142,244
294,282,100
35,259
301,293
294,138
121,128
20,15
209,151
224,31
141,269
76,237
80,192,150
50,151,12
42,13,112
30,153
14,100,40
261,134
294,95
201,192
196,38,102
261,19
100,315
222,321
272,293,150
108,255
50,315,63
44,54
75,12
6,72
128,20
309,290,296
136,42
20,208,10
235,60,123
221,309
288,7,105
96,194,262
258,229,254
154,149
59,221
184,129
95,108
41,257
163,8
21,158
238,82
23,224
125,13
30,24
147,3,282
61,14
113,19
158,209
278,304
208,177,20
265,70
47,41
242,119
187,17
72,91
20,74
187,249
12,269
160,166
284,246
16,256
165,155
37,172
27,122
38,69
252,251,91
40,250
200,219
47,155
39,301
170,266
71,132
0,97
15,245
78,295,208
20,76
228,294
281,182
113,305,264
35,215
28,184
124,42,187
28,93
193,76
220,203
299,171
102,188,230
93,28
8,20
54,41
13,166
251,67,45
55,73
75,95
82,22
273,138
23,242
200,294
60,123
208,303
313,137
168,186,40
259,35
91,161
137,98
60,141,37
80,39
201,193,245
138,233,121
29,209
249,250
172,97
76,1
228,62
230,205
70,54
20,191
270,172
23,132
73,152
36,137
47,287,46
249,153
274,239,102
28,59
51,108,29
37,189
131,220,100
89,0
282,267
161,188
170,176
80,236
78,43
247,270
22,21
39,167,74
272,116
84,240
108,166
9,181
141,31,264
233,277
175,296
29,262
162,201
67,150
243,201
257,38,304,104
177,150
35,259
100,42
97,41
80,134
71,213
270,85
158,151,148
149,241
310,34
196,201
230,88
76,280
213,147,226,220
133,89,169,88
232,108
7,114
213,164
89,57,295,176
162,6,95,45
130,119
118,114
54,262
82,231
255,28
71,13,95
230,46
47,287
35,11
97,135
39,88
112,15
23,221,213,299
122,182
236,65
232,255
216,220
170,107
155,75
280,283
255,220
117,6
79,38
38,142
69,92,87
55,212
5,216
212,274
216,29
77,121,283
67,151,177
293,40
145,177
6,180
163,109
41,239,175
128,295
75,200
28,61,116,166
305,190,168
58,71,249
116,166
227,42
158,22,151,299
161,183
40,62
194,270
7,212
208,89,9
33,127
64,259
270,172
228,210,140
153,281
142,7
194,204,89
136,20,177
136,235
21,22
283,230
143,91
91,92
199,300
171,17
299,274
95,28,264,228
20,298
132,183,137
13,37,272
267,158
75,12
72,105
45,225
209,12,63
270,295
324,172,162
67,265,94
77,74,96
131,229
261,7,313
37,141
215,12
150,107
9,239
112,130,15
296,0
325,227
74,169
80,187
39,197
41,32
173,157,206
216,221
188,304
288,16
204,95
114,144
296,77
48,147
171,100
185,167,83
21,132
224,213
225,0,155
282,98
201,89
101,293,22
1,252,134
56,227
61,42
77,288
299,68
45,270,287
145,206
91,103,152,252
29,64,158
269,59,28
256,80
43,13,93
245,96
186,4
30,104
256,57
285,158,122
86,252,69
148,145
237,57
214,62,282
119,222
306,57
9,226
51,277
139,4
85,69
96,170,134
245,149
93,282
29,3
309,65
50,17,40
83,82,26
80,165,94
220,100
77,165
177,287
109,22
229,11,300,164
50,129
131,203
87,153
266,236
86,278
13,300
2,45
93,4
264,6,37
135,250
207,119
223,16
156,207,12
243,179,114,270
237,21,64
224,217
161,143
182,6
158,148
101,147
212,234,53
39,76,204
29,51
187,194
152,256,261
278,320,287
21,183,63
51,3,100
7,213
224,65
129,131
264,181
140,138,310
164,259,81
135,91,1
29,4
165,46
134,0
184,138,31
47,41,142
46,76
151,148
302,97
12,200
186,153,145
305,21,252
224,215
249,248
76,0
68,124
169,262
274,301,26
211,181,45
14,35,267
151,277
276,19
10,120
153,49,250
304,172
45,114
254,177
74,77
256,40
257,317
50,100,74,278
138,122,281
123,122
252,35
62,198,151
84,209
104,9
275,131
288,193
57,191
30,313,51
283,223
77,2
250,36,37
62,40
218,126
54,55,56
30,130
143,162
162,247,230
180,145
60,51
75,220,158,293
26,46
163,95,18
141,249
252,251
229,183
220,63,35
128,208,8
220,65
122,61,93
172,162
48,81,164
33,281
224,180
71,42,50
148,51
281,249,59
21,199
15,5
200,5,22
37,140
288,178
138,145
141,160
235,265,287
54,307,55,236
282,137
86,165
89,169
61,71
63,137,75
110,115
73,276
117,38,118
151,158
155,47
47,67
303,67,268,220
212,105
22,264,199
34,35
284,152
153,248
219,181,248
57,90
131,164
37,123
8,231,286
218,183
190,323,40,180
82,247
301,244
219,139
182,71
32,175,204
236,95
279,104,39
28,255
83,106
155,41
82,51
288,97
134,76,194,77
146,49
141,104
277,293
145,227
89,149,165
106,243,274
20,67
191,243,246
150,89
145,224,30
75,270,200
194,89
40,135
8,76
55,54,155,69
43,141
163,39,164
325,37,18,160
317,260
2,266
36,140
30,113,59,182
91,201
305,234
279,265
136,90,10
247,225,155
205,249,60
172,230
172,137
55,144,270,235
42,37,131
71,214
138,58
317,265
65,166
77,76,96
147,51
281,122
137,199
270,92
65,34
54,230,236
194,204
65,291,63
150,177,135
95,138
11,313,22
204,266
76,77
223,16,0,97
325,37
242,140
115,283
277,22,63,210
153,43,23
257,234,279
82,244
278,238
226,113
218,24
157,218,93
63,207
26,265
91,76
113,205
219,18
235,39
63,215
1,288,237
241,144,287
278,235,82,287
154,122
89,136
109,217
111,163
317,87
153,37,138
252,167
278,72
67,165
59,153
288,83
165,61
200,158
202,158
94,88
224,63,35
4,21
205,158
229,125
74,1
23,151
181,2
178,219
284,304
163,281
97,223
73,185,69
131,157
39,176
230,73
140,314
284,25
61,60
139,75
175,9
265,82
137,99
216,3
264,93
78,140
219,75
216,151
14,124,319
116,15
41,110,26
278,118
68,213
61,244,98,82
128,97
216,177,183
216,51
1,268,197
0,241
322,213,195
80,208
223,116
141,29,110,76
104,161
204,57,74
208,195
178,94
117,155,38
249,205
182,281
175,204
17,30,291
47,55
24,250
77,167
130,12
83,279,115
9,270,301,179
149,166,247
21,158
268,135
242,182
221,123
191,296
218,255
179,74
20,223,8
61,93,111
37,256,25
113,283
28,250
155,118,295,74
178,245,110,72
65,205
180,40
191,135,237
4,21,51
24,63
249,112
151,150
1,196,96
171,37
179,278
11,229,109
132,137,147
287,46
228,59
58,61,294,151
225,155
147,29,51,4
185,67
20,194
98,240
108,30
43,122,141
33,67,236
149,94
169,258
55,301
97,133
252,107
106,212
270,73
32,20
83,107
5,3
95,113
259,21
199,147
5,244
181,57
262,217
1,77
71,59
145,205,264
250,71
53,101
295,19,247
199,95
226,40,62
18,289,123
143,284,317
141,197,202
224,156
258,102
204,165
152,91
126,116
212,172
302,89
129,111
211,140
279,76
209,116,282
306,46
153,12
144,162,225
128,118
219,313,51
250,141
76,120
217,51
172,7,252
216,160
119,123
28,55,121
235,149
165,230
45,46
65,116
19,194
78,115
136,196
0,177
94,201
259,164
8,262
0,10
153,18
301,279
183,3
12,30
135,303
4,131,137
296,244
28,166
51,203
264,258
112,37,153
180,182
2,223
28,122,310
153,180
162,107
173,171
38,72,10
169,142,29
68,7,12
283,6,150
50,231,97
25,243
231,50,223
75,219
42,71,93
152,57,287
76,74
205,250
113,122
35,224,183
256,144,252
85,171
197,2
245,96
280,97
37,228
251,146
223,265
89,134
241,16
294,171
117,67
319,11,35
126,281
272,153
118,91
183,137
255,15,36
39,175,69
81,41
320,243,2
116,151
213,224
256,177
225,284
299,217,5
3,275
296,178
177,176
135,198
67,290,69,25
179,32
36,187
159,131
109,174
226,122
239,165
264,33
162,254,38
109,255
138,166
217,172
70,106
36,249
8,208,10
267,203
237,304,163
76,136
212,226
220,131,60
71,16,23
35,33
61,96
279,73,110
165,266
297,128
51,12,129
203,100,84
16,204,193
137,230
35,125,156
115,118
116,255
150,20,128
21,202
148,203,240
196,320,197
80,120
4,99
229,132
37,171
33,30
16,83
247,26,155
185,109,51
22,62
7,212
2,134,77
82,45
128,193,198
23,148,4
224,214
270,89
236,279
151,163
146,228
224,219
200,36
13,58
216,81
256,175
60,206
256,39
186,310
291,217
184,93
164,65,81
40,141
65,207
57,120
136,176
50,166
210,259,307
217,229
225,217
175,198,201,76
72,304
244,82,107
73,154
299,215
114,270
272,215
83,301
293,200
196,309,296
298,232
126,28,122
40,194
230,77
240,12
200,226,259,313
295,306
223,135
35,164
159,28
106,258,8
268,295
200,202
253,21
217,222
52,155,286
35,81
63,65
8,191
176,57
128,286,133
152,102,94
93,146
144,169
238,287
15,37,228
83,265,104
30,112
130,273,112
121,212
139,207
6,136
12,91
119,263
116,122,61
5,124
26,150
259,65
208,115,170
73,152
299,313
256,39,74
83,236,293
155,7
21,65,151
21,299
69,292
235,107,198
224,75
158,220,137
108,33
100,84,220
317,87
158,108,14
122,108
10,302,165
300,36
194,296,0
20,94
89,7
120,134
258,134,82
197,176
319,43
67,243
277,118,80
205,193
45,151
122,147
100,216,322
177,78
230,45
9,302
297,198
144,132
30,253
56,153
113,228
41,8,46
52,26
162,82
65,156,224
117,105,149
126,264,116
28,282,205,4
302,295,150
54,47,32
273,75
75,111,259
132,214
158,151
68,148,93
1,201
9,69
141,37,249
136,301
282,158
198,96,193
316,216,219
297,178,62
127,253,37
39,57,44
201,39
59,153
151,50
104,236,105
9,77
209,203
63,279
131,240
143,304
116,255
202,250
131,40,17
193,117
141,132
226,190
76,245
133,155,239
49,107,57
15,108
128,7
116,187
65,224
272,39,29
38,55,107
256,201
281,256
76,73
251,87
155,97
117,172
100,51
140,18
69,172
24,264,289
7,245
16,256
320,244
10,115
274,102
284,152,69
156,11
114,18
131,61
18,37
246,6,143
219,303,14
188,6,41
131,183
149,238
120,191,177
22,111,205
235,142,276
138,264
176,20,10
28,2
42,184
0,187
287,177
12,291
256,80,96
0,57
47,83
13,163,112
20,94
5,158
281,71
31,24
211,116
267,277
112,163
136,149
55,243,41
200,84,29
97,0
45,144,92
153,22
219,64,264
204,16
107,225
190,182,186
20,150,115
114,247,115
35,65
57,236,78
220,119
140,36
129,116
279,243
134,45
200,275
118,247
281,124,157
100,300,215
28,113,68
91,149,188
219,65
175,274
193,201,41
230,247,73,87
49,171
57,115
320,288
295,136,115
171,205
318,165
28,184
65,28
28,116
4,29,100
116,171
31,38
54,142
151,139
89,281,11
292,177,165
122,93,211
163,108
91,39
246,144
52,121
29,12,151
132,224
305,42
18,250
21,139,63
13,174
2,51
1,159
72,69
202,36,216
309,1,142,231
285,81
230,172,287,86
64,101
36,206
97,235
117,69
126,129,37
301,52,82
118,301
178,204
2,121,235,76,165
106,20
137,259
276,91
164,64
289,97
106,87
92,157,273
12,224,156
80,149,246
264,242
82,182
183,22
41,6
110,236
75,81
132,215
97,83,6
36,123
6,287,279
273,21
199,22
106,244,278
81,322,221
151,148
214,321,183
81,263
266,121
20,318
93,168
281,146
246,107,252
75,215
251,91,25
8,39,177
61,253
151,147
10,38
106,257
24,14
222,68
100,216
295,1,136
318,120
134,135,74
53,12
200,71,244
1,292
94,9
8,115
21,23
220,148
146,145
257,161
155,53
89,316,172
84,201
133,282,116
208,192
220,120,3
101,23,215
216,35
200,131
14,232
177,120
100,313
103,87
197,77
32,52
84,209
35,28
88,191,120,80
68,216
122,71
9,8,115
241,118
200,216,131
231,20
63,10
236,303
232,174
121,73
213,132,263
69,92
267,21
22,137,146
22,113
30,93
0,237
244,279
139,219
81,132
146,40
55,26
247,230
79,177
258,115,208
245,2
195,76,245
33,123
264,203
225,290
203,28
78,298
131,222,125
255,228,12
46,94
269,211,71
146,29
158,151,29,2
145,264,153
20,195
176,150,20
17,141
40,95
215,200
230,177,53
4,93
287,55
196,94,136
240,267
206,281
236,172
272,108
155,55,110
28,33
2,292
213,212
288,67,45
91,162
264,281
59,60,95
45,270
98,210,203
226,49
274,50,203
141,171,145
11,65
65,81,64
168,40
215,63,12
46,52
269,93
313,100
37,259
40,21,61
267,203
171,226
289,227
12,267
118,87,230
158,51
76,2
283,245
52,26
230,243
250,274
26,129,37
100,21
39,322
227,166
37,59
36,153
111,264
116,13
93,187
108,112
170,165
51,100,314,131
238,279
80,57
295,116
307,102,152
251,1,233
301,41
96,76
68,35
111,40,100,63
93,198
55,32
167,96,288
117,176,2
54,175
50,264,190
320,129,219,297
46,165
72,201,150
136,177
226,127
197,2
194,88
37,226
4,151
280,297
186,264
212,246
88,80,234,149
44,150
132,177
258,247,267
180,42
304,143
197,19
177,55
153,140
268,96,0
58,15
268,313
26,70
274,32
89,106
87,243
25,126,177
318,134
131,125
215,199
181,262
100,3
76,204
76,245
5,22,29
109,226
208,133
101,92
71,232,129
118,230
155,172
141,226
97,16,283
82,230,26
259,139,153
63,64
74,2
100,68
193,318
216,200
0,157,120
177,2
309,115,254
45,100,78,12
310,33,217,313
301,302
7,45,254
279,80,225
21,158
102,45
231,0
64,132
301,8
136,9
197,178
25,172
95,141
151,148,267
249,18,59
65,289
153,126,145
177,88,8
272,182
114,73
216,21,240
84,173
56,291
267,215,190
264,207
213,217,34
34,151
21,137,213
325,40,153
151,240
272,43,269
126,255
7,52
76,134,9
91,75
300,299
307,106,32
158,200
227,180
187,52
179,238
151,5,34
93,35
95,305,31
183,219
306,192
265,102,82,301
283,245
37,249
251,64
137,194
169,74
37,34,122
60,112,228,59
138,182
151,313
40,228
155,80
317,257
291,132
1,77,196
157,40
39,318,245
215,203,216
280,17
118,205
72,143,73
272,93,163
89,10
1,8,120
180,228,40,153
60,168
219,213
254,72
181,216
19,76,320,303
93,122
45,107
141,123,264
287,279
21,5
145,180
1,177
134,20
120,175,128
98,209
84,275
26,165,270
161,110,265
262,120,136
17,146
209,4
161,265
162,72
215,119
58,272
256,133
1,320
245,153
180,264
11,148
42,182,108
106,52
306,90
306,89
260,274
240,209,158
54,274,301
17,141
300,27,140,12,138
224,158
235,87,55
85,243,304
20,302
209,4
116,40
30,228
155,274,301
107,162
34,299
7,106
230,106
216,217
7,179,270
178,134
179,53
90,104,234
75,215
200,215,22
81,29,124
94,170,133
267,98
61,129
69,87
9,177
45,72
161,54,106
67,38,107
243,113
42,218,281
12,281
175,192
227,80
126,43,59
93,122
35,130
295,280,107
158,21,209
148,163,229
171,231
212,76
93,116,205
36,197
113,184
94,51
291,321
65,207,63
154,274,236
285,206,146,102
288,150
246,38,7
137,29,51
20,242
236,106
251,143
307,83
173,15
157,30
77,76
121,69
155,67,114
72,67,73
40,24
20,136
218,160,182
176,303
2,76,1
80,83,241
104,236
242,5,200
112,315
47,239,301
122,60
186,187
305,121
125,158
172,270
293,321
167,256,0
131,40
295,8
129,182
40,19
279,9
311,214,157,304
28,93
200,35
51,22,285
165,79
235,143
287,163,132
309,133
205,141
185,288
10,165
133,89,80
80,198,201
45,162,4
145,305,325
150,161,118
123,281,218
132,293
177,149
217,216
150,295,120
153,151
222,319
198,76,196
7,76
321,271,75
131,199
240,277
155,114
245,240
283,146
18,58,100
31,150,40
256,172
104,82,287
216,158
287,54
216,2
94,120
22,240
39,89
132,81
118,19
134,266
25,91,251
42,253
214,183,293
191,185,230
94,165,134
117,137,278
119,35
169,114
0,96,2
270,213
87,223
135,320
224,207
180,145,153
95,37
265,83,106
54,246,69
264,29
224,34
172,236
142,265
100,229,322
99,51,4
152,107
71,116
134,135
70,149
169,270
40,146
4,172
183,40
121,118
279,54,8
12,250,277
116,140,218,28
220,4
166,116,180
48,183
107,225,103
51,269
172,0
304,67,252
140,73
87,67
191,39
131,220
31,112,42
159,70
136,2
228,18
11,51
256,133
220,157
94,39
133,121
114,276,7
186,59
130,125
278,283
256,262
169,217
252,172
54,279,244,278
196,258
41,172
214,81,294
15,6,88
223,241
273,14,130
253,93,264
66,81
177,295
122,182
147,100,23
308,261
113,107
306,208,150
33,166
88,252
166,61,28
132,34,11
213,168
128,20
296,91,53
126,71
100,200,27
29,66
155,107
83,39
78,73,177
50,226,289
120,94
55,110
183,61,15,116
104,279
104,87
111,283
89,266
141,171,153
135,136
4,29,100
22,21,148
117,39
140,189
215,139
55,32
224,63
45,225
42,58
50,187,97
79,209
165,76
53,51
301,239,161
107,114
29,131
163,31
40,325,227
4,81
137,80
1,82
303,295
97,32
15,153,256
87,45
316,282,277
206,68
171,59
283,136,153
168,269
200,99,282
131,85
7,143
21,229
267,202
208,115,295
197,45
291,61,109,42
102,154
0,62
113,60,196
19,97
191,181
202,65
236,82
37,111
88,108
41,67,52
162,73
111,14
85,107
9,150,128
38,257
212,247,102
261,12
252,46
172,117
78,186,36
237,196
90,120,306
171,299,56
309,1,96
241,136,10
270,45
261,187
161,236
3,202
46,179,270
272,31
140,226,113
141,36,113
162,276
2,196,280
236,238
141,31
45,131
201,152
0,147
294,18,130
24,129,28
88,39,191
216,202
117,114,301
136,80
214,50
144,128
14,28,71
245,214
158,148
212,149
60,190
72,270
172,18
46,287
42,116
294,173
224,12,65
5,215
1,149
197,167,74
38,177
116,189
32,283
34,35
228,281
113,205
46,159,230
220,188
132,168
86,268
316,147,207
170,88,302
266,39,150
187,231
186,146,75
247,91,246
133,106,134
51,98
26,161
39,115
43,273
187,138
43,305
51,182
67,82
280,88
272,139,282
113,116
90,134
238,32
272,28,58
153,297
257,143
32,140
72,246
165,266
307,83
169,76
134,88,258,192
224,66
193,251
71,93
24,138
126,13
82,265
75,216
198,193,0
74,16,297
74,110
31,184
133,232
69,287
164,213
134,212
305,232,145
37,32
131,22,220
186,146
190,179
100,151,240
253,129,15
293,68,259
171,22,98
5,117
219,224,5
115,47
216,123
136,257
268,76
247,72
230,185,324
256,80,20
144,39
270,179,243
306,9,115
84,316,267
155,204
151,93
66,65
59,66
147,36
184,14
137,21
195,12
9,265,287
123,206,77,180
183,22
195,247
74,92
318,80
82,143,197
163,24,129,211
221,123
268,283
114,106
201,89
274,102,239,41
118,155,144
129,40
129,59
149,284
68,302
122,42
28,155
213,240
31,14
40,146
74,94
305,264
244,82
41,14
279,142,32,110
25,246,287
128,241
283,120
287,197
150,208,94
163,61,143
201,80
170,78,136
123,115,111
313,272,273
171,299
209,233
318,296
224,240
299,40
84,156
214,68,259
24,272
107,230
101,282
171,95,108
82,243,231
39,115
211,61,126,71
133,38
223,19
73,246
220,215,259
216,220
2,245
169,201,170
217,139
134,133
230,200
68,277
315,145
98,73,25,68
63,124
265,307
223,2
134,67,171
136,44
163,182
205,171
3,51,137
14,122,27
9,20
42,40
82,265
39,177
145,33
86,105
226,15,211
244,105
196,0,292,16
26,153,41
132,207,199,22
145,157,153
89,196
220,164,51
322,65
208,9
229,164,271
126,182
116,132,272
251,100
236,67
306,76,245
151,242
15,112
34,12
54,235
83,244
150,245
158,313,102
66,76
225,257,178
173,205
16,245
97,55,216
42,147
172,38
145,173,211,18
103,118,107
97,16
298,20,150
117,114
2,134
208,10
26,257
110,265
241,135
229,22
16,69
235,32
67,55,107
229,4
112,30
186,57
102,244
37,18
198,178
148,182
282,158
120,94
171,123,153
299,158,137
102,161
77,1
207,124
83,61,222
81,124
270,89
219,35
69,25,188,185
51,216
195,199
122,225
246,133,39
202,71
137,29,216
230,45,38
198,76
204,124
158,151
51,277,58
249,18
93,160
245,76
142,102
37,60
31,4
150,67
84,34
106,235,110
66,71
54,102,44
215,12
251,129
131,316,294
271,151,35
128,7
72,175
183,61,21
231,278
49,40,180
57,197,99
7,78
317,142
227,169,197
249,93
186,62
95,148
102,76,196
267,64
280,135
163,183,144
193,120,136
80,196
5,203
150,298
216,151,175
93,218
50,97,0
113,28
77,236
16,283
191,245
265,212,70
129,310,116
57,46
283,306
136,152
176,115
115,89,175
19,1
177,151,64
169,266,256
141,158
110,102
29,293,242
268,1
12,217
302,261
210,299
25,26
9,121,39,177
176,181,136
153,40,145
117,172,234
63,130
115,136
217,232,322
46,117,308
151,137
134,268,150
123,226,17
164,221,35
157,206
65,156
22,21
37,221
21,181
2,57
74,104
7,247
127,50
51,220
189,226
65,130,132
133,80
206,187
293,229
221,35,81
8,290
226,206,272
103,73
115,65
29,315
111,231,129
108,126,218
85,76
26,108
41,175
96,149
294,125
52,294,98
180,37
28,166,14
126,71
232,122
12,215
141,187,206
205,226
167,175,46
18,220
308,162,117
40,325
156,291,139
290,235,55
2,245
181,74
235,172
126,205
155,107,25
176,302
122,93,126
122,15
97,8
65,84
122,28,93
82,142
280,10
13,229,140
301,175,54
153,213,50
84,267
265,159,252
177,266,295
69,255
25,91
266,39
285,287
145,93,140
218,122
194,197
214,30
45,141,151
120,112
234,105
2,193
92,73
242,145
91,172
67,81
143,69,252
188,136
100,147,285
132,222
230,165
242,34
259,207,98
83,212
162,306
223,288
89,261
298,20,39,9
267,29
186,206,141,190
24,43
158,203,217
195,241,245
18,113
10,150
160,58
113,50,13
180,205
91,304
231,74
131,158
12,130
12,156
93,116,111,61
115,306,94
95,37
322,142
40,62
142,278
111,100
202,84,148
30,171,163,119
190,325,218
40,146
43,232,184
16,204
136,195
61,264
287,155
35,219
155,270
113,173
201,105
230,149
216,68,220
131,229
84,131
147,84,209
40,49,160
133,97
14,114
200,182
312,88,96
82,241
83,33
116,93
204,135
5,136
18,139
230,204
57,80,201
223,39
236,270
0,167
194,270,195,307
77,136
157,141
282,164,173
93,153,257
211,273,93
155,6
71,59
89,266
67,252,93
166,157
10,74
249,226,171
254,162
67,69
134,283
145,180
2,193
86,29
270,88
72,252,25
6,103,72
212,182
61,255
45,16
50,283
252,76
181,169,78
212,0
236,112
218,123
40,180
52,102
112,31
73,41
225,279
7,73
151,139,111
68,48
190,42,61
73,41
247,182
131,185
44,304
247,165
210,269
221,164
295,192
34,213
113,158
1,191
303,177
38,45,155
159,188
255,249
42,171
12,156,40
230,235,234
157,248,146
119,220
9,39
9,208
141,184
37,269,122
180,33,157
293,18
141,186
73,154,150
155,83
69,68
216,194,56,218
95,122,141
222,94
118,117
158,124,164,132
42,28,111
208,266,96
262,195,1
259,75,34
152,72
214,35
122,82
237,301
73,53,126
245,215
147,27
47,110
246,188
259,216
67,16,222,158
91,55,220
13,269
242,151,200
150,306
114,144
76,172
180,37
254,172
114,39
274,223,162
128,309
106,102,45
112,43
12,127
81,205
58,40
55,191
238,274
67,87
120,178
5,131
231,175,201,191
257,41,246
272,112,71,182
165,89
293,130
193,96,268
76,121
84,117
16,301,97
158,151
97,169
95,36
303,162
297,266
200,137
4,29
250,269,18
96,295
137,215
116,126,131
53,212
325,116
46,83
95,40,37
155,7
19,303
46,220
239,251
145,213
129,93
141,28,67
107,58
109,270
208,9
73,152
186,221
26,172,52
37,168
132,259,319
41,38,45
152,85,215
5,100
255,122
62,153,146
132,224
10,128
32,47
39,61
169,261
241,301,299
15,112
235,106
102,270,179
76,212
246,8
123,98,291
163,273,138
178,307,205
115,76
158,148,23
82,307
50,231
268,196
18,267
94,41
180,40
295,152
226,264
114,252
82,38,192
81,132
194,110
79,317,102
144,241
245,225
325,281
65,40
33,113
163,31
237,195
65,175
265,212
181,58
229,200
51,137,147
26,175,301
81,61
45,177
163,129
290,225
181,8
266,9
158,302,149
186,58
295,121
250,255
275,100
204,187
8,239,86,39
317,91
102,89,118,45
39,133
249,157
167,130,45
316,294
42,168
5,98
59,187
177,303
189,171,33
26,265,235
204,297,187
238,32
244,47,83
222,35
165,39
50,227,40
95,145
250,141
67,134,197
46,110
150,45,223
179,231
200,233,68
50,95,123
163,108,31
65,206
12,293,224
199,50
258,262,39
135,268
97,198
93,126
324,73,152,6
116,255,28,61
283,134
122,272
106,243
76,136
185,255,231
108,74
32,26,257
220,302,67
0,225,172
177,306
151,273
255,14
200,29
274,38,246
162,118
238,47,83
60,173,226
75,203
216,100
239,250,276
18,123
271,229
117,172
237,90
256,83
246,72
299,12,23
202,216
109,151
150,89
1,268,77
214,132,164
236,271
54,29
10,231,245
69,67,290,91
177,295,136
210,60,124
0,115
76,83
40,71
295,115
126,113
59,174
172,301
70,71
41,254,45
102,69
38,85
117,26
60,95
224,255
116,113
55,149
115,76
153,168
239,114
206,228
169,214
54,301
302,246
69,91
73,155
246,158
256,89
259,229,322
132,131,151
10,136,78,54
28,29,145,183
99,66
98,299
195,74,312
156,12
55,46
93,44,264
43,5
59,14,137
199,215
80,1
89,292,57
313,131
25,94,279
222,140,158,267
290,70
2,76
198,87,243
285,325
65,29,229
163,93
165,149
205,61
16,99
281,177
244,82
249,29,183
305,171
162,313
22,29
213,229
41,196
106,235
318,246,230
155,254
77,151
226,93
139,306
22,12
288,57
164,132
307,1
45,103
126,122
215,64
279,246,32
224,20
105,212
8,237
182,295
16,97
138,98
138,174
230,41
80,107
38,270,179
144,243
282,242
91,287
95,226,141
129,281,255
61,209,216
196,198
124,259
104,6,212,82
64,228
115,79
194,1
138,33
76,192
309,118,322
307,103
320,195,16
18,31
262,1
162,0
200,131,313
50,64
220,147,277
19,241
255,28
50,166,249
116,173
146,225,252,135
258,54
215,271
21,203
151,226,108
288,2
53,104,82,239
158,148
254,144
195,196
102,257
146,17
36,216
116,122,138
281,122
114,252
136,188
224,250
217,206,158
183,132,321
239,149
108,131
301,106,83
39,256,175
121,2
172,114
74,149
59,136
57,2
20,177
136,204,135
42,27
29,121
148,5
141,113
105,212
83,155
40,61
246,252
175,52
73,284
252,87
306,63
133,39,8
21,29
45,117,243,225
281,93
195,74
147,5,3,22
302,150
124,213
4,275,200
107,37
69,172
75,291,119
193,38
35,322,97
10,79
26,38
106,83
38,283,221
202,26
213,158
246,91,304
158,5,101
280,175
272,224
292,117
2,231
145,13
173,50
88,165,318
128,90
309,195,223
256,262
82,194
89,80
15,138
202,224
97,134
200,151,4
150,280
164,26
293,84
141,162,302
220,4
29,66
20,88,44
114,187
28,175
61,93
264,33
64,229,220
136,151,34
17,71
44,88,128
173,51
246,150
131,209,5
123,182,107
43,269
46,89
2,65
123,217
48,116
237,2
186,40,33
259,229
201,196
87,225,185,67
250,219
58,206,141
18,205
56,288
114,107
22,224,44
136,165
39,312
264,295,136
132,164
164,215
116,61
164,81
220,29
115,104,165
28,310
132,100
23,50
4,5
52,70
212,45
93,61
229,164,259
184,130,269
45,155
46,239,32
133,266
204,197,320
41,52,72
82,279
137,99
173,36,37
294,51,151
9,177
3,148
303,268
9,196,104
75,5,215
236,287
241,67,74
205,43
126,109
297,288
209,147,151
171,113
245,1,231
123,113,226
172,239
163,112,182,28
5,273,33
20,169
37,59,187
87,155
28,56
225,290
265,41
281,93
202,312
61,157,200
89,251
149,74
82,26
131,4
77,165
84,220
20,133,136
137,158
32,183
73,152
81,213,34
33,163
232,141
141,30
123,63
171,122
39,251,236
17,141
127,200
245,198
210,65
310,112
58,122
124,294
272,140,6
128,115
186,59,18
18,43
63,156
28,322
183,122
278,46
113,249,272
122,217
309,54
177,281,15
129,141,62
221,214,81
97,304,110
224,158,182
97,288
141,95,153
201,262,80
141,205
306,41
153,68,208
290,0
259,113,151
9,0
178,1
86,297
152,45,67
283,268
105,236,83,82
151,4
67,72
72,149
214,205
163,212
160,140
232,273
241,298,228
94,165,169
47,110,104,70
54,198
161,115
100,64
60,202,74
114,20
144,46
125,273,284
134,201,39
40,9
45,265
114,219,230
98,35,217
8,20
291,207,263
305,205
124,153
288,16,0
81,35
222,97
38,3,137
117,85
52,83
93,37
94,165,9
128,150
198,154
10,2
34,207
154,54,246
116,93
162,114
101,29
204,2
185,114,270
150,136
131,14,40
151,267,5
127,28
244,197
267,147
215,213
137,158
52,179
239,46
166,179
73,33
66,28
134,77
203,299
185,54,105
108,166
117,315
25,162,236
26,244
94,65,5
52,212
6,87
29,97
182,218,15
82,83
219,12
187,171
114,270
94,39,177
79,89,169
0,170
135,178
144,2
28,71
5,226
140,226,153
52,270
117,104,149
208,128
307,47
35,65,11
244,142,47
134,22,133
157,314
32,73
179,2,106,46
192,39
164,48
242,220
93,250
44,91
88,80
57,176
65,12
97,0,223
173,113,123
11,197
4,216,314
95,18
80,11,10
22,313
41,102,1
79,89,204
301,6
97,122
273,310
240,159
137,84
170,194,94
192,39
139,19,124
89,274
137,221
317,82
139,207
26,9,73,110
296,68,304
22,299
103,301,230
8,120
137,216
240,84
91,307
80,39,295
152,103
264,140,220
87,251
80,302
191,20
31,272
272,62
165,69
73,258
104,83
223,143
93,31
249,134
313,151,200
170,270,123,214
50,0,178
178,236
61,116
158,69
4,203
259,220
289,156
4,216,229
282,224
61,77,100
9,225,54
211,35
64,147,219
224,124
29,202,98
293,291
309,195
225,230
64,186
87,256
92,83
52,144
258,170
17,171
80,44,55,92
4,219
165,181
150,37
234,161,212
224,3
101,139
294,202
75,272
78,176
241,16
282,131,23
287,279
212,83
165,288
214,196
21,22
155,243
132,287
174,137
9,241
266,192,256
167,178
252,230
57,207
28,43
180,68
89,165
59,226,36
76,223
305,145
22,222
35,102,140
31,37
107,76,58
29,220
230,301
260,231
252,52
294,84,202
204,223,178
304,230
36,32,54
290,114,214
107,133,19
33,163,122
1,169
99,299
56,264
113,134
37,250
279,26
133,115
65,115,24
64,123
293,122
107,274,54
203,131
168,123
144,7
140,206
45,270,243
304,161
91,74
74,151
195,11
73,243
83,106,278
157,187
144,155
50,44
175,57
222,224,139
153,227,232
69,244,114
76,297
11,132
178,32
116,17
105,231
109,139,75
274,112
219,224
231,135,19,50
150,136,256
77,2,292
52,41,175
196,285,254
22,282
136,144
205,58,18
41,172
213,151
118,225
2,135
20,178,134
219,224,63
155,2
247,230
51,100
315,272
74,18
147,11
277,285,147
6,54
297,103,258
93,153
93,272
17,281,184
266,8
47,82
242,148
254,106
239,144,152
289,163,173
105,197
141,4,299
66,64,125,63
261,144
29,254,151
74,77
26,45
76,185
12,224
121,177,208
123,163,126
32,225
91,117,97
176,20
113,112
136,54
26,111
173,248
190,168
114,225
35,68
230,162
84,220,205
7,10
20,121
218,255
32,212,274
158,111
121,70
160,31,43
114,69
108,240
294,216
4,131
224,97
256,170
65,224,131
254,107
114,270,45
95,140
280,8
278,97
257,274
82,147
267,12
17,91
139,109
90,57
19,178
165,245
156,259
61,166
42,33,273
114,198
111,93
241,76
319,164
323,166
153,272,310
147,158,313
232,13,28
115,266
43,24
111,93
40,186,157,190
204,212
252,164
15,42,153
10,39,120,94
121,222
8,266
0,241
120,134
236,158
256,170
199,299,100
41,52
252,181
132,65
282,21
74,76
261,178
193,77
281,71
121,32
132,75,5
104,287
169,165,191
158,198
30,15,31
18,17
95,289
246,75,238
258,57
318,208
191,165
238,212
52,175,301
33,157
195,180
155,223
231,177
112,81,151
132,130
146,42,228
45,212,128
105,212,32
20,115
9,304
144,117
270,290
95,93,209
141,228
10,20,89
272,42
280,204
206,157
15,31
204,231
57,181,195
10,150,20
257,53
123,107
152,155
73,16
256,57,165
215,233
10,181
255,14
33,106,249,126
63,219,215
149,304,73
197,1
237,150
229,81
208,204
164,186
40,111
88,195
84,147
51,147
100,229
284,245
145,157
283,204
130,172
37,157
63,163,81
56,193,252
99,51
48,75
287,47
281,93
121,8,115
287,301,136
74,35
274,143,169
157,228
220,314
84,158
93,17,60
51,245,270
35,229
16,241,50,97,187
20,39
216,202
188,162
173,40
287,246
57,89
245,1
106,96
21,137,51
287,46
97,196
128,262
131,137
74,306
125,35
15,111
146,249,111
58,250
210,81
170,120,201
115,169,165
65,119
220,131
2,223,1
134,245
216,151
89,115,230
247,297,125
4,151
153,187,163,13
274,115
182,18,61
131,42,68
155,212
162,198
20,165
323,2
256,91,1
302,177
222,156,229
5,133,215
318,15
176,115
98,282
93,111
80,65,251
302,20
121,175,150
180,190
183,139
214,125
183,89,270,95
22,48
239,86,154
1,77
96,245,74
160,132
118,73
88,165,39
222,29,213
58,138
155,73,38
41,45
34,124
245,39
65,224,215
237,197
0,150
142,241
136,169
75,3,200
28,126
214,55
201,80,74
282,242
155,39,266
59,15
88,169,10,94
46,25,232
4,293
45,198
46,67,155
162,72
26,212
226,186
91,80,162
76,245
33,28,166
283,172
283,201,150
78,120
65,282
26,270
287,251,274
121,68
150,94
188,156,226
181,195,94
36,28,305
303,74,301
264,40,269
122,211
82,53
40,145
2,178
83,155
76,89
187,51
301,231,79
206,190
316,98
311,50,203
266,228
82,288
224,35
55,41
95,113
46,6,274,251
212,85
255,281
214,259
217,68
25,308
208,254,123
199,35,98
191,134
60,187
130,151
7,185
163,131
215,291
27,205,43
24,249
216,148
217,213
59,76,5
236,320,301
156,219
258,181
7,26
261,187,204,16
19,261
172,38
254,155,172
212,252
33,28
199,95
30,211
91,251,304
262,169
113,107
100,133
222,216
145,196
131,113,93
151,264,75
252,259
232,108
13,319,22
73,39
87,67
213,214,136,88
262,176
118,107
16,201
126,224
50,75,71
61,310
171,276
224,97
15,112
2,134
107,251,244
160,30
231,97
96,299
108,24
204,1
66,68
145,227,33
285,2
73,143,188
215,52
46,53,212
294,242,22
155,317
231,288
268,283
197,292
251,196
29,129,35
21,287
22,240,164
93,281,255,211
191,107
186,65
223,193
62,61,108
111,164,61
274,230
75,63,65
186,138
65,250
153,95
257,230
246,230,244
8,57
54,41
30,71
234,6
145,168,227
116,96,69
77,169
11,200
235,107,159
187,62,113
19,115
80,257
288,196
50,0
115,170
48,65
195,74
129,33
52,68
298,20,194
59,120,42
39,80
122,40
272,56
117,252
165,2
60,95
41,105
246,83,41
159,6
239,54,301
158,226,40,65
157,27
85,270,162
107,7,144
94,133,39
230,243,114
289,180
96,278,319
74,198
111,301,30
124,229
252,41
202,291,137
40,186
105,76,89
240,171
158,225
204,318
14,33
155,54,238
219,152
153,227
322,81,293
219,98
212,274,181,7
112,306,202
279,0
245,55
175,261,197
152,148
37,138
54,9
156,75
7,172,45
263,164
149,117
91,246
171,15
1,320
192,284,2
97,279
129,62
287,244,278
31,43
231,96,76,135
224,217
40,85
321,113
75,137
8,77,268
262,128
158,215
51,73,72
37,249,264
230,175
173,25
227,138,122
278,212,235
69,70
93,109
160,37
75,65
110,25
130,156
69,0
114,224
238,104
65,64
266,136
61,111
135,97,19
16,215
14,56
54,231
213,183
22,100
212,265,107
168,30
128,176
241,117
18,224,49,139
35,65
114,25,254
35,164,213
193,69,2
278,191
166,305
46,82
234,6,235
45,231
250,293
243,252,98
169,164
303,302
155,72,106
316,203,84
230,27
171,269
243,254
91,115
271,113
62,97
84,39
196,295
141,65,171
169,33
270,144
101,261
323,122
134,39
100,151
130,108
318,217
200,294,63
52,102
8,115
190,42
33,131
198,76
51,148
161,54
87,103,225
230,279
45,212,25
137,147
196,96
70,55
58,250
278,152
249,171,206
83,93
247,290
259,22,156
281,153
183,158
117,247
80,128,94,177
127,42
259,229
252,175
80,115
215,68,65
305,37,17
151,187
190,285
40,228
76,143
151,5
185,149
164,64
230,39,301
245,77
216,207
171,157
160,28,93
116,15
295,115
245,150,72
55,7
52,107,25
2,196,128
26,150
316,164
274,114
178,155
108,267
239,246
161,175
19,309
39,320
200,158
198,2
41,104
118,144,284
76,283
175,169,298
208,301
76,245
53,257
240,129
139,147,215
304,25,155
46,181
2,134
174,14,130
232,30,36
301,175
147,3,202
93,111
0,107
315,112
247,185
251,247
160,93
195,74,53
201,222
36,98,4
297,276
28,71
313,131
183,164,68
264,206,171
157,74,65
226,119
115,38
223,152,20
213,183
107,234
284,149
55,106,213,114
60,15,226
22,319
134,58,120
224,209
68,219,214
160,74
193,2,197,96
108,255
111,141
207,32
259,81,229
142,152,7
29,126,232
206,60
22,61
306,258
209,314
230,88
220,200
272,43
238,72
266,270
165,85
136,10
266,169
178,135
224,267,34
102,144
20,258
295,97
175,193
225,273
192,180,130
87,244
252,300
257,177,70
272,129
65,229
111,28,232
222,214
295,198
175,89
82,115
112,108
204,193,134
42,119
100,215
297,155
283,256
122,255
111,160
11,35,132
38,188
2,181
17,207
64,224
214,37
219,296
126,220
43,99
318,280,78
100,273,49
39,94
39,266,115
109,34,137
187,62,261
137,202
261,167,50
139,160
72,87
172,117
85,76
150,89,88,266
180,17,95
171,289
256,102
250,9
3,202
25,19
302,39
72,246,69
199,135
257,55
178,325
57,181
77,222
76,1,97,204
267,35
256,193
161,44
179,136,172
160,122
125,164,65
316,60,24
288,2,16
280,57,2
128,136,165
114,288,74
264,250
69,306
120,172
224,215,101,202
180,153
288,19
303,91,231
37,33
141,116
18,219
204,241
14,255,81
97,204
242,99
147,101
220,73,74
135,77
15,112,116
22,147
256,57
224,81
200,313,216
115,38
77,270,76
133,80
255,56
2,0
255,187
20,245
287,161,301
241,280
22,216,131
14,272
61,28
1,320
298,115,165
51,147,22
39,169
0,268
111,33,43
49,149,253
12,219,258
69,97
184,100
302,177
150,57
65,291,126
11,277,34
76,258
62,0
241,196
204,94,266
178,76,288,280
213,207
7,26
148,203
84,124
199,220,316,35
161,304
141,173
246,113
232,127
256,74
222,125
2,242
61,5
139,51
213,29
93,205
300,131
100,95
215,213,65
239,46,274
212,142
151,81
202,214,61,51
226,152
122,218
152,93
1,245
80,302
69,91
173,132,202,272
314,158
278,2
95,40
58,151,242
198,196
257,46,131
208,120
170,80,9
16,231
276,243
49,263
118,71
44,41,212
315,183
20,115
42,235,253
131,51
29,200
257,103
185,69,152
262,295
165,20
293,224
166,236
259,214
106,244
41,72
156,132
80,97
145,157
152,114
229,125
236,161
293,224
243,270
214,35,164
134,212,149
91,225
136,302
23,272
100,213,22
58,15
19,176,89,195
70,224
226,40
157,33
116,71,315,129
106,192,256
201,231
207,34
33,146,228
153,253
145,163
99,148,200
268,97,295
155,212
177,115
278,72
184,58,108
97,178
10,201
240,180
220,63,126
142,26
207,233,12
126,31,218
264,205
182,160
229,81
115,120
264,180
100,313,242
272,281,61
177,78
106,15
2,198
81,229
73,246
20,161
27,122
93,132
186,145
39,256
216,198,77
74,283
113,122
51,220,5
121,181
37,173,50
313,82
0,19
31,163
230,72
136,231,86
213,197
302,177,150
115,165,10
158,5,151
200,199,99
92,254
171,61,18
129,149
193,309
259,200
103,114
226,141
21,224,158
187,141,157
196,115
7,107
135,78
109,163
146,112
142,152
200,199
266,175
163,31
61,122
308,324,69
46,279
60,58,158
232,31
203,293
259,98
266,262,89
113,31,111
260,104,179
230,162,172
39,194
88,31,67
92,38
243,270
53,161,32
281,177
117,159,45
114,85,230,38
121,235
6,76,32
212,55
54,142,41
274,295,8
113,76,222
54,161
35,81
114,45,85
117,69,152,107
265,252,73
43,163
134,135
315,78
37,144
264,148
256,2
117,7
50,51,7
61,187
18,141
204,96
192,116
192,169
234,86
195,83
6,172,87
207,224
272,163
304,150,161
225,275
73,105,53,152
113,166,131
259,75
161,115
67,260,162
64,219,4
267,131,151
41,276
184,207
210,29
231,115,80
27,42
172,73
93,61
65,283,19
115,288
51,313
23,95
115,73
89,45
52,212,54
187,0
195,239
77,76
5,240
231,134
180,158,259,127
224,13
41,301
114,287
297,306,10
148,215
123,114
204,97,187,194
118,69
264,18
259,145
50,255,206
179,120,125
207,139
175,136,165
257,282,177
262,223,39
230,155,172
166,113
36,158
13,138,15,112
33,227
158,216
92,55
190,129
18,219
149,234
53,110,32
10,25,57
270,213,176
96,88
184,269,60
13,14,31
270,155
200,227,166
41,106,236
188,91,152
42,27
205,93
188,103
12,299
130,293
86,307
147,100
200,159
183,192
120,247
115,8
114,165
10,286,120
102,8
301,39,20
177,267
77,197
73,230
83,142
96,204
21,22
157,173,226
249,310
307,82
10,243,26
165,136,306
144,155,276
93,68,249
177,120
300,222,259
274,55
65,51
125,232
165,169,74
12,42,11
59,226
153,82
240,203
207,12,64
243,38
81,14
127,116
20,177,150
70,131
217,65
17,250
136,165
162,1
43,180
177,20
304,107
35,148
282,313
45,161
272,104
83,105,244
86,235
259,35
25,165
91,55
132,206
59,113,186,171
306,107,235
151,267
46,260
133,192
179,276
201,78
151,5
63,153
57,166,172
144,75,26
141,305
108,217,206
153,168
93,205
93,159,54
61,113
212,252
252,278
117,244
91,225,6
10,180,200
2,87,76,212
162,110
158,151,21
281,199
236,83,265
151,23
132,266
116,182
79,133
72,152,7
38,185
103,91
235,82
82,185
236,6,274
0,1
290,152
78,268
163,323,126,24
115,175,120
268,2
238,73
54,83
74,135
32,105
11,213
179,118
202,62,60,157
127,93,182,122
245,76
158,5
158,26
126,310
121,309,8
299,199,132
59,171,61
293,213
73,92
279,256
179,155,118
293,221
9,150,177
224,139,75
212,266
147,141,233
270,200
212,85
134,120
260,53
238,106
287,89
284,95
317,257
212,149
267,98
128,262
118,26
32,247,149
36,205
278,115
55,257
216,132,153
13,148,15
114,6,212
98,23
93,61
158,240
88,266,165
28,145
117,179
307,230,69
156,13,104
34,112
239,135
209,75
297,223
104,178
85,152
83,191,118
108,232
32,279
217,119
270,87
149,317
12,224
125,93
177,148
45,257,72
71,108
247,260,54
114,270
93,61
201,303
301,25
104,35
237,265
230,125
75,221
83,82
216,101,147
102,97
71,226
306,82
279,55
172,243
305,248,180
192,165
243,234
146,173
187,245
66,291
70,115
280,91
152,41
132,84
9,147
232,184,30
240,119,151
46,203
69,152,72
86,6
287,278,236
148,215,60
144,38,270
264,250
17,220
291,77
39,115
152,230
83,47
261,97
234,55
34,207
140,93,15
62,4
294,95
137,202
123,310,249
10,302
0,97
30,36
188,290
262,150
169,170
215,137
318,172
33,100
178,2
81,124,35
131,144
126,182
216,131
67,304,251
148,294,240
35,158
316,158,139
109,43
171,229
293,82
144,72
2,245,237
274,257
214,272
235,304
113,141
96,2
188,144
8,115
165,20
95,163
151,158,210
65,213,291
68,207,139,75
200,63,148
277,131,200
14,31
