0,1,2
3,4,5
6,7
8,9
10,11
12,13
14,15
16,17,18
19,20
21,22,23,24
25,26
27,28
29,30
31,32
33,34,35
36,37
17,38
39,40
10,41
42,12
43,44
45,46
47,48,49
50,51
52,53
54,55
56,57,58
59,60
61,14
62,63,64
11,65
66,14
67,68
69,70
71,62
72,73
50,74
75,60
76,77
78,13,79
80,81
73,82,83
84,85,39
86,87,88
89,90
91,70
92,0
45,1
93,94,95
96,55,97
98,97
99,100
31,54,82,101
97,102
46,19,103
46,104
27,50
105,106
107,3
97,30
108,96,109,110
11,111
13,112
113,114
115,60,116
117,45
78,118,119,120
121,122
123,32
124,106
119,125
126,31
127,96
78,50
128,22,62
42,129
130,131,132
69,133,74
91,51,134
135,105
136,94
129,137
35,36
50,27,138
139,91
97,62
140,97
141,142
143,132,77
144,145
14,64,146
147,26
16,148,43
41,149
27,150
101,134
130,84
25,14,26,23
151,23
152,102
139,153,154
155,156
157,158,159
157,160,161
53,72
112,144
162,163
87,164,30
117,48
32,116
165,43
166,102
167,26
91,20
1,33,168,0
169,45
170,112
171,44
172,173
174,175,176
126,177
178,122
179,60
180,181
134,49
86,36
151,5
62,182,183
184,185
106,142
151,12,61
186,86
187,127
188,100
62,67
189,54,0
71,190
191,13
79,192
156,29,108
193,190
83,194
64,195,196
83,59
51,181,197
117,198
45,112
199,80
200,114,201
147,154
157,202
150,83
100,203,3
204,124
205,196
206,18
17,31
39,132
37,15
207,47
144,79,56
148,204,5
72,49
42,208
187,17
201,76
108,132
209,210,32
60,31,211
56,170,70
199,97,212,3
3,110,143
161,12
115,192,184
213,181,43
89,196
63,129
19,79
72,109
109,112
214,57
77,215
141,216
12,197
146,67
68,113
117,116,38
217,113,156
218,175
15,110
168,159
113,12,162
28,132
219,54
220,203
99,35
53,103,177
51,221,222
223,224
179,184
225,113
108,89
226,137
227,228,229,230
231,45
106,111
127,196
201,102
132,34,128
49,221,10
45,123
232,150
53,233
85,144
41,234,235
0,236
210,131,237
195,4,110
95,238,239
80,101,240
152,181
197,4
140,12,88
45,241
143,182
95,236
61,181
83,105
210,59
127,237
217,228
159,18
237,222,119
242,243
104,244
101,245
139,131
97,146,128
59,105
246,247
40,134,209
248,215
11,53
132,33,249
199,7
239,250
210,136
141,251
192,46
61,252,151
76,61
253,254
65,47
33,103
222,237
164,221
33,108
192,144,44
255,150
85,47
192,184
108,252
156,140
256,253
153,125
23,150,72
145,219,192
40,237
56,36,212
59,231,222
196,72
232,45
257,224,139
258,101,10
132,219
106,133
128,90,68
124,62
102,200
50,106
259,260
29,12
261,94,260
11,109
49,237
18,170
143,3,76
103,233
17,45
63,157
46,77
191,66,140
31,105
104,256
262,100,190,215
263,106
36,141
190,100
66,140
260,241
214,127
141,102
128,108,132
25,0
229,9
170,224
135,203
73,173,182
73,210
129,190,167
177,40,134
174,121,264
265,30
266,93,75
171,267,31
246,100,88,80
43,4,172
68,12
151,227
196,234,110
215,100
90,202
37,261,62
268,89,151,182
204,90,214
215,262
151,181,58
244,101
160,0
164,63,80,155
193,269
146,2,33
270,271
272,273
112,260
124,220
141,142
274,191
4,172,140
275,140
85,112,276
207,245,150
226,69,105
104,255,256
186,68
68,73
143,99,190
62,66
174,218
98,76
137,45,277
236,127
252,113
22,158
158,249
201,180
120,250
151,4
53,138,121
181,9
109,193
278,50
76,140
234,148
279,113
166,180
95,280
150,224,281
275,130
255,133
272,96
282,151,181
146,205
159,156
98,283,42
138,10,106
284,160,35
285,180
49,93
35,2
266,206
9,227,14
38,59
22,128,108
98,15
184,286
159,146
158,151
203,287,228,9
244,266
50,87
45,212
77,143
204,201
70,101
12,168,124
58,246
68,201,142
245,218
264,219,109
60,95
70,2,210
288,61,251
62,8,132
86,265
238,289
38,206
179,47,31
172,28
138,134,237
154,290,10
98,3
92,153
98,76
254,32
291,210
138,44,239
91,78
62,24
57,265,152
259,136
53,209
243,151
248,36
60,46
243,92
233,94
61,100,249,37
249,223
173,71
109,51
51,101,291
291,103,258
105,31,94
229,151,14
190,88
32,210,105
96,68
234,229,164
246,97
254,192,185
65,232
192,46
292,124
0,293,67,66
159,35,163,294
143,260
35,295,89
220,291
137,266
246,275,16
20,139
61,24
263,296
210,230
239,210
85,138
252,152,23
96,297
214,145
116,67
94,92
153,111,142,8
115,256
25,28,4
66,294
158,1,0
105,281
297,60
49,51,109
221,257
59,95
33,89
160,67,298
108,227
204,66
99,187,140
252,162
231,222
222,91,67
99,199
226,299
88,293
98,77
225,156
4,190
39,210
49,276
282,22,63
141,227
209,224
117,8,1
136,115,300
105,95
106,90
28,164
180,152,113
136,125,52
206,83
35,200
301,188
165,192,68
39,51,121
302,153
112,303
188,304
68,142,110
294,117
159,7
305,94,243
51,111
86,276
258,306
98,198
145,192
161,63
235,22,118
270,113
72,103
243,92,94
13,39
9,67,216
237,306
173,307
173,159,308
35,269,100
82,56
74,145
181,249
192,283
14,204
104,304
120,39,139
104,142
28,274
106,40
113,26
83,92
41,309
119,12
225,152
3,22
53,276,310
311,177
293,129
165,24,88
312,178
60,303
35,168,89
177,69
227,200
67,202
179,241,260
101,134
7,128
9,12
247,43
43,130
158,293,141
182,185
238,222
89,33
235,9
224,53
36,76
285,87
147,193
11,45,259
292,205
200,82
47,174
137,224
81,190
2,160
281,59
90,168
76,89,190
138,121
313,224
286,206
298,237,209
72,287
120,286
284,12,132
174,13
285,44
163,220,22
41,164
80,66,272
260,244,83
296,22
313,106
314,68
80,26
250,109
220,190
80,88
167,77
281,302
152,115
95,94,242
170,109,82
275,208
240,315,73
68,152
231,54
12,155
260,243
69,281
24,67,229
233,78,27
14,15
164,215
20,112
274,87
196,28,153
99,86
78,257
280,92
47,254,115
213,108,35
133,48
112,47
76,142
75,231
172,4,234
65,185,198
101,277,154
142,163
102,216,282,203
42,113
222,206
6,13
239,42
172,15,270
154,259
85,312
86,173,190
212,76,87,215
63,213,279
31,179
184,46
173,181
283,45
32,185
31,210,137
88,215
133,86,315
136,260,52
246,233
50,316
210,239,206
55,277
281,242
159,62,108
56,232
8,165
9,135,152
200,164
265,77
41,30,200
300,28,54
96,172,99,52
76,80,77
110,36
46,253
268,295
94,213,117
106,178
245,276,306
231,33,17
131,207
153,244
169,104
251,172
39,97
92,153
62,1
264,176
258,268,204
129,8
23,141
82,49,206
3,212
86,3
36,76
87,147
221,104
188,86
232,264
224,20
190,199
266,33
105,198
206,53
65,221
212,262
97,127
100,215,304
236,37
77,147,188
143,66
73,136,219
1,35,157
151,37
78,65
162,201
63,173
63,101
59,2,315
40,109
66,172
67,23
146,282
83,260
121,134,138
45,92
191,208
303,46
180,28
69,243
235,181
306,48
151,67,62,132
306,316,250
22,180,113
209,170
212,97,173
43,28
308,165
106,53,134
8,317,62
248,293
161,208
173,198,265,292
315,46
270,157
14,68
304,16,124
141,157,295
264,308,204
313,165,37
275,195,193
125,39
17,39
303,56
117,250
106,27
150,170
3,77
112,207
207,104
179,105
195,204
214,180,217
60,54
0,291,204,94
91,39
133,136
303,104
54,104,45
265,187,26
227,140
20,112
189,92
17,189
180,29
232,94
193,41
256,79
110,190
264,265
119,137
44,184
41,88
34,212
69,243,315
93,244,222
172,76
288,103,111
290,72
6,144
162,227
3,204
34,214
164,2
113,264
181,196
125,310
205,29
127,43
110,231,99
67,134
150,276,207
47,127,117
99,26,3
141,114
279,108
10,313,106
219,55
260,43
106,279
154,32
151,176,38,270
318,109
76,201,143
52,153
47,112
313,144
239,297
125,94
62,279
275,294
241,244
200,68
67,62
276,55
190,173
89,202,296,132
301,97
21,270,190
176,258,19
196,146
246,140
107,274,57
262,319
147,292,87
67,141
16,96
237,51
197,130,127
61,151
50,281
72,51
103,48
243,240,85
312,257
241,286
221,47
38,133,59
57,116
200,249
50,90,268
60,289
4,190,5
137,123,254
28,43
106,94
24,8
12,156
62,63
56,35
21,220
69,115,286
224,11
143,98
28,294
220,212
157,151
180,151
92,179
51,49
243,145
163,62
119,150
32,210,123
55,222,137
284,58,234
189,289
154,115
31,17
138,44
286,315
27,104
181,201
94,40,170
208,53
41,17
296,89
6,255
237,226
256,47
106,136
112,118
294,234
252,43,203
172,66
201,212,265
107,144,244
40,298
0,203
124,32,238
201,23
112,176
179,47
218,106
265,237,72
32,303
50,121
28,195
148,246
199,215,190
312,10
16,36
311,129
36,319
15,268
128,181
192,60
113,220,92
251,63
162,14
241,281
164,4
157,160,1
41,28
108,168,2
315,257
272,108
233,224
97,141,311
296,62
305,45
13,49,298
18,170
12,37
280,276
242,281,177
80,214,3
136,66
275,110
192,52
47,254,55
139,124,9
308,147
79,112
222,194
41,172
172,165,270
140,257,264
262,36
265,201,173
56,47,218
172,140
132,282,128
268,114
10,131
128,151,196
261,219,136
184,240,136
135,68,63
37,56
134,61
102,24
102,228
206,162
125,136,179
113,162
295,33
45,94,260
89,113,140
114,59
99,164
264,192,224
141,180
103,115,111
172,155
63,102
302,260,153
320,254,46
251,270
212,187,130
31,123
45,31
290,50,306
285,150
233,285
32,130
20,209
257,207
27,106
11,109
223,119,19
146,168
184,256
132,279,67,275
119,139,112
189,289,222
260,321,118
244,132
161,57,87
266,222
203,12,67
103,284,223
105,93
49,72
81,37
95,211
67,151
228,168
178,117
36,198
26,147
233,232
175,119,13
44,178,285
275,130
173,201
283,163,41
141,235,25
163,77
222,6
208,216
89,181,139
258,233,53
51,20
68,9
120,285
83,89
47,257
165,62,66
305,106,270
226,154
50,190
122,194,170
217,35,249
156,114
35,36
222,121
1,161
17,237
140,161
71,28
75,83
62,276
148,196
68,97
291,103,111
17,55,115,154
181,136
88,167
152,181
35,317,220
12,140,265
198,76,98
89,159
290,224,250
290,178
37,15
91,103
26,247,107,308,272
177,241
175,103,120
281,83
21,41,96
269,124
150,101,106
60,46
247,23,9
110,86
150,257
59,95
64,172
285,40
14,100
142,3
207,65
32,226,45
292,41,43,110
132,14
86,198,181,212
28,190,196
212,143
120,170,119
67,61
208,146
183,77
238,94
60,226
319,212
51,62
55,300,137
219,137,60
34,0
73,178
224,38,189
198,58,25
72,233
108,22
46,283,116
232,70
129,132
119,192,269
34,9
44,109
117,233,111
190,191
201,29
231,133
77,190
194,32
48,101,203
185,75
106,214
302,83
50,16,109,2
43,262
204,142
170,139
49,246
124,220
111,121,51
123,237
69,70
15,115
130,274
244,243
96,148
132,139
43,304
203,68
31,192
277,289,18
172,4
303,315
195,235
200,284
81,165
219,40
150,20
205,207,109
43,28
31,83,136
176,139
106,135
102,161
43,251,217
121,198
216,159,2,87
119,150
47,255
117,53
12,152
190,188
72,178
209,255
185,60
101,278
181,2
113,203
97,235,220
241,66
197,246
244,240
100,199
249,67
122,232
196,143,247
215,5,269
59,266
245,53
210,48
10,51,154
29,43
237,138,51
305,177
270,251
177,139,45
182,62
149,222,312
178,316,312
9,113,102
12,214
3,148
163,129,63
28,294
313,232,40
184,18
309,134
144,176
260,297,92
214,180
117,126
83,133
29,151
13,203,226
139,91
310,237,27
121,60
170,179
134,55
160,141
235,86
184,300
65,290
47,139
36,222
252,200,186
76,26
34,157,62
135,58,102
221,176
164,148
157,256
196,206,79,167
117,232
207,106
11,134,291
140,193
137,253
16,83
190,265
77,39,31
137,145
175,78
167,60
97,66,43
89,159
39,119
44,50,138
50,72
186,294,66
124,107,80
56,272
11,63
43,66
238,87,246
162,61
89,155
303,231
247,130
50,146
237,266
28,216
234,195
237,178,181
49,291,50
35,228
189,105
99,293,322
3,293,143
314,159
316,49
220,66
196,304,173
16,236,246
255,254
276,175,44
107,294
231,210
224,117,72
156,10
119,49
199,76
90,201
181,62
21,107
239,153
195,43
142,23
154,106,69
224,10
94,303
290,260
189,69,92
154,84
170,178
127,275,76
190,170
275,70
65,285
91,20
87,76
166,200
43,122,189
60,104,300
212,196,192
230,135
109,83,79
210,83
158,36
31,184
214,216,142
135,134,101
31,50
23,155,14
53,116
207,122
89,1,142
256,47
39,175
219,178
284,227,86
184,226
109,237,258
179,300
31,69
67,227
157,163,89
143,43,234
110,172
106,44,140
112,224
217,140,102,184
244,52
224,109
235,173
35,108
258,297
322,247
49,10
3,110
62,2
42,252
216,252,102
106,167
132,7,22
222,277
52,126,226
144,134,82
135,172
91,323
12,201,203
83,95,283,54
201,36,265
110,293
34,157,90,0
10,56
155,142,34
62,317
105,138
285,97
287,2
203,225
204,265
135,317
94,207
128,9,295
72,224
119,243
197,124
164,148,247
141,19,61
109,11
188,127
123,207
269,97
76,88,86
76,196
130,143,124
296,236
284,135
181,217
72,6
78,276
181,113
72,281
129,8
87,143,212
87,292,108
311,99
66,130
199,77
316,106
10,106
191,76
39,122,131
48,258
54,302
12,24
322,99
122,285,84
307,3
231,54,192
324,192
14,67,61
312,196,142
226,83
139,84,72
177,207
154,126,52
233,250
63,20,75
106,298,103
233,237
141,29
139,246
275,149
82,73
103,291
43,127
275,195
80,99
214,2
9,14,181
196,251
134,312
220,193
138,263
51,123
276,103,65
10,210
42,214,151
285,179
1,42,151
259,104
39,106
49,10,291
185,104,192
130,247
274,191
29,80,173
127,130,43
291,264
201,156,180
11,27,121,224
164,130
62,250
298,245,101
10,264
15,190
97,14
192,177
206,120
317,142
110,265
206,236,252
291,18
68,228
65,258
132,159
55,78,302
31,18,154
100,294
205,61
196,90,273
14,67,201
138,237
156,142,61
257,170
76,130,51
224,112
134,106
70,13,10
136,54
9,29
197,89
162,168
175,20,131,56
184,45
59,318
102,9,151
285,136
33,284
4,66
90,62
54,260
297,38
289,105,115
171,47
255,60
180,102
196,220,269
306,237,72
144,159
249,33,22
299,54
151,311,201
72,290
272,16,77
262,88
3,98
93,290
214,42
129,217
101,49,72
318,264,49
252,7
108,184
35,89
67,114
269,124,220
34,197
8,162
62,14
5,166
159,142,2
253,17
196,173,184
28,146
35,68
8,275,67
91,237
147,104
95,177
130,48
162,113,152
99,88
30,49,53,232
322,143
10,112
272,76
200,9,152
240,125,289
128,168,157
100,262
97,36
254,241
209,69,178
44,109,224
165,151
224,109
4,111,190,14
237,153,93
112,258
298,264,72
155,235
289,165
235,193,246
63,130,292
35,146
268,42,114
29,132,1
53,38
164,220
107,191
278,72,106
94,242
185,137
245,118
198,89,98
42,107
255,259
159,132
96,67
194,178
86,188
99,124
291,250
92,250
258,49,48
228,200
154,240
53,180,44
293,215
138,245
291,264,221
69,121
26,201
42,129,183
36,98
192,109,104
63,157
251,197,204
100,172
322,143
89,182
213,200
141,200
322,15
49,101
19,199
75,83,59,139
154,109,150
258,49
243,297,244
271,112
114,29,12
208,2
303,49
228,132,162
215,106
191,135
113,180
240,316
113,142
98,3,198
201,3
165,272
299,32,104
22,231
95,300,297,93
105,189,266,206
140,130
274,231,272
0,151
136,210
68,180
281,243
21,127,124
60,45
273,146,154
313,59
203,236
135,308
244,239
172,25
246,77
189,289
109,178
117,192
156,141
175,296
188,262
64,208,158
252,61
316,106
273,114
261,92,136
94,130
145,95,20
298,93
18,184,31
322,98
50,237
209,91
49,146
49,106
48,172
106,224,109
158,190
9,14
206,241,211
273,25
6,119
85,164
199,173
119,250,85
235,254
83,304
235,196,124
176,106
86,77
62,105,113
122,264
132,22
109,1,93
217,14
299,138
85,13
293,26,167
240,32
180,62
103,286
294,91
216,181
92,93
52,21
90,33
268,311,196
186,140
12,9,34
121,158
324,309,233
201,166
9,205,132,156
220,173,89
51,224,233,53
116,41
132,237
312,176
101,228
286,116
286,133
142,61,12
18,32
290,121
272,188
107,266
191,37
125,133
280,186,154
197,101
83,125,240
313,257
89,136
221,207
141,151
5,204
9,182
136,289,52
317,67
21,150
317,98
85,139,20
292,34,22
36,161,77
224,65,258
218,276,133
35,1
179,239
172,270,304
153,83
101,237,40
63,208
51,109
234,5
300,137
119,20
315,94
251,100,190
144,291
284,33,35
228,22,183
237,103,299,94
109,250
255,47
305,66
39,170
243,303
235,148
190,265,86
160,161,63,236
45,17,46
182,22
213,214
43,223,50
88,87,198
43,195
290,72
203,227
294,150
93,159
212,246
11,112
109,282,303
224,83,133
259,116
98,7
97,219,41
268,145
88,220,181
161,33
154,104
172,140
177,32
178,277
132,22
72,164
4,130
101,224
200,42
171,45
245,72
72,105
256,226
141,251
16,196
192,266
76,186,71
191,16
251,66,161
190,80
215,222
232,139
39,144
247,4
189,59
195,268
210,192,74
184,171
4,258
10,94
150,223
180,204,100
111,72
260,206,85
91,136
184,59,31
65,174,233
35,26,87
228,230
59,255
87,201
138,292
203,142,146
241,133
192,133
94,302
74,136
113,268
99,164
49,123,302
35,202
306,138
266,46
134,45,27
173,201
206,84,95
282,207
259,48
87,113,148
208,146
53,109
132,108
63,89
22,295
218,178,160
220,244,24
63,162,249
206,83,211
259,104,283
151,220,61
152,201
120,65
106,185
84,206
89,180
154,210
200,291
294,191
295,62,151
105,117
296,25
57,249,30
103,136
246,12
73,239,297
204,160,188
184,31
97,21
307,121
40,187
240,313
18,52
148,96,16
136,283
10,48
131,150
98,76,319
150,120
33,143
181,58
324,117
94,315
108,189
72,103
285,103
102,156,234
67,89
279,62,132
104,111
299,263
312,182
63,43
306,117
255,116
203,151
40,170,115
119,18,244
88,215
291,72
47,121
115,255,31
99,4
111,237,103,51
46,45,226
43,291,139,233
273,141
177,260,92
201,77,124
190,193
137,244
58,215
142,114
182,287
72,127
113,293
116,325
184,4
286,243,242
281,125
249,159
103,285
133,38
247,8
104,286
258,207
292,143
103,224
150,56
286,239
194,170
53,176
136,189
167,86
58,14
138,40,82,210,112
40,49
297,241,45
137,72
3,5
324,258,313
148,269,16
19,141
152,23
89,287
157,96
84,91
264,290,44
285,103
215,146
302,31
86,30,97
196,269,107
155,307,94
39,91,299
251,196
137,310
67,16,2
172,274,57
305,177
43,34
90,159
171,153,192
121,82
170,288,121
237,101
152,181
142,42,214,2
149,270
295,128
54,192
40,138,316
62,152
224,222
42,236
128,29
141,102
233,116
31,169
192,181
217,29
182,63
188,156,95
94,83,92,315
144,145
21,97
38,249
111,56
218,233
174,131
108,172,235
46,315,91
49,72
67,162
92,125,305,94
85,91,48
120,119
181,217
36,77,215,143
82,32,84,109
37,26
18,93
74,239
70,19
103,127
150,170
93,116,60
36,4
51,69
32,261,184
258,250
104,123,120
42,129
183,151,201
77,76
7,161,14
74,194,290,84
196,235
224,114
276,55
48,194,65
294,145,154
132,182
291,72,288
253,47
147,4,172
120,112,39
179,242
246,249
179,299
83,95
36,165
199,190,3
56,103
137,261
10,52
10,224,53
192,302
243,77
277,45,95
48,263
251,164
229,187
93,54,154
279,89,8
109,175
275,235
212,135
119,49
92,260
288,53
65,263
215,181
83,150
5,43
66,140
105,83
190,132
277,281
121,49,138
129,34
77,198
163,92
9,180,217
274,51
324,50,117
47,19
59,83
292,172
163,33
79,112
291,175,72
226,231
4,244
59,242
231,45,18
56,170
124,107
181,102
32,116
224,245
165,30
117,277,20
181,148,234
43,36
292,168
69,59
102,181
42,8
5,147,76
281,104
91,313,111
17,116
266,286
76,128
114,164
192,69
97,76
132,67
106,53
127,311
175,119
116,139
177,254,244
107,42
180,40
313,134,209,245
292,77
215,299
181,8
92,99
98,87
165,168
112,174
59,244,206,177
243,11
219,32
5,130
173,199
5,196,251
9,181,58
140,251
244,105
296,60
290,308,19
142,113
308,26
278,258
128,159
302,29
189,38
29,113,24
63,8
62,33
197,237
8,225
49,51
175,22
226,126
222,95
56,83
313,242
87,155
254,125
101,72,139
42,67
135,6,180
35,295
269,293
134,52,40
64,227
90,208
232,144,170
242,267
210,8,119
76,262
63,314
150,286,227
24,142,234
93,92,260
143,36
92,297
4,9
237,233
260,136
163,239
93,242,83
139,44
117,103,72
52,245
276,20,150
27,50
20,39
190,220
48,134
313,208
245,20
109,65
167,37,86
120,39
72,32
26,266,156
146,2
251,275
189,93
116,8,202
256,123
9,42,197
45,79,119,139
200,227
177,260
226,176,214
35,1
212,97,26
292,97,198
156,142
16,3
103,192
53,312
132,198
38,240,83
103,72
240,286
301,314,236
90,146
272,130
55,242
256,45
257,207
103,194
157,296
201,143,3
196,197
282,108,158
290,112
136,222
187,190
132,146
143,240
97,26,3
148,3
20,79
73,254
49,326,13
11,17
12,61
245,144
130,98,292
104,219
281,121
143,37,319
153,85
266,211
93,95,239
119,41,26
81,70
51,72,27
77,265
222,133
64,132
148,220
177,37
210,80
37,293
27,47
106,178
36,165
3,173,76
200,10
200,227
248,193,66
20,94
238,105,59
205,63
77,98,26
239,210
318,106
76,212,80
227,201,162
74,254
34,269
20,112
203,76,47
275,21
190,92
100,190
36,31
207,194,13
12,210
238,69
156,40,56
282,99
278,111
154,17
117,224
172,30
127,173
63,24,160
135,29,285
172,287,103
143,36
65,194
35,107
105,9,153
20,164,172
60,139
119,39
36,0
69,206
61,102
124,196
168,159
66,3,36
209,27,310,39
176,23
45,18
92,17
125,74
298,94
95,17
252,228,160
171,49,299,94
43,269
65,224,207
170,250
266,57
33,90
99,151,212
26,143
25,130
82,240
104,18,154
31,94
134,258,49
24,163
47,105
227,275,156
114,214
68,152,181
301,77
106,39
295,61,2,203
180,15
107,165,322
80,28
104,313,285
116,189
55,94
159,197,281
6,120
23,216
0,158
191,133
49,263
248,102
156,93
124,4
215,30
119,91
135,151
127,191
170,207
30,190
39,20,119
131,6
166,113,157
263,222,209
265,124
238,92,133
162,229
77,56,36
170,237
70,106,245
246,86,66
198,25,100
15,248
192,263
220,274
106,209,10
176,139,119
92,136
6,87
246,106
2,28
257,263,122
313,312,40
53,72
274,167,294
115,254,55
67,128
317,281
31,228
281,291
312,72
211,95,50
256,249
83,125,105
162,90
33,180,282
177,239
31,17
235,311,64
172,121
215,30
35,158,295
278,50,224
127,96
224,143,269
200,286
226,92
47,56,91
124,8
264,286
249,14,106
40,309
84,32
124,188
89,195
1,142,190
85,119
146,63
53,258,60,47
26,127
280,103
173,190
233,176,122
199,193,322
21,10
124,167
252,198
221,256
100,110
246,77
109,91
7,158,2
28,198
84,39
177,92
138,134
237,263
247,5,23
20,103
194,5
213,279,7
8,181
285,178
230,98
121,27
265,5,127
47,48
89,157
226,136
182,132
279,8
142,225,128
125,133
230,143
61,157,242
59,129
313,55
175,313
144,139
182,108
203,201
49,56,266
209,117
46,313
96,246,224
249,34
164,25,96
105,286
96,180
240,277,222
76,77
82,85
151,173
151,26
120,119,118
9,292
67,42
175,112,194
264,60,11
140,274
180,24
319,89
288,278
207,131,170
135,200
97,201
92,260
5,104,172
190,96
89,86
181,221
121,124
233,46,66
80,227,311
188,186
48,209
244,125,240
301,30,77
192,126
88,172
222,285
55,303
93,45,123
40,106
129,157
294,188
14,217
108,63
66,43,57
128,132,62
252,114,142
93,177
36,322
292,140
228,42
188,30
234,66
21,43
113,135
197,298
132,228,80
242,315
222,94,153
207,65
89,295
322,99
22,157
157,227
52,136
63,181
69,106
28,218,42
130,152
156,86
285,212
95,170
161,102
168,2,156
281,233
176,78
103,13
60,31
86,41
157,142
128,108
151,10
23,142
5,269
189,105,222
41,57,198
283,184
226,60
104,93,192
67,182,251
72,47,48
191,96
89,295
63,8
50,144
278,306
45,18
134,133
31,52,122
176,47
322,190
254,200
113,200
46,134
214,200,108
72,239,95
91,258
319,99
51,250
233,47
116,153
309,209
140,16
161,162
109,281
291,134,243
106,237,121
62,200,67
265,188,143
45,142
90,2
133,109,85
27,46,170,64
158,135
265,86
176,18
193,204
197,106
198,3
237,72
227,61
243,69,94
30,77
246,149,143
156,50
252,102
118,79
244,105
160,156
112,40
143,155
312,91
135,317
127,275
296,249,279
295,35
83,289,277
87,184
82,112
141,152,236
138,208
298,49
113,102
100,36
94,238
222,184
295,141
150,9,120
316,209
134,197
146,108
49,324,138
24,212,132
31,127,150
85,170
276,64
287,190
279,160
157,226
115,61
44,150,65
173,80
151,143
264,73
152,180
72,298
28,172
80,36
84,252,106
133,74
265,3
22,51
20,139
169,303
83,93
159,63
195,220
80,2
302,194
95,315
36,188
132,180,141
209,186
37,100
9,68
164,193,172
184,255
40,197,101
284,242
132,279,64
47,105
259,125,136
72,257
41,147
80,36,322
227,230
95,93
53,122
89,1
104,116
105,116
65,207
11,68
242,5
165,190,15
139,176
72,224
12,141
97,148,26
304,295
75,105
49,220
25,98,190
31,184
39,156,49
258,48
84,106
282,156,9
122,46,204
117,309
77,201,205
232,289
41,195
117,72,104
83,59,10
247,100
26,80
99,80,100
132,163
275,246
160,180
235,195
224,95,67
94,298
294,124,28
19,112
187,204
115,276
170,274
110,86,4
128,61
180,317
63,80,179
159,166
87,19
295,62,236
19,39
78,27
281,192
155,113
44,56
119,103
49,189
152,304,258
177,55,291
188,64,112
49,134
88,281
282,279
76,3
257,91
283,75,315
190,70
60,192
190,89
30,319
113,157
189,83
119,93,232
76,143
203,149
143,236
159,140
291,195
276,171,256
68,151
109,250
64,208
88,167
258,72,134
301,77,66
143,251,245
112,144
192,18
181,67
230,180
236,62
130,270
106,245,47
49,255,285,260
125,105
93,105,38
33,146,295
141,196
108,237
59,106
116,300
9,102
219,18
91,150
56,170
84,257,19
286,125,153
317,201
159,143,172
134,103
143,124
149,196
129,185,156
86,190,173
219,123
95,177
176,310,243
95,271
294,65
315,39,210,266
141,114
235,124,127
270,215
157,191,102
37,190
93,83
146,4
235,66,43
74,83
199,26,98
107,228
51,233
286,136
206,238,244,95
190,203
167,37
141,12
41,311,234
112,144,84
132,62,63
203,207
269,149
5,108
94,69,260,286
226,303
169,313
100,276,87
222,203,22
91,291,145
196,265
72,264
154,179
56,106
41,212
291,134
281,283,125
212,30
269,28,172
103,230,99
117,224,27
245,276
109,224
187,292,76
117,34
3,43
275,164
155,227,71
106,171
205,147
214,68,180
140,304,66
92,20
220,196,172
127,143,76
21,45,65
231,52,254
66,183
66,216
196,262
164,170
27,91
156,102,279
222,14
167,85
227,200
50,224
253,45
209,175
10,90
10,92
89,8,159
44,51
239,105
4,200,150
184,73
69,242,92
66,43
256,158,192,184
316,47,10
44,134
47,245
219,17
191,34
237,99
182,22
42,61
41,220
148,162
116,244,72
192,105
138,106,209
116,46,73
197,127
130,191,272
49,95
10,119
280,207
295,62
149,66,77
151,287
67,87,196
104,153,254
98,186,220
284,159
27,290,121
60,192
224,185
133,99
11,285
45,266
17,256
39,221
122,131
109,49
232,78
48,41,89
128,217
240,39
43,247
28,197
252,61
83,105,240
310,65,56
78,272
52,19
98,196,4
132,200,156
181,113
103,286,276
106,237,10,134
220,124,195
109,100
152,157
145,47,283
143,262
156,214
3,187
17,312
282,289
168,159
283,92,255
130,311,274
28,203
235,98
142,282
187,37
184,104
155,23
162,67,252
161,148,163,150
213,114
3,212
40,237
113,114
70,276
94,260
133,244
112,65
257,298
131,233
43,28,130
43,67
196,148
146,159
233,234
166,12
108,63,62
185,254
290,72
110,262
49,196
134,291
14,216
86,81
122,261
94,154
201,129,63
4,100
285,144
104,300
143,59
251,190
95,38
97,143
193,21
91,38,116
31,115,276
206,210,95
207,237
53,192
38,45,224
226,154
188,130
108,129,64,7
6,53
22,135
91,112
174,139
234,5,124
105,53
73,116,133
111,6
161,102,155
233,121,49
37,293
56,96,48,7
199,200
200,124
155,102,114
212,100,77
172,146
192,93
72,264,151
244,65
196,316
172,42
31,240
77,147,265,3
138,144
272,124,130
193,251
144,154,195
181,213
228,61,208
89,182,128
78,112
84,170
151,203
54,226
317,42
5,43
258,112,49
143,229
220,36
317,61
84,6,112
231,46
15,146
155,141
46,147
120,269
137,31,17
5,229
222,207
250,170
266,83,222
76,143
15,246
19,112
208,14
317,102
145,219
113,201
243,93,83
255,283
89,163
200,108
232,72,65
143,198,173
49,316,312
45,46,260
203,26
53,73,63
34,190
55,167
303,4
316,72
86,199
121,0,251
124,201,68
86,66,124
193,199,217,212
207,79,170
266,283,233
106,117,101
74,27,290
113,45
42,68
156,196
158,34
203,113
52,192
63,0,204
80,193,113
177,118
47,194
51,201,151
163,35
43,172,66
216,14
134,101,49
150,65
79,84
285,207
51,139
237,176,10
258,72
217,181
19,7,100,43
177,92
84,176
141,208
62,33
185,154
189,153
31,255,276
180,181,314
282,236
9,58
296,190
243,242
39,191
83,154,224
53,178,106
263,258,31
66,16
213,7
188,212
86,199
72,306
98,97
79,207,6
265,100
136,94,52
26,76,97
249,212
64,196
259,55
140,195
53,50
35,61,226
89,314
286,184
73,133,93
109,60,45
234,4,41
15,191
72,134,196
182,208
39,65
103,264,109
117,65
132,1
86,87
147,188
93,241
162,299,139
308,293,173
134,155
164,66
197,283,83
170,180
117,224,134
133,152
117,263
56,134
147,249,108
235,246
79,13
26,198,173,77,76
152,135,9
97,172,292
220,43,28
141,252,113
64,193
315,74
104,137,141
105,186
50,138,109
26,132
132,129,63
152,217
176,117,109
121,49
129,16,233
76,190
203,162
141,9
83,240,74
317,142,162
132,7
62,249
143,198
72,237
260,320
170,65,82
319,12
264,224
300,177
72,119
39,2
258,197
20,47,101
181,197
206,153
180,162
83,50,60
273,230
3,143,26
139,207
315,31,104
210,192
257,207
240,148
236,162
139,119
221,112
105,43
129,113
36,89
0,201,7
258,40
245,237
80,37
164,43
52,92
182,159
61,214,143
319,77,199
231,299
178,109
247,164,16
117,51
143,86
102,229,162
62,279
96,89
111,112
60,141,5
143,26
191,2
45,239
117,263,264
298,101
312,65
5,25
28,43
177,133
86,165,147
16,275
117,150
107,43
10,203
41,193
195,269,274
253,201
173,36
161,30
88,120,74
13,85
7,227
278,170,250
28,135
92,250
56,276,91
235,4
236,129,282
212,130,182
124,164
103,72,264
45,104,219
258,27,10
106,92
138,134
121,291
72,317
208,37
264,132
68,162
16,57,128
97,98
154,310
86,301
16,188
310,112
202,249
54,48,136,318
140,196
174,299
250,263
29,61
154,210
201,198
210,239
21,146,157
96,76
39,10
106,263
266,154
66,4
216,143,203
8,70
66,173,130
222,280
127,164
175,120
46,233
42,162
95,107,129
141,201,102
194,136
15,110
311,109
178,134,53
87,188
17,244
161,129,33
4,127,28,294
23,161
104,138,227
68,1
185,63
144,276
150,245
204,142
233,83
67,270
13,82,39,91
317,114
113,188
290,174
220,173
101,117
109,11
95,222,133
251,28,164
8,296
122,257,207
281,39
105,74
237,133
181,113
220,207
153,95
16,84
134,49
248,319,152
53,109,103
251,158,187
90,158,34
67,135
254,38
303,154
113,53
154,18
22,108
173,265,196
90,190
276,312,170
14,230
253,55
99,188,80
292,199
188,3
184,219,116
132,61
312,233
96,121
89,287
303,226
207,170
82,121,178
113,127,67
88,185
108,2,159
178,31
214,174
55,137
235,114
122,13,144
45,145
172,197,66
63,1
145,255,276
154,47
228,143
34,33,160
231,184
59,257
192,231,91
142,133
74,207
14,58
284,159
236,229
121,291
100,153
39,20
154,259
212,30
121,49
225,114
184,266
5,73
68,67
241,38
170,56,144
146,34,89
175,39,120
110,173
67,227,63
54,105
226,31
312,56
191,164
256,55,254
119,122,144
217,35,146
50,10
114,156
106,49
56,131,65
47,179
64,108,62
233,200
99,110
40,121
3,76
104,54
274,28
83,32
206,189
113,227,180
293,76,110
232,233
236,63
207,49
166,23,68
276,221
157,160
272,172
247,80
230,228,129
171,276,256,115
97,143
61,225
156,113
204,198,190
102,67,151
130,251,149
151,69
116,92
128,8,208
141,146,282
45,124
286,72,39
88,81,215
288,318
186,43
20,89
106,49,40
203,42
101,27
67,90,35
18,233
56,101
16,214
247,71,197
113,252
79,39,175
27,11
60,116
238,281
27,265
112,106,20
180,112,132
94,10
4,247,127,28
190,156
282,295
74,109
139,94
152,29
154,132
77,308
263,125
170,215
292,212,97,319
246,40,48
87,180
295,1,89
80,212
40,103
130,191
73,192
158,295
254,115
76,196
41,311,262
13,78
276,31
79,91
216,204
233,50
260,95
123,125
194,224
132,128
134,27,237
20,278
194,48
37,215
83,222
63,208
40,103
146,72,103
20,175
145,286
158,265
17,303,219
58,181,67
130,5
181,2
82,109,170
168,100
253,303
180,142,181
33,34
121,215
60,104,18
83,315
76,265
265,196
121,106
200,161,180
47,266
160,317
123,281
237,222,224
108,62,22,128
4,148
146,236
302,114
105,134
76,172
136,95
87,124
265,124
28,246
230,243,216
261,239,136
313,19
166,227,63
136,154
197,209
153,297,52
208,296
263,248,94
244,210
171,189,45
10,246,40
146,142
190,262
233,47,232
103,170
77,26
143,265
226,46,104
161,158
63,3
129,34
154,105,40
293,224
143,62,239
203,273
269,143,140
169,49
60,184,52
115,46
52,226
265,199,289
249,12
128,196
224,27
222,136
232,99,172
196,251
294,164
21,275
101,121
276,175
64,132
47,139
188,203
106,197
12,114,279
279,202
103,175,178
248,185
224,51
22,71
46,154,116
84,6,13,39
153,242
28,21
127,107
298,175,106
119,91,56
224,51
104,10
197,28
261,256
129,151
113,268,35
69,189
203,227
203,67
69,45
196,203,135
298,290
51,122,207
9,89
162,9,102
135,151,180
55,31
48,246,169
219,60
9,12
162,97
210,119,151
159,161
142,179
147,61
222,73
222,32
121,153,111
161,1
140,127
188,64
45,60,185
161,263
50,53
94,262
84,65,85
260,281,94
143,191,76
103,38,194,207
237,117
10,11,316
108,47,190
220,270
114,42
224,72
296,132
311,279
188,242
92,221
64,295
66,86,319
75,266,209,275
51,84,144
87,130,212
112,56
159,132,1
87,108
291,139,133
132,63,296
49,84
273,142,36
181,113,8
230,42
17,115
154,297
295,1,34
47,13
33,148
161,151,141,35
251,190
229,159
176,85,56,39
131,117
133,302
247,235
219,312,79
91,72
242,243,136
56,223
20,175
317,151
214,141
97,26
81,170
172,43
133,192,60
94,73
160,61,169
83,59
69,136,125
135,119
134,224
62,134
37,167
150,101
289,210
165,164,13
222,297
192,46
201,77,305
23,252
208,21
158,205
87,270,29
224,40,121
54,105,133
63,132,8
18,184,104
227,29
232,42
37,110
195,75
220,248
209,258
35,129,173
3,76
40,298,49
248,208
318,101,53
224,112
165,86
188,187
172,128,76,80
68,216,284
180,235,62
244,164
65,10
107,28
34,157
255,115
245,178
50,112
92,60
237,17
106,49
149,108
191,55
80,99,190
135,160
16,268
77,215
31,285,104
161,68,164
95,238,130
174,119
209,103
93,47,210
89,272
145,169
21,275,227,120
108,89
77,235
63,8
210,74
26,147
181,317,228
130,80,275
104,231
190,66,266,63
125,206,244
192,123,222
26,173
92,296
94,289
80,293
95,305
292,269
299,179
52,136
207,46
113,102,12
141,63
255,109
48,245,237
155,285
74,240,241
194,47
292,278,276
251,195,220
272,66
229,174
67,227
135,158
213,60
321,51,47
39,174,119
201,4,72
132,228,201
323,136
190,121,296
0,238
66,37
20,10
227,142
227,203
181,180,217
148,193
224,53
126,47
21,36
106,134,237
11,49
235,172,196,164
191,96
243,53
45,5,28
151,59,69,143
190,83,187
97,196
155,76
275,141
69,94
61,5
61,156
233,213
151,61,114,113
140,247,28
20,312
220,59
107,80
265,3
177,93
65,106
49,311
9,200,102
260,20,49
109,255
60,46,231
285,94
8,273
116,45
26,188,234
47,256,154
289,19,192
205,132
86,159
69,235,52,224
81,30
109,27
249,142
38,83
72,101
142,12,114
220,287,213
13,139
104,39
178,224
174,112
322,110
230,50
3,294
31,219
254,117
45,123
91,112
233,101
159,249
209,237,264
51,119
266,240
291,250,109
257,232
22,159,89
119,17
30,76
117,141
80,281
187,173
163,132
49,11
60,46
144,112
243,83
191,96
105,73,53,170
188,140,28
257,122
27,233
19,139
290,72,104
206,69
104,215
100,168,108
94,57,18
67,68,295
43,295
45,266
256,137
156,12,214
191,124
172,130
170,139,48,119
31,94
260,94,266
217,67
142,181
36,191
275,265,248
111,104
32,283
9,175
237,138
110,165
180,75
323,65
291,138
5,149,41
164,5
230,181
154,83
129,183
227,142
201,230,200,142
266,133
8,249
263,47
22,8
51,11
63,287,180
28,173
221,112
311,80
319,190
173,87,198
265,128
190,97
121,154,210
297,133
232,46
198,172,92
220,195
198,84
19,218
111,318
141,237,107
65,39
228,80
205,249,152
9,228
38,167
270,103
234,311
193,235
55,18,255
159,2
20,54
114,180
39,13
63,81
222,281,240
113,68
51,103,53
10,109
207,237
10,138,27
236,63,8
133,290
42,317
215,4
262,311
170,121
89,203,132,156
88,275
134,207,20
172,124
190,76,41,91
55,109
21,157
253,220,106
188,215
100,30,215
128,206
211,133
236,279
98,307
241,92,172
93,110
273,142,23
162,61,68,58
26,274
164,28,127
131,192,115
206,83
174,106,291
103,50
94,154,105
181,102
61,128,212
276,56
184,153
254,31
265,4,79
109,310,258
196,294,204
245,48,72
277,92,133
115,116
27,178
133,83,94
60,45
21,31,253
30,97
311,193,28
45,66
127,81
110,28
57,147
140,190
158,236,34
76,311
143,76
29,148,181
251,294,96
164,189,315
53,39
21,246
85,207,185
244,239,305
201,102
86,296
220,26,215
213,249
11,18,258
313,209
93,206
260,237,106
100,15,97
214,2
90,64
224,263
212,77
156,42,142
33,203,295,62
294,127
278,233
51,53,263
229,141
110,77
127,87
138,202
163,35
288,109
191,272
313,291
237,10
100,279,159
190,31
50,121
21,269,124
46,226
174,117
259,255,17
41,197,4
81,89,29
43,13,149
10,106,40
292,47,249
36,39
110,80,86
315,235,244
28,172
135,227,162
132,158
124,311
210,106
68,29
161,265
274,141
217,163
81,262
66,275
113,155,151
14,251
291,74
155,113,203,14
8,168
235,44,122
128,212
164,100
215,80
121,103
63,132
56,51
12,41
6,176,20
173,251,292
184,32
132,59,245
72,255
164,197,269
27,207
19,11
209,234
21,167
46,32
280,230
61,279
193,5
270,220,130
43,230,172
220,195
209,305
7,96,215
155,230,317
237,27
219,283,201
129,279
293,28
150,128,96
323,44
110,3
136,209
55,170
256,184
243,303
8,63
253,43
227,29
117,48
109,212
15,80,165
146,235
72,126
210,171
265,77,190,87
252,100
179,184
18,256
200,29
13,271,174
137,259
59,119,63
93,305
35,243
96,57
231,104,116
250,121
172,164
104,125
236,294
144,47
194,170
262,80
187,76
286,10,312,74
64,151
189,38
132,168,146
109,40
212,97,76
177,295
254,178,207
47,194,170
111,291
48,138
61,102
281,305
113,205
188,15
80,100
1,161
7,132,236
306,245
89,62
0,129
13,47
294,247
172,127
121,211
144,49
295,188,73
14,142
257,44
9,201
143,76
255,137,31
312,164,191
95,104
232,224,49
54,192
235,143,270
12,142,141
154,146
192,60
257,16,43
92,94,153
24,195
252,42
43,63
40,101
226,283,185
19,13
50,210
92,95
152,24
80,143
43,124
149,183
228,229
156,21
190,61
208,164
4,198
315,133
103,145
114,236
258,13
39,19
112,258,48
191,140
192,282
107,197,312
38,210
190,165
109,207
254,169,302,239
143,4
50,72
107,130,164
263,169
42,132
136,36
196,43,234
95,240,222
124,130
45,139
111,51
116,206
63,62,182
97,158,124
111,53,103
92,154
244,95
208,89
210,111,119
159,317
175,192,156
257,46
141,114
124,269,235
124,205,227
250,219
177,101
20,39,78
38,222
192,46
220,196
104,169
285,47
234,61,82
269,190
275,193
295,282
103,51
140,172
197,156
28,172,4
116,72
22,158,295
184,207
94,254
216,61
126,299
134,275
257,312
297,59,243
117,231,18
269,274
239,185
201,34,42
103,231
34,23
69,31
114,62
109,309,72
12,217,2,114
233,122,59
13,170
94,55
101,106,242
207,281
9,58
170,323,56
47,256,303
99,124,138
157,33,160
92,261
193,87,151
86,4
121,60
46,145,321
293,262
141,42
109,104,51
142,105,80
132,8
23,239,41
209,50
13,209
104,192
199,128
135,166,14
138,92
147,85,64
201,1,159
187,99
175,72
0,205
292,301,143
93,239
276,121,27
40,122,47
197,246,172
295,284
147,43,77
228,236,43
172,188,12
243,105
185,278
126,92
208,172
292,124,97
170,85
128,62,163
34,227,173
245,108
139,103
241,136,66,72
52,283,210
157,36,180
109,50,84
161,40
227,135
135,227
52,136
83,266,95
95,189
22,129
75,252
227,114
306,245,291
187,212
72,49,121
249,202
26,163
160,97,200
55,31
29,162
22,180,251
320,13
232,224,49,138
185,145
3,86
80,140,76
195,220,41
57,204
109,280
306,67,49
285,106
258,263
214,201,228
154,209
100,30
164,220,294
276,185
180,151
42,76,0
224,132
224,72,103
24,58
209,65,53
80,110,262
104,231
134,281
106,105
15,265
184,192
39,44
162,272
143,270
16,311
276,158
133,206
181,190
187,142
65,233,175
157,22
51,72
279,132
97,87,77
115,283
232,106
16,124
249,34
68,9
102,274,201
164,272,140
127,311
53,103
192,69,125
191,293
116,211,55
189,316
185,176
265,3
22,154,166
159,1,160
122,278,207
223,285
139,222,46
83,294,87,160
139,120
135,14
54,254
84,175
181,162,4
258,170
215,265
279,108
152,228,9
293,86
84,189,60
62,63
192,48,293
214,94
48,237
0,270,191
274,204
162,31,96
114,24,61
177,52
56,65
35,296
141,22
299,265
274,25
232,56,70
279,168
59,241
260,83
92,123
7,108
13,95,184
83,280
47,154
52,94
31,17
28,130
112,175
286,105,83
57,136
72,49
286,222
109,231
107,188
48,63
29,109
140,5,251
17,254
20,85,112
53,48
311,96
226,61
72,250,192
210,254
50,250
89,142
76,80
243,41
32,46
262,201
65,20
54,266
62,132
67,268
48,39,119
110,87,3
161,132
42,99,105
97,30
286,58
72,53
222,94
179,219
124,247
119,139
42,127
311,43,235,5
201,83
83,239
207,122
138,265,62
84,139,95
217,201,317,67
43,251
33,282
177,136,92
36,279,190
85,119
218,33
36,263,57
208,275
174,47
118,39
7,243
188,191
201,212
134,200
77,190
157,89
32,17
47,276,49
17,184,179
153,72,19
8,262
41,251
64,215,161
181,180
192,60
276,91
262,30
193,16,204
222,76
293,80
58,162
59,289,302
93,60,84
315,134
152,9,200
244,73,305
184,231
162,35
120,170
4,43
52,289
295,1
294,127,274
67,9
195,204,260
191,110
302,315
311,102,181
177,136
63,34
91,47
62,244,133,66
89,2
83,59
76,188
221,65
37,43,112
239,128
71,199
31,83,43
177,243
249,132
239,206,59
231,219
307,87,167
274,188
306,109,93
63,208,35
239,210
98,187,97
153,10,112,281
78,207
8,159,295
59,237,83
248,147,97,173,164
158,102
154,253
271,231
262,196,251
208,296
89,196
72,313
15,147
31,49,281,212
94,241
323,110
264,47
143,265,292
239,93,177
222,92
166,152
255,47
18,260
177,82
174,112,19
31,171
313,215
227,102
279,207,246
130,196
176,84
196,195
169,222
266,81
46,226,169
321,129
8,9
273,269
76,292
184,179
42,181
105,239
276,179,126
68,173
239,59
68,186
163,127
167,63
42,275
100,99
40,316
183,163
282,76,212
158,182
185,52
313,245
97,87
29,113
296,108,22
205,132
174,112
16,5
250,11
21,16
100,28
29,217
122,56
171,31
80,190
197,4
241,95
68,217
188,80
214,114
172,224,53
253,222,243
270,5,192,136
227,246,198
303,261,75
86,100,37
263,144
23,59
279,205,236
237,262
104,153
238,237
148,96
85,45,318
181,203,61
128,132
172,195
136,210
53,173
99,295
46,17
281,302,136
30,215
33,186
39,20,139
190,28
245,98
235,124,66
90,34
75,45,226
108,7
283,254,253
100,67
296,33,161
161,33,317
65,175,119
164,43
130,140
322,173
21,67
237,138
143,105
176,84,39,112
18,66,134
143,3
119,105
106,237,134
100,207
212,76
177,188
111,224
223,70
243,259
110,41,201
54,184
4,258,302
16,305
117,290,240
286,81
134,258
157,5,23
32,45
234,164
237,47,207
72,117,50
281,94
82,207
289,95
27,212,185
185,184,231
172,236
0,238
294,73
166,181,203,229
20,174,112
209,139
71,80,212
86,88,80
137,255
291,84,53,117
26,215,190
22,66,4
31,60
125,177
181,273
242,286,153
192,98
281,38
312,207
149,148,181
138,101
12,100,89
52,59,31
43,214,258
80,36
35,0
157,277
109,192
49,178,237
272,237
266,165
73,133
195,246
4,164
263,40
125,266,103
132,162,314
66,269
105,46
197,1,106
192,266
129,227,63
141,268
95,83
236,167
260,286
217,77,220
53,65
45,119,27
8,279,128
129,128,35
105,177
51,118
244,151,118
98,5,173,87
93,254
250,43
210,133,244
106,257
21,195
196,106
67,181,9
286,260
17,179
59,210
129,63,62
212,265,43
227,201
143,248
23,203
37,190,86
74,18
9,224
60,46
10,237
194,237
203,201
36,99,147,97
96,199
311,161
47,237
124,77,100
100,127
209,237
105,242
68,162
109,293
196,291
176,19,131
52,105,11
254,17
245,150
266,239
182,129
109,108,4
51,53,323
7,96
115,59,210
241,95
210,231,260
75,45
214,317,113
214,274,135
167,96
125,286
278,85
151,204,60
241,94
72,224
128,9
92,46
61,108
37,80
212,28
97,143
173,130
167,93,149
143,3
8,22
153,231
275,212
91,232,285
229,143
140,186
185,45,105
260,18
104,169,222
82,84
76,173
127,311,235,41
285,235
234,196
35,168
0,29
170,224
219,259
199,97,201
47,171,299
139,45
20,112
158,268,236
249,38
43,86,36
43,164,196
197,40
207,117
16,190
72,50,106
252,200,214
2,89
266,38
124,164,97
106,324
231,226,17
16,187,81
26,28,317,186
291,134
292,275
181,317,151
15,86
26,100
142,45
209,246
164,247
156,9
119,39
308,274
184,124
39,83,31
294,88
222,266
120,174,119
30,196
145,18,31
188,43
290,92,276
181,42
299,255,326
32,261
209,264,121
10,87
75,115,281
227,197
22,180,33
201,105
56,94
36,167
100,101
121,72
273,227
166,60
70,52
268,29
75,207
147,9
139,84,174,175
189,55,254
176,49
15,127
55,254
61,151
187,307
66,62
31,83,54,213
124,188,130
262,147
232,83
0,104,44
315,59
132,159,66
245,271,207
5,12,166,47
246,301
62,197
113,130
224,245
203,250
204,97
210,83
220,71
72,133
92,243
127,199,80
12,141
68,14,200
18,104
116,60
131,134
82,144,139
80,258,23
173,37,4
89,67
295,182,168
266,72
97,188,86
289,93
61,188
113,227,14
10,78
27,258
184,226,75
17,60
151,313
45,104,103
182,108
19,169
144,276,72
297,142,54
103,288
80,37
101,11,79
120,85
38,179
16,275,41
20,141
41,234
131,95
246,40,134
121,210
129,8
20,119,174
63,29
208,62
246,148
31,154
224,47
16,80
3,26,76
128,9
127,124
196,182
39,139,84
251,196
94,95,60
199,124
235,5,215
264,195,311
109,39,237
116,19,53
322,199
58,212
12,231
14,63
38,281
24,208
232,60,255
126,299,154
165,94
317,197
63,2
275,196
140,132
38,315
231,89
90,295,279
141,113
135,180
265,164
249,7,251
128,168
84,194
272,173
118,174,112,13
154,310,51
75,60
317,8
106,9
103,318,224,178
113,111
308,173
133,116
64,1
116,46
77,71,315
24,286
17,192,289
28,273
9,68
246,191
118,285
59,112
17,6
111,39
41,234
172,135
214,42
180,230
295,112
12,200,141
206,83
190,71
39,139
39,20,119
132,324
199,81,190
8,162,291
132,3
294,188,246
18,46,117
44,117
31,210
74,134
292,77
222,250,210
56,152,9
201,67
14,137,138
13,79
209,313,258
194,50
143,26
122,22
60,184
226,17
91,227
220,235
244,266,286
38,210
108,208
52,242,125
207,53
291,72,27
141,243
47,179
293,100,80
253,227
116,192
20,44
68,196
175,72
76,143
78,257
220,76
249,129,159
276,106
61,142
117,132
258,106
83,151
126,170
206,156
249,208
192,239
154,17
298,250
4,77
220,211,196
241,38
149,183
49,138
188,313
143,87
301,140
36,86
92,69,241
76,98,173
213,168
263,266,291
70,49
143,198
69,17
119,93
143,294
195,68
99,76
162,181,152
46,198
177,297,69
126,54,154
229,0,279
189,185,281
106,285
209,5
86,195,15
305,125
43,269
73,105
195,265,66
223,96
220,41
91,176
96,270,164
287,181
222,219
39,129
246,129,30,311
50,306
121,251
128,89
68,63,163
258,117,11,298
260,27
211,137
47,254
80,37
180,121,128
174,102,138
113,296
257,23
247,172
124,142
309,131
195,124,66
44,119,224
244,222
47,162,198
69,299,20
255,136
261,192
93,92,17
35,163
13,78,263
124,5,41
35,58
200,180,166
30,102
89,24
240,241,13
159,246,260
194,156,319
100,212
5,204
316,197
19,18,263
33,193
62,96
116,133
291,40
12,163
109,106,189
36,97
85,39,20
93,233
119,13,91
312,119
185,106
212,41
75,120
210,52
231,75
69,243,281
200,246
61,29
317,9
139,84,91
233,84
74,189,281
311,96
307,110
49,10
113,268,128
8,62
214,113
264,103
59,105,238
31,126
233,50,72,109
138,134,121
14,112
286,242
313,316
224,178,207
2,128
139,222
258,72,278
23,196
172,281
52,69
33,35
195,25,272
227,204
307,97,76
257,122
269,247
170,285,85
17,254
220,172,4
250,65
97,246
218,84
221,165,69
233,69
183,62
72,45,286
265,292
86,293,3
31,123
9,67
130,39
173,80
4,135
65,227,174
112,120,176
90,202
284,160,89
184,242
143,100
254,32,46
108,279
297,177
190,173
98,147,36
69,94
68,180,229
113,180
57,216
156,22
279,34,151
137,283
108,214,124
237,134
120,257
235,317
94,303
83,93
16,262,26
270,172
97,77
45,285
229,236
180,92
157,27
184,103,260,109
42,3,151
311,102,43
60,243
256,137
266,123
156,159
206,239,244
100,86
210,113,110
95,45,259
157,89,159
67,66
198,3
246,197
139,39,13
18,85
116,245
262,269
133,82,169
209,237,48
141,214
209,264
136,38
54,321,116
104,116
102,317
30,155
216,152,166
216,40
7,241
51,113
291,72
34,63
151,42
295,202,161
119,59,48
120,293
230,182
293,140
103,224,85
252,81,234
259,243,133
219,17,60
100,191,76
113,14,23
317,160
15,258
66,148
143,97
112,48,179
29,142,317
45,31,244
309,313,258,69
9,67
269,319
218,285
77,311,265
133,244
121,42
292,3
196,86
258,120
93,242
239,4
151,61,252
289,260
140,28
143,319,187
24,273
2,129
222,153
10,210,154
109,94
148,251
68,252
15,244,152
215,37
161,51,31
11,260
243,52
196,189
279,200,168,182
141,62
209,106,138,49
72,205
270,36,311
200,68,14
113,132
77,63,3
24,42
108,279,128
31,46
142,181
222,51
239,229
15,207
248,45
230,227
208,222
250,313
315,281
141,22
66,57
159,284
101,178
0,159,2
85,131
223,39
36,178
266,85,77
72,240
284,26
236,208
254,173,121
227,80,113
176,20,112
212,26
297,51,60
56,99
139,79
41,246
113,83,95
82,194
27,49
180,216
61,236
181,134
121,85,117
138,106,101
172,188,130
134,302,18
127,204
152,28
5,114
151,159
124,190
87,304
76,275
60,210
129,89
67,141
86,80
43,234,127
39,299
91,72
38,83
170,257
96,5
40,47
39,237
121,233
190,196
173,43
143,187
250,237
106,10
150,312
53,50
102,41,182
180,46
95,196
131,135,181
241,244
212,87
58,168,160
266,244
240,257
59,92
157,64
212,132
200,217,68
226,120,224
134,309,310,258
203,229,230
173,204
204,149
39,91
190,293
234,113,26
28,175,271
262,88,80,190
204,124
188,140
215,83
83,171
192,303,267,300
270,140,124
295,156,252
102,9,24,181
51,49,52
18,31
250,111
60,116,46,169
181,67,102
201,77
122,209
5,124
220,275
63,81
23,12,268
239,60
233,237
232,109
175,47
2,269
83,121,18
243,125
155,77,92
192,138
189,223
269,144
68,36
51,44
44,178,207
26,86
95,132
97,270
46,237
185,226,253
98,16
175,312,20
130,172
251,301
8,34
51,136
130,141,196
59,51
56,232
53,103
55,52
203,201
179,92
104,286,281
17,192
146,180
133,94,177
171,169
54,322
312,134,20
266,111
24,151
139,175
192,303
250,154,263
191,127,164
125,315
130,196
175,285,91
281,189
60,69
170,117
68,5
162,67,135
45,266
298,309,197
49,20
191,59
99,319
311,195
63,26
287,214
193,5
48,17
242,222
127,251
314,76
2,163
204,251
100,190
157,128,212,219
67,128,9
140,16,28
100,322
323,207,196
295,213
27,49,109
272,274
36,90
50,51
219,94,136
206,59
215,22
132,270,159
94,46
14,1
69,17
141,180,61
70,232
260,52,242
62,63
134,189
63,196
243,197
203,181,14
93,238
97,87
179,224,125
193,172,60
167,198
47,256
231,54
226,116
33,35
243,194,148,46
54,302
154,257
244,55,116
61,181
72,269
13,139
29,203
64,208
240,319
289,153
142,227
176,112
9,113
14,65
106,138,49
291,50
112,139
108,213,249
317,84
239,283
151,61
185,83,239,31
46,260
88,110
248,37
80,100
60,276
112,50
190,37
1,161
276,6
46,75
302,45
138,153,226
100,235
49,13,184
9,22,90
46,60
260,92
317,114,29
83,95,59
87,26
192,217
215,124
269,270
265,190,195
12,214
265,292
230,196,86
97,76
296,244
77,173
13,39
93,74
39,132,55
150,22,72,200
153,97,134
306,201,281
48,49
63,132
189,133,38
237,101,106
186,88
28,66,110
124,60
249,236
106,285
119,10
208,63,193,9,173
157,181
242,103
133,244
154,60
154,55
221,246
42,216
254,296,133
50,72,117,109
286,233,154
177,153
53,117
247,127
227,34
165,124,198
208,204,2
195,295
84,91
37,207
5,165
82,47,223
128,159
272,148
140,151
157,201,63
43,235,220
201,76
97,188
20,176
82,85
115,38
58,234
161,168,33
144,112
63,61
130,143
43,96
113,235
34,198
226,73
235,130,21
281,305
69,94
42,147
277,182
237,243,48
12,156,161
110,147,99,86
53,310
122,280
15,36
245,313,111
275,204
159,89,22
61,162,9
219,155
299,231,46
94,119
233,290
97,269
97,198
135,214
35,157,159
45,6
3,28
170,118
234,96
93,286
136,240
83,105,210
12,68
88,190
105,222
265,270,62
109,69
184,206
66,181
235,247,251
106,207
189,49,146
16,147,247
239,242
108,245,308
228,317
173,102
72,215
117,129,125
55,145
23,151
20,39
316,106
216,141
284,157,2
64,140
180,227
201,317
191,193
42,105,144
108,236,63
194,207
263,13,306
112,78
132,292,213
92,209
46,184
294,248,119
235,37,9
9,12,67
63,2,143,37
209,85
64,35
16,196
108,180,26,197
31,17,139
244,224
53,229
245,240,14,227
45,54
154,80
313,295
3,43
105,69,45
109,290
96,9
60,45
184,226
146,159,157
228,156
97,212,100
60,7
97,201,143
110,80,86
197,172,246
241,240
322,283
198,165,80
119,18
133,116
244,211,109
194,207
39,47,95
38,244,206
140,172
132,63
228,190
41,26
292,3
62,238
310,49,101
98,293,22
97,100,246,199
86,322
72,47
81,322
148,181,262
86,224
214,8
89,248
50,63
231,224
109,69,232
123,254
112,139
296,163
231,189
316,88
112,79
220,134
128,4
97,220
43,281,205
322,75
308,76,292
6,40,316
146,9
171,209
139,56
142,132,76
18,55,52
306,167,220
222,185
45,60
102,51
188,265
113,5
29,155,290
160,254
65,285
227,114
178,72
81,190
81,86,37
42,162
123,17
311,191,21
53,72
196,77
66,294,4
20,312
164,81,148
136,192
140,43,247
197,153
79,220,222
91,176
136,45,189,281
79,84
76,215
11,224
103,291,264
249,89
262,3
129,200
265,30
5,98,296
25,237
143,196
41,148
20,103
141,102
9,176,72
196,41
192,46,75
3,173
163,63
180,214,227
258,255
49,209
191,80,100
29,132
236,222
326,286
106,313,298
138,306,92
258,134
4,301,148
43,220,234
322,188,3
243,133
276,128,54
83,133
155,151
74,83,210
72,290,109
207,194,285
287,45
110,215,36
52,238
228,61,33
229,152
306,123
229,29
170,56
44,211
212,3
319,152
178,56
170,51
276,254
128,34
22,182,108
92,226,87
69,93,38
137,59
174,65
41,149
150,170,0,57
190,98,36
153,289
52,46
104,192
193,275
119,10,101,78
3,143
173,322
208,296
204,80
99,265
29,28
101,27
83,136,286
291,72
178,170
8,36
206,178,217
220,232
196,203
275,220
133,244
278,176
3,0
81,2,236
209,136,31
130,43
279,190
309,47
35,275
311,16
176,51
72,264
72,117
39,6
116,326
269,96
34,35,168
250,112,51,170
36,212
227,208
68,155
172,130,188
85,19
109,78
63,22
111,224
189,219
65,285,44,323
297,92
90,143
144,184,115,112
158,236
69,133,243
300,256,60
233,209
41,26
68,0,196
102,61,141
232,170
21,251,193
189,117
181,91
121,237,45
104,179
191,204
234,100,22
201,102
94,65
242,185
240,123
109,250,72
52,123,184
29,109,11
46,98,43
164,1
52,218
220,191,16
94,315,260
72,320
103,10
132,129,295
18,222
26,103,292
317,279
222,283
207,72
62,89
294,190
300,83
193,195
94,83
92,260
168,295
71,185
224,72,257
9,180
157,125
95,49
110,5
264,136,91
110,100,165
289,281
138,139
91,294,103
182,168
191,28,164
322,30,293
317,216,113
101,102,133
135,12,67
38,59
80,76
187,193
177,325
212,147
241,233,95
252,28
209,138
291,86
140,62,251
208,129
150,91
263,134
83,93,222
234,270
109,121
76,162,247
253,73,281
232,209,250
99,217,173
312,48
87,3,97,76
27,239
134,226
37,77,164
69,255
223,285
143,196
222,73,206
150,233
293,190
290,223,51,10,19
33,173
172,251
119,116,60
151,142
5,124
256,276,47
155,142
313,224,49
63,129
86,265
102,151
255,53,122
290,323,111
196,190
159,62,236,160,22
172,43,190
260,73,20
126,191
39,119
188,210
31,126
45,300
237,300
46,32
47,55
275,266,47
80,135
273,205
126,18
76,199
254,139
29,266
275,165
65,285
42,114
5,165,311
105,258
165,164
208,61,9,0
184,32,83
138,245,174
223,79
133,238,266,95
39,219
189,27
302,289
184,222
110,9,141
5,177
170,44,232
178,303
1,89,188
60,206,192
255,56
100,97
173,204,197
179,45
91,230
76,262
69,281
121,210
49,121,134
111,40
194,51
236,35
161,172
168,268,284
235,215
233,73
141,106
170,132
116,128
243,133,59
63,97
128,160,7
17,256
4,247
26,308,76
176,39
98,191
136,133
72,18
145,150
315,177
192,18
101,97
144,207
193,43
60,111,215,159
29,43
60,50
26,37
8,182
25,11
242,136
164,80
277,281
237,281
16,66
220,195
76,102
196,96
281,115
242,260
63,157
206,238,244
252,159
67,290
15,76
157,62
306,83,171
233,227
52,297
217,215
229,311
98,88
28,251
53,318
81,188,190
152,24
242,125
28,5
276,47
289,239
143,74
95,254,184
250,209
279,63
154,184
82,285
92,222
50,276
76,272
18,60
73,40
26,80,83
318,233
27,31
8,7
281,306
95,260
155,287,102
33,4,86
132,87,121
207,144
158,77
192,17
305,125,189
112,139
234,98,190
45,116
261,54
76,275
45,39
190,86
234,196
40,69,96
147,15
17,299
108,0
207,231
72,173,56
92,209
152,247
108,246
76,304
82,285
92,180
17,276
279,68,229
157,63
276,312,109
187,292
65,56
202,121,270
94,73
292,266
20,6,50,170
254,150
45,52,260,242
80,110
44,65
67,228,135
20,56
244,144
180,29
131,122
145,73,312
151,29,61,142
87,28
104,115,18
198,181
233,106,17
261,76
275,188
51,237
224,131
123,299,169
41,131
302,153
109,288
167,37
53,134
200,168,86
43,52
324,116
198,163,134,265
32,244
311,63
113,268
56,31
86,190,100
132,260
114,317
149,53,22
290,233
158,182
142,162
290,40,117
187,86,172
249,22,87
70,83,75
34,284
121,224,233
52,291
317,92
251,270
28,66,186
160,102
17,116,137
220,204
315,94,31
146,215
103,106
231,83
56,39
106,47,49
292,7,127
208,102,200
143,100
72,40
197,316,313
195,235
299,257,179
22,282,132
35,129,64
102,146,156,66
22,9,102
66,164
211,250
207,92
39,118
130,220
317,43
137,106
169,116
8,103
33,102
254,185
218,170
105,92
37,190,215
33,162,297
252,156
41,28
81,213
198,292,272,43
113,42
153,112,31
47,154
190,26
276,19,65
275,164,87
121,292
79,85
89,132,229
243,154
214,152
143,135
36,26
6,85,20
315,94
76,143
37,60,67
52,145
17,70
302,243
81,149
55,47
69,286
239,105
209,39
110,4
237,47,209
39,208
104,83
80,77
182,142
249,22
49,313,233,250
127,235
18,104
165,132
167,215
72,103
272,191
261,115
217,102
78,138
196,294
67,166
168,34,295,163
129,249
47,154
49,285,6
140,202
315,69
41,101
264,177
34,146
84,201,207
63,163
244,60
16,220
192,189
305,136
52,136,94
140,248,87
34,159
102,117
187,41
2,279
76,308,77
65,143
36,37,81
153,207
145,46
31,219
112,194
166,286,52,197
254,277,109
212,16,41
246,236
168,185
64,108,132
5,4,130
290,49,106
151,113
61,252
39,91,223
97,110
179,46,185
53,224
143,86
97,25,80
165,67
177,94
15,88
146,160,34
10,258
203,181
287,33
159,141
134,316,290
129,202
260,69
268,128
53,109
174,65
56,65
196,41,195,220
276,126,256
174,46
117,288,51
41,196
200,158,205
130,175,60
136,302
223,207,237
158,132,208
192,73
154,231,46
286,266
127,212,97
177,31
117,237
80,254
101,109,237
214,12
92,209
215,77,130,80
296,128,8
236,182
322,149,155,108
76,43,98
39,47
154,44,138
136,116
220,148
26,172
16,141
107,181
209,22
90,168,1
56,68
60,92,91
231,54
82,290
168,9
165,37
19,122,139
50,111
94,44
56,47
26,16
76,188
62,9,64,155
81,86
104,177
275,270
191,5
157,22
204,275
218,257
123,55,276
19,84
43,234,0
5,43
243,32
124,37,262
311,251
233,109
172,194
273,230,8
228,317
238,189,231
219,32
50,286
310,233,207
209,106,224,72
68,227
111,276
143,142
220,40
170,290
275,148
309,106,313
176,285
237,273
114,113
94,258
67,9
182,8,89
5,322,209
33,35
164,107
61,151
292,3
65,175
170,11,117,121
41,66
217,162
38,226,93
277,96,4
87,36
31,192
120,84
277,37
163,1
256,55,276,17
47,194
256,144
220,265
296,8
56,150
280,19
36,248
63,265,97
69,222
158,159
20,153,14
162,9,141
159,313
265,275
269,76,234
207,46
291,106,316
198,201
99,86
291,103,258
117,79,299
23,214
54,116
132,64
172,265
55,305
170,238
258,235
9,102
256,184
201,162,5
162,166
27,129,189
46,170
252,110
285,258
51,10
181,258,93
46,73,177
2,113
232,221,56
222,161,207
43,293
39,84
276,253,267
276,9
162,228
236,9,96
129,109
88,77,197
121,109,207
19,91,39
8,163
94,127
233,264
131,173,184
112,229
205,33
308,151
29,61
181,42
243,192
224,121
74,103
192,45
249,230
174,109
274,316
55,47,171,276
18,154
36,42
270,196
170,258,12
22,8,208
214,61
39,56
256,137,154,254
132,296
39,91,19
99,190
67,161,124
71,224
40,10,313
189,139,261
234,251
89,22
255,154,253
82,112
272,62
121,72,207
243,281
35,2,159
88,212,97
283,285
27,172
306,316,19
192,51
209,188
285,122
250,65
164,102
61,135
283,116,51,119
172,276,222
119,112
83,95
10,51
83,110
127,275
74,83,94,136
294,53,178
272,294
87,308,97
139,174
94,281
201,162
93,189
65,285
239,315
75,255
135,87,42
236,128
177,74
23,199,270
226,185
85,271
151,113,89
238,41
303,59
265,173
24,225
93,136,281
151,12
106,103
22,102,203
72,51
315,210
89,34
0,34
77,246
245,226
154,94
27,209,6
8,205
94,289
140,41
3,27
78,20
194,221
110,36
130,66
260,154,192
67,68
91,272
26,201
80,265,97,76
115,315,95
128,23,165
136,101,117
139,20
259,276
210,139,255
164,245,235
266,297
212,3
226,60
262,212,97
84,260
222,133
106,27
156,63,9
20,232
77,29
155,7
133,222
178,103,72
31,184
143,26
185,55,18
162,67
104,18
289,133,38
266,59,74,206
244,312,65
1,64
133,20,286,56
130,66,57
196,28
25,132
206,239
134,178
253,13
118,251
87,124
217,28
276,269
28,57
284,129
262,80
26,5
262,26
138,56
5,304,96
180,188
253,105
91,139
162,105
306,111
80,264,284
111,106
123,31
140,265,99,191
32,52
124,262
237,59
77,247,234
22,102
185,75
71,98
134,49,197
130,193,16
276,285
72,109
231,123
211,56
276,63
190,196,4
0,132,180
12,62,295
139,175
112,49
25,196
237,117
84,119,13,112
17,111,218
293,36,262
142,204
286,250
175,19
136,71
9,230
214,63,151
87,37
246,272,191
157,9
258,197
238,315
64,284
10,65,306
119,19,133
109,232,258
239,38
180,128
185,74
61,42
86,203
258,49,48
157,129
172,28,43
143,68
47,253
14,61
163,284
182,5
194,257,56
243,92
97,220
236,191
110,15
25,127
141,161,158
93,105
65,139,56,112
230,182
101,60,184
47,170,312
202,129
140,97
141,180,113
264,250
313,175
226,18
235,294
45,54
134,10
80,96
235,220,124
100,56
291,298
234,196,212
60,184
60,192,106
282,227,23
73,244,239
72,285
222,211
196,220
261,254,20
63,22
203,7,132
17,326
45,63
189,145,184
143,242
76,215,87
215,65
46,104
170,176
7,132
156,268,317
286,116,60
240,105,133,244
190,29,222
63,5
273,113
95,94
0,62
215,15,77
59,189,95
200,214,166,61
235,124,301
164,4
132,108,62
17,160,207
213,182
312,194
197,97,196,30
150,69
112,56
250,264,257
181,203
21,270
227,58
285,300
106,101
77,26,212,16
9,0
92,222
51,52
172,196
195,87
222,278,10
49,40
26,226
201,133
200,203,89
129,0
45,219
110,190
100,15
204,41,99
270,58,114
105,173
14,125
159,35
63,7,64,163
49,177
133,3
10,174
60,289
190,1
216,181,22
214,227,307
242,72
89,208
289,133,277
85,175
109,223
56,65
265,127,198
101,157
7,128,63
23,273,156,61
161,158
1,7
138,46,139
141,156
197,111,118
54,315
190,86
259,222
107,140,195
175,39
222,174
40,154
217,102
147,37
41,127
105,315
313,84
92,79,54
14,142
159,233
46,243
121,111
200,7
239,316
260,48
130,239,243
104,31,289
78,91
73,244,69
260,93
124,140
17,276
136,298
55,47
190,270
164,41,43
153,32,277
144,106,240
131,106
44,101
86,195,188,235
82,222
143,76,311
106,145
152,128
231,60
135,249,155
26,49
21,37
290,111
170,39,291
14,155
141,42,29
252,64
43,83
190,151
93,104,137,243
84,119
3,292,113
203,188
164,14
143,235
233,101,53,109
296,2
196,246
207,192,258
82,207,204
286,241
207,56
75,73,47
149,235
212,147,4
87,77
84,70
2,200
281,59
136,143
271,20,139
188,301
115,55
250,50
99,284
52,55,60
286,35
106,291,101
281,269,108
258,245,275
234,5,148
43,247,66
296,5,149
191,16,97
139,174
106,212
280,297
78,140
113,214,156
244,206
26,190,27
210,92,105
41,37,24
157,30
243,83
125,69
85,112
38,224
169,137
196,97
8,205
294,36
139,119,56
243,100
121,226
298,134
97,3
41,203,202
96,269
172,217
102,200
224,92
235,251
160,141
209,316
16,300
276,31,154
89,97
56,34
237,289
157,89,284,202
101,154
222,45
191,269
30,28
1,153
93,222
126,39
172,143
228,227
13,264
302,69
160,158,89
86,123
317,156
311,21
63,92,179
249,89
9,102
223,70
148,99
96,41,311
125,136,281,92
234,96
80,292
113,181
126,47
173,100
1,108,196
154,314,290
53,103
47,113,106
187,76
172,272
9,286
76,172
300,207
297,211
33,202
86,147,100
188,143,43,4
102,50,176
53,241
30,190
124,275
279,79
68,252
28,23
108,163,62
63,64
199,143
138,258
38,132
156,295
171,154,253
142,113
322,76,26
177,52
35,0
253,184
45,17
94,231
165,30
39,108
131,222
198,143,294
66,274,124
152,86
179,171
37,36
50,48
290,139,52
31,255
278,134
160,89,35
239,281
170,82
172,234,76
220,181
106,219
279,203
141,102
93,222
250,106
211,54
2,158
132,196,128
245,106,222
103,242
83,32,161
18,219
41,124
113,142
134,101
129,34,155
155,151
279,61
60,19
124,265
26,105
74,286
203,108
37,73,143
283,75
62,77
147,67
246,188
201,265
62,159
242,315
254,120,17
206,154
277,67
45,179,241
262,186
124,220,275
199,234,87
3,212
101,238,281
165,161
72,232
35,61,132
259,133
111,207
131,312
67,113
157,131,67
189,315,297
120,65,20
207,131
102,80
103,178
183,64
159,249
54,244,105,283
143,160
17,170,108
106,49
318,27
134,245
125,289
260,27
19,214,39
75,92
86,220
311,21
125,309
229,102
155,12
185,219,104,46
168,22
319,235
121,72
316,233
244,69
61,12,156
254,260
215,86
63,249
262,86
168,61,36
43,234,124
241,105
103,27
36,272
242,59
21,311,149
138,222,59
48,33,249
112,150
24,181
151,142
312,170,144
277,95
163,128
192,191,202
230,108
265,308
75,222,153
5,97
173,157,181
254,220
0,284,236,157
184,45
80,76
227,180,166
201,143
216,214
196,304
192,283,60
146,156,35
134,138
124,174
249,89,182
236,157
181,200
39,239
199,97
3,143
3,68
209,276
208,295
83,46
251,265
65,218
49,4
46,60
23,141,214
143,246
223,285,176
91,19
5,55,92,49
254,224,170,39
21,311
195,57
170,72
295,35
202,146,173
272,172
285,150
285,178
117,103,134
231,31
59,101
10,131,155
148,196
27,224,65
81,36,86
113,100
112,94
200,275
137,210
30,153
21,107,32
112,285
52,154
16,235,4
72,258
199,201
2,157
47,276
200,28
23,216
93,95
89,61
124,180
3,40
74,51
316,121
83,17
72,255
221,150,56
37,275
77,322,212
12,180
27,219
62,63
222,69
114,113
94,266,231,241
12,196
303,231
120,285
17,281
44,224
156,12
289,297
94,192,104
76,215
200,30
81,76
304,101,49
18,192
261,253
316,10,245
8,228,296
49,35
157,272
47,83
150,133
29,41
152,14
242,177
33,160
46,50,265
277,69
90,252
10,13
59,206
39,139
60,46
136,49
52,243
62,34
33,109
39,44,79
156,182
151,67
93,88
233,179
220,196
255,179
229,76
275,41,251
254,185,31
132,64
2,89,33
213,100
110,195,3
154,318
157,35
83,216
133,39
100,165
22,108,62
209,10,138,40
157,161
9,113
209,316,313
62,42
62,128
112,44
255,238
121,326
299,154
21,234,158
133,34
83,219
93,50,208
207,312
86,55
83,299
50,103
97,246,182
113,42
188,292,21
104,184
28,130
77,26
147,99
155,158
312,181,217
264,96,108
140,294,204
263,4
192,52
262,260
76,212
106,290
125,75,184,192
248,132,127
264,103,237
259,254
255,126
157,89
72,209
184,170
252,146,190
226,283
71,81
199,296,52
96,127
302,153,289
184,305
242,31
5,4
180,132
226,215,33
53,91
77,265
80,110,165
164,147
295,158
13,112,223
217,86
272,322
132,61
244,260
61,200
20,313,209
281,320
276,150
210,286,125
83,177,11
313,111,85
185,104
231,46,300
132,8,108
46,45
45,184
36,80,15
212,0
53,137
60,261
106,159
128,132
77,102
296,42,180
191,63,289
28,234,220
240,83,95
220,247
258,224
235,16
142,67
10,133
97,292
212,26
313,53
266,70
274,130,164,43
240,94,83
127,43
261,265,86
172,30,190
237,43
60,18
260,18,177,254
113,4
143,125,296
173,77
95,13
196,14
207,178
164,124
311,220
75,39
94,55
132,35
197,10
13,257,44
275,130
85,118
43,166
69,46
205,6
286,222
215,262,265
74,38,73
272,220
243,92
112,285
61,246,141
98,50,233
303,75,192
193,5,234,140
246,308
91,72,48,245
136,46
220,265
73,33
136,46,222
279,2,208,295
240,241
105,94
245,76
37,61
232,49
185,260
224,257
89,157
146,132
146,161
11,49
274,188
129,252
164,138
184,110
102,258
64,0
106,175
198,187
237,95,263
197,196
112,91
222,302,94
286,136
47,123,154
106,285,278
252,61
14,228
265,43
175,276
2,67
304,258
146,7
140,25,165
21,193,247
30,28
300,258
242,138
140,143
293,134
132,212
123,112
62,227
84,176
202,234
0,33,268
37,254,158
245,109
76,97
290,59
234,311
120,48,249
55,126
217,157
112,49
161,0
154,283
132,9,233
5,249,99
83,210
173,128
102,64
288,83
159,273,153,77
237,276
222,133
272,196
237,134
274,4
122,232
201,99,128
86,262
231,137
293,87,36
188,292
201,63
243,281
260,177
273,81,220
152,62
37,295,311
102,135
155,60
83,234
293,43,143
119,222
217,277
124,148,220
47,19
81,262
194,19
173,105,25
268,61,42
299,46
122,82,150
37,88,30
119,39
63,155
163,146
66,130
86,198,3
245,94
157,168
134,233
193,203
154,177,303
128,91
50,232,117
103,80
251,167
106,258,49
90,202,161
27,111
105,95
142,282
31,109
106,315,276
39,170
9,227
253,102
0,295
17,299,154
124,164
208,195
49,244
156,141,132
208,282
68,188
112,82
103,306
309,10
125,26
155,318
136,243
185,45
287,279,132
201,203
141,4
68,227,203
36,68
231,104
119,43,38
156,43
141,140,295
27,85
200,205
61,42,23
157,138,0
30,190
50,75,72,84
131,257
86,319
96,220,148
97,168
282,183,63
237,150
233,312,50
138,72,106
254,154
52,94
173,190
134,51,85
303,126
61,252
152,172
103,60
63,157
77,86
143,83
264,224
235,200,197
227,68
229,89,7
202,35,168
76,272,28,293
43,8
89,159,295
212,198
99,53
294,195
66,235
200,129
244,52
59,83,74
76,236,23,180
257,56
66,311
65,178,207
72,101,134
41,244
136,261
156,252,180
60,259
279,236
129,2
237,245
248,233
127,140
260,276,207
173,244
64,129
256,260,150
185,18,46
192,37
28,43
51,109
76,26
283,154
106,264
112,50
234,196
9,317,146
58,102
65,105
75,133
313,40
94,286
235,96,204
196,59,53
103,131
270,195
181,48,18,83
91,85,20
206,153
138,40
97,159
110,143
67,152
312,221
241,45
223,161,50
250,224
0,201
237,48
208,108
99,130,96
119,290,291
173,292
279,62,2,64
321,62
56,232
50,223
248,36
321,45,116
312,206
211,256,153
78,167
41,200,258
49,289
233,259,50
4,28
156,97
222,192
203,141
26,28,57
236,128
218,136
140,148
56,91,285
253,224
282,128
20,170
43,272
214,162
98,262
188,272,191
83,258
87,22
279,129
260,170
322,110
141,184
81,202
298,27
79,109
98,293
80,270
222,244,136
317,203
185,134,170,119
142,217
12,289
234,34
52,192
234,148
139,209
281,92
266,192
89,249
319,161
143,308
63,89,162
285,257
75,36
90,57,54
138,39,53,254
6,281,38
190,204,196,220
87,67,162,293
251,41
214,135
76,87,173
284,2
48,224
5,196
254,178
70,32
206,210
72,245,51,40
119,82
40,313
254,154,137
151,135
101,250
8,182
31,192
99,300
91,174
29,113
56,20
268,7,316
222,84
154,174,305
206,59,277
86,102
162,136
116,52
268,42,23
179,226,185
68,200
8,132,63,90
91,102
147,251
185,73
103,194
109,214
106,237
116,260
89,158,12,229
10,103,306
108,132
285,245
35,157,295
59,69
239,56,179
101,178
89,8
235,275
3,281,67
291,150
176,309
164,97
236,102
101,237
236,62,63
4,112
76,10
31,192,46
10,324
252,71,29
16,195,124
104,46
119,170,39
240,207
286,125,219
68,181
137,83
237,291
251,199
190,86
72,83,162
158,151
98,110
124,104
174,103
124,220
3,245
39,271
224,237,122
275,12,52
106,134
7,22
243,41
10,224
250,44
218,237,49
37,30,262
15,77
169,238,222
224,94
28,239,90
51,103
249,217
25,127
204,130
302,83
234,124,251
83,214,14
157,169
222,211,240
196,275
136,323
290,178
201,67
281,242
106,91
60,222
319,109
270,48
142,141
246,26,227
113,33
45,18,184
276,144
180,71,193
130,143
4,108,93
56,131
