0,1
2,3
4,5,6
7,8
9,10,11
12,13,14
15,16
17,18,19
20,21
22,23
24,25,26
27,6
28,8,29
30,31
32,33
34,35
36,37
38,9
39,3
40,28
41,42
43,44
45,46
18,47
48,49
50,23
51,11
52,53
54,30
36,55
56,57
58,59
60,61
62,63,64
65,66,67,68
69,70
71,72
73,74
75,76
11,77
78,79
80,81,82
83,84,85
86,87
88,89,90
91,92
93,35
94,60
95,96
67,70
97,17
98,55,88
99,57,100
53,94,101
9,55
102,103
104,95,105
106,107
108,109
0,110,111
112,84
113,84
99,114,115
96,116
117,118
100,119
115,114
120,18,121
122,123
74,124,125
33,35
126,54
127,99
128,129
130,125
131,48,128
132,103,133
98,92
107,134,135,136
132,137
138,139
31,140
57,141
47,142,143
144,115
145,146
147,100
148,149,150
148,43
122,151
152,153
60,57
154,155
16,46
117,59
156,157,140,38
116,106
158,159
160,69
24,161,156
16,162
163,29
164,58,74
44,165
164,166
77,167
168,169
12,104
170,171,172
59,25
29,173
4,174
82,175,176
132,177,56
20,178
168,179,137
75,59,180
126,181,62
182,19
9,170,110,91
183,24
184,144
185,186,16
18,147
69,187,67
188,76
159,182
4,189
190,191,118,115
43,192
38,82,109
193,194
79,58
67,153
156,180,33
195,112
109,131,82
96,196,197,47,10
150,198
25,76
129,199,200
201,116,171
95,36
84,202,203
133,73
44,204
168,111,32
38,166
205,206
207,198
112,178,177
149,38
208,182,209
107,137,210
211,7
161,208,93
171,53,9
183,212
88,68
162,43,166
107,174
209,63,117
180,213
214,29
192,194
215,118,73
133,25
140,32
30,100
128,166
216,217
194,139,13
218,219,156
4,172
197,68
220,221
222,174,112
223,76,62
172,224,225
2,85
78,226
200,227,228
179,113
0,229,80
230,171,196
19,58
180,231
155,140
107,12
201,193
92,232
233,49
174,234,235
96,134
236,101
136,53,70
38,69,74
174,133,103
86,128
139,105
143,70
237,110
195,30,133
238,239,240
36,241,242
153,96
218,60
243,244,214
108,175
52,74
245,246
247,228
65,120
130,108
141,60
115,218,169
248,214
249,182
130,250
180,29
84,251
161,252
185,240
149,168
28,59
60,40
0,241,111
17,252
54,75
234,180,253
137,254
197,255
256,240
35,195
113,165,88
2,34
195,2
101,196
7,160
76,156
95,105
257,182,156
126,258
175,125
126,100
206,38
164,18,74,259
56,38
34,109,136
5,93
188,127
178,190
248,29
18,162,104
248,126
45,243
57,248
62,174
102,188,190
134,96
34,260
209,41,253
136,167
137,156
248,60,28
180,171
68,256
144,99,133
177,203,208
214,261,154
164,256
165,51
255,245
127,1,35
218,100
233,19
106,218
256,104
262,263
13,153
244,18
38,264
10,1
40,54
265,73,184
209,189
266,201
220,267
2,93
263,150,73
204,162
34,20,83
259,52
184,146
268,168,262
16,181,37
223,107
0,75
32,121
14,178
32,214
113,269,182
91,65
82,270,19,16
271,105
211,47
238,272
115,75,99
140,35,33
245,131
59,119,76
258,273,137
233,272
32,8,180
230,36
163,107
274,103
2,20
190,53,83
32,33
266,50,271
275,17,118
119,24
252,39
74,38,186
8,107
78,183
48,122
29,174,57
276,82
127,255
46,103
74,186,277
18,220,267
47,169
177,208
3,32
2,278,275
16,13,123
6,215
95,200
223,58
139,47
156,279
21,156,219
146,24
213,189,6
177,280
276,3
165,162
26,100,248
101,98
150,60
25,126
185,281,113
98,241
80,165
209,73,84
81,252
282,207,150
60,57
93,233
256,240,266
107,99
83,93
234,169,223
208,207
283,9
284,105
285,104
107,21
158,146,107
241,15
271,211
32,62
196,1
156,146
169,16
199,238,72,74
164,88
255,286
184,133
20,97,40
160,116
96,67
171,266
73,103
50,53
252,125
77,138
211,170
233,277,38
207,183
155,115,287
70,214
246,195,252
113,16
275,254
245,281,136
1,78
34,157,214
204,225,105
100,213,146
288,114,222
238,46,74
169,54,60
4,169
35,181,179
202,29
4,180
16,231
159,75
53,187
189,186
74,164
22,239
202,178,83
159,257
144,119,134
199,45
246,226
109,200
22,192
188,268,289
164,125,205
16,121,46
226,30,118
138,290
274,20
178,24,210
269,54,114
165,70,87
106,60
234,207
238,124,22
55,241
30,61
116,170,171
173,249
105,110,90
189,27
233,108
55,110
65,196
206,95
207,93
291,245
56,157
199,128
136,233
107,207
27,150
209,199
44,73
188,231,41
276,110
184,292
237,99
247,286
293,132
174,64
274,168,2
233,23,185
79,52,122
26,107
196,96,207
115,79,3
16,86
252,66,126
294,1
116,96
295,119
4,256,296
252,99
230,271,95
79,92
154,102
252,202
252,189,95
132,205
42,30
170,91
57,32,132
115,99,297
222,75
77,288
249,126
213,21,24,59
143,139
192,9
298,101
111,77,98
51,130,89
105,11
137,28
84,17
2,226
150,20
17,115,275
94,114
240,52,299
23,142
34,40
175,123
38,166
124,162
24,99,190
213,146
132,6
101,136
254,274
2,20,140
64,21
1,219
1,178
72,140,73
61,254,94
179,137,133
20,190,168
261,239
28,57
241,80,171
94,203,32
94,297,132,127
300,27,54
119,133
281,123
271,19
235,161
52,216
130,217,225
243,43,225
254,94
41,60,6
19,55
21,231
252,132
26,122,245
9,211
275,81,103
101,119
94,234
33,34
177,301
70,116
145,182
57,283
171,89
80,111
111,187,302
107,174
262,293,1
61,206
15,166
162,129
63,189
265,228,202
2,24,178
134,147
0,241
218,40
102,168
303,110,95
18,225,52
235,35
6,298,41
94,226
213,157
246,140,99
113,199,228
248,1
36,90
300,144
128,233
133,59
23,32
41,289
16,95
288,132
95,123
208,262
219,26
130,108,38
14,103
126,100
178,83,304
62,279
91,3
18,43,285,204
285,228
145,83
244,238,122
129,84
175,245
75,237
207,206
274,184,1
155,112
131,86,285
93,26
165,38
102,2
75,198
45,16
89,95
4,174
167,53
113,283
131,272
212,290
233,38
70,269,241
73,1,102
102,158,104
94,305
238,52
306,80,269
99,87
11,280,242
4,6,57
201,9,206
307,180
183,41,107,119
101,298
43,74
278,119
280,306
226,115
11,149,232
157,213,93
144,133
287,308
115,213
156,150
103,48,58
242,14
198,24,305
228,295
252,39
113,90
115,11
252,85
134,196
309,310
89,270
133,83
27,109
201,206
153,144,32
268,24
311,140
249,182
199,124,312
33,32
201,70
17,15
131,121
99,313
34,127
256,45
167,77
141,212
82,104,109,243
15,44
180,21
102,73,246
263,38,175
70,196
114,58
192,269
177,25,99
304,20,195
228,166,199
146,271
30,99
64,24
245,204
160,274
95,105
209,180
222,133
30,32
194,0
150,59
180,35
60,174
240,199,175,130
56,40
185,314
244,74
67,101,206
135,17
85,298
272,287
51,285
199,281
244,238
128,137
45,123,233
263,205
315,67,220
208,157
230,95,269
274,20
35,34
55,314
211,193,196,89
79,127,117
95,23
132,184
81,154
240,225
32,30
174,27,40
27,210
160,170,211
178,83,140
75,47
167,75
179,32,195
137,99,251
87,49,274
24,75
222,90
20,102
316,62
4,173
158,0
132,35
86,269
317,54
274,275
166,245,38
166,43
211,9
205,55
70,171
177,94
146,126,88
4,207,173
197,110
144,133,246
252,13,300,91
41,209
66,13
170,47
92,128
208,316
93,76
38,130
168,144,73
252,107
201,136,44,291
190,304
33,94
95,14
93,119,289
106,41
233,285,166
18,92
30,73
38,284
263,204,87
262,94,97
145,125
15,170
175,263
104,256,244
77,9
249,24
301,169
192,110
117,61
165,64,220
262,133,56
227,165,228
112,132
290,75
136,50
74,287
293,246
301,289,142,156
96,205,1,134
127,34
111,53
221,16
287,298,137
130,128
119,159,62
238,291
87,122,23
125,11
146,183
240,129
94,115
125,30
33,248
310,164,120
10,70
16,240,120
285,315
3,191
57,158
65,121
274,190
32,102,133,57
100,182,163
40,178,137
233,204
196,70
144,318
296,56,25
269,90
149,117
262,300
133,252,261
198,295
305,150,119
165,130
180,41
128,23
255,263
178,246
182,316
293,202
207,58
207,56
2,144
83,252
172,91
90,130,256
172,230
101,228
316,136
232,148
8,107
47,139
281,165
243,235
16,122
310,199
213,169
199,16
306,69,13
173,235
158,27
292,177,191
70,314
122,38,165
6,58
44,263,228
84,293
89,19
192,6
100,27
83,297,214
208,83
285,239,256
240,267,121
175,38
176,44,239
319,169
144,103,4,182
10,96
130,128,22,244
211,114
122,304
56,118
298,4
133,198,75
224,285
263,233,186
116,70,187
218,94
140,25
158,69
130,266
83,17
250,185,220
133,45
190,311,115
211,53
315,148
95,269
300,290,100
92,42
181,73,155,102
15,12,56
93,198
115,154
116,70
19,36
116,224
263,164
308,27
213,1
275,226
292,210
21,262,84
114,41
296,59
109,18
89,211
146,27
204,92
242,279
245,104
249,161
149,92
299,43
311,102
197,127
210,231
127,189
115,2,79
108,18
34,179
93,66
238,147
157,203
41,175
311,119,12
1,247
140,278
173,274
59,279
251,114
306,4
200,236,212
8,162
262,140
255,272
190,252,57
279,110
198,316
100,128
52,13
212,161
174,301
191,73
69,196,211
279,145
18,216
243,13
41,63
30,203
318,245
84,317
163,214
82,176
119,223,150
309,222,252,199
158,24,279
35,32,178
59,298
36,101
153,252
105,306
239,48,46
213,60
150,183
131,10,43
94,29,93
9,170
17,133,61
120,151
153,269
207,120
199,286
92,245
189,209
293,195,226
87,23
77,98
264,266
66,211
302,251
94,184
16,277
153,196
100,163
310,47
163,214
90,248,146
111,280
131,315
256,303,124
89,205
77,167,242
284,238
150,307,246
81,1,190
101,266
192,13
163,184
320,192
73,34
253,173
56,177,94
153,183
125,38
0,36,110
128,38,87
87,233
168,3
174,213
119,207,75
112,203
128,166,321
140,195
133,83
131,176
111,70,143
17,287
119,21
81,260
238,105
7,197
294,184
294,10
133,32
228,178
57,28
16,186
1,20
75,107
55,111
16,303
214,58
63,209
240,230,147
32,83,140
210,189
80,120,11
188,94
112,117
262,133
99,132
164,225
193,101
35,252
221,120
284,264
121,128
230,95
92,201
198,68
308,187,57,6
19,290,26
82,68,315
76,87,248
89,153,226
128,199
90,55
86,82,225
231,74
102,73,222,236
254,251
200,15,89
187,101
69,47
96,211
45,74
16,197
38,193
93,58
207,268
98,153
100,210,40
121,196
169,29
225,22
26,208
271,276
100,60
13,95
59,142
312,143
238,239
105,9
286,239
150,8
186,322,26
94,214
54,126,319
170,206
247,263
181,34,56
184,132
68,1,10
15,130,199
30,5
93,76,73,84
56,181
170,189
32,35,304
135,66,80
298,205
84,2
107,44
32,183,103
121,16,49
297,73
286,322
233,279,60
199,0
127,41,62
20,184
22,277
254,168
115,93
52,22
115,170
298,70
269,98
76,173
214,257
109,129
166,199,129
154,127
287,262
208,235
278,181
94,178
298,211
82,288
234,222
201,53
93,212,316
62,188,268
302,201
99,38
195,35
204,100
186,122,255
188,76
230,110
259,44,128
213,150,279
188,182
12,226
268,119
10,205,67
128,130
196,47
190,184
22,49,45,147
194,271
169,174
262,137
194,55
102,13
51,113
131,185
122,152,59
235,234
78,3,118
101,121
47,206,205
155,135,1
110,44,156,60
48,132
200,19
142,76
95,111
12,99
119,29
136,306
286,239
132,317,208,61
57,101,154,211
73,236
67,116
168,127,275
303,186,121
169,6
68,1,153
106,205
20,163,269
107,26
101,206,167
130,264
114,246
158,208
56,114
144,103
249,21
208,182
140,83
250,46
15,216
246,9,41
132,214,81
130,38
293,140
208,109
237,287,168
51,9
75,182
62,207
19,136
185,43
126,180,212
271,50,111
153,88
239,186,52
127,143
162,149,227
79,83,292
41,137
128,149,200
128,109,272
65,10,50
32,179
32,126
270,10
122,18,255
204,130
19,110
153,269
247,128
83,208
253,23
193,314,318
242,245
142,146
128,217,228
145,31
205,70
55,9
250,26
87,233,130
303,225,238,128
51,22
158,12,76
162,15
69,185,228
132,177,137
4,27
303,149
222,119
145,146
105,266,269
208,132,112
35,152,138
205,197
72,225
207,99,148
250,240
53,108
62,75
212,35
261,70
211,283,95
95,70,306
240,285
136,269
214,106,145
258,56
162,6
252,140
66,95
76,161
195,262
38,125
248,213,27
221,22
111,24
103,102,3
22,213
0,90
77,116
289,236
188,112,57
41,209
161,173
19,89
84,194
279,36
130,162
3,287
144,195
136,13
154,126
274,222,127
24,208
303,119
306,138
255,22,43
119,196
202,34,33
111,51
312,67
207,32
230,36
255,88
92,95
48,242
281,148
185,186
247,249,122
117,262
33,178
275,237,114
165,87,108
93,79
113,50
60,214
225,206
32,177
125,78,266
70,196
323,89
55,111
245,285
112,132,178
10,221
276,160
118,115
226,174
103,274
307,315
5,236
154,20,222
35,83,195
122,186
115,79
296,59
54,34
64,199
60,41
38,44
99,226
167,88
74,286,324
105,110
30,181,34
298,128,320
98,241
158,247
269,206,123,280
190,222,1,3
148,92,120
112,261
247,148
308,107,208
68,37,70
149,101
227,272
107,99
133,295,48
29,1
115,17
143,65
282,146,142
316,307
211,55,125
51,13
228,216,281
269,148
204,172
312,130,315
41,60
284,147
286,186
2,184
142,188,268
166,47
108,11
255,245
98,110,36
162,131,272
184,144
103,222
284,165,175
129,238
166,227,233
311,78,103
65,36
311,144,215
222,117
93,207
33,304
27,236
81,267
15,44,138
210,218
190,2,79
184,114
145,126
141,298
198,54
114,258
17,99
76,12
204,92
289,33,195
277,0
32,99,202
192,306
127,2
322,66,90
110,59
48,185
56,206
76,173
99,115
101,193,298
155,213
241,143,196
4,107,8
206,298
172,109,203
17,195,137
238,225
314,281
7,286
143,55
67,101
94,8,60
56,133
82,128
221,206
80,110
68,266
146,100
39,261
141,218
106,6
272,130
9,205,201
209,171,100
147,186
271,135
242,196
174,29
0,105
156,26,234
44,71
208,41
278,17
139,196
26,93,183
315,19,65
64,156
228,243,244
3,73
290,214
183,223
130,292,172
99,133
228,165
52,122
83,102
245,214,122
54,238,126
252,61
252,83
128,247
68,101
17,84
46,256
255,22,303
103,114
92,104
33,39
22,164,225
207,142
268,13
264,129
25,198
25,316
103,117
1,8,127
53,171
127,249
130,285,45
221,244
126,57
205,165
279,40,133
229,194,233
93,107
50,171
204,92,86
167,95
59,156,4
16,176,263
37,197
187,116
204,170
38,92,148
189,93,60
58,24
238,186
245,27,67
126,58,218,54
209,180
246,99
57,28
91,7
162,53
59,183
95,196
13,70
246,73,236,117
141,4
174,131
163,58
311,216
56,218
32,30
76,188
169,189
78,118
233,165
40,59
118,102
170,232
80,111
48,185
75,56
268,182
214,236
17,144
221,74
109,185
29,169
88,136
177,311,248
244,44
208,93,156
1,96,99
128,247,87
95,183
221,18
240,250
296,181
178,107
196,170,192
12,21,24
238,225
228,199
91,53
175,129,38
17,32
292,103
262,178
59,142,268
169,29
57,300
94,110
195,24
84,78
66,247
12,106
288,176,118
167,206
250,22
280,186,13
162,125
92,204,200
264,125
28,205
91,118
291,94
172,13
34,252,35
156,279
211,229,47
298,285,165,241
86,233
0,241
120,22,238
100,222
66,322
152,276
114,289,21
34,75
186,122
90,269
4,106
269,105
42,4
223,56
315,298
184,115
306,232
45,108
98,23
173,178
183,145
144,87
133,177
120,245
227,162,263
311,265
216,247,199
267,185
165,281
69,196,229
135,165
119,248
317,178
263,243
279,289
2,117,190
197,10,69
275,119,115
20,246,115
54,106
77,88,269
221,277
164,143,44
206,77
85,14,202
107,93,59
167,123
94,24
128,228,165
185,280
54,58
261,177
205,96
254,136,56
121,166
180,26
209,24
245,47
114,231
54,119
207,241
74,54
99,156,231
156,21
0,66
24,180,27
41,59
40,41
81,184
50,206,321
86,128
205,242
123,196,80
91,173
55,138
267,256
44,128,225
131,38
16,296
19,105
205,306
34,262,83
143,105
111,256,42
236,14,106
144,168
140,2
74,187,192
109,272,86
228,18
92,285
271,205
50,196,170,201
261,180
250,239
22,89
59,276,140
233,104,228
276,233
44,109
102,117,140
17,1
166,52
111,135
174,157,163
167,42
76,146
150,307
103,253,162
225,74,256
75,64
6,36
0,111
186,193
209,29
13,196
186,286
122,255
168,133
201,206
24,305,208
117,274,78
180,20
24,25
291,109
279,93,237
40,293
137,246
149,122
46,120,221
291,130
268,279
163,26
173,100
56,133
52,276,105
32,145
178,60,98
85,304
83,178,14
222,202
128,24
195,99
40,198
256,80,120
105,70
199,245
123,263
200,186
201,254
188,41,60
153,10
55,77
34,252,32
186,262
164,245
150,54
165,200
119,188,107
170,66
134,241
194,271,13
15,200
6,234,27
292,118
53,121,285
139,147,9
24,158
62,24,107
50,77
198,142
200,192
99,133
259,226
265,127
28,144,30
150,41
290,210,24
207,76
115,61
188,57,54
11,147,111
50,96
197,116,153
53,135
127,154
81,195,112
116,196
205,196,9
56,94,61
94,41,168
233,110
24,142,12
64,24,119
291,95
271,68
293,146
209,64
145,207,29
214,291,114
222,79
100,26
98,111
271,194
107,62
19,36,111,143
125,110
144,79,20,258
207,93
153,91
84,278,32
167,80
247,42
222,215,154
291,218
56,188
144,56
91,105
93,225,9
116,23
166,165,285
57,59,58
192,115
15,22
204,92
314,270
287,294
67,193
24,246,296
325,199
189,37,215
288,53,106
192,41
92,149,202
57,213
58,169,189,29
146,180
269,66
119,93
213,60
123,69
315,55
2,117,20
290,57
10,53,193
70,205
30,112
70,36,167
68,206
126,54
101,94
291,6
164,135,20
35,251,83
162,15,87
107,210,285
32,190
150,119
143,152
60,257
149,109
305,222
104,18
138,133
67,69
208,84
89,65
194,165
208,297,248
237,81
118,213
204,92,264
133,220
127,309
28,99,262
16,194
175,233
200,15
183,221
113,92
61,262,56
178,83,252
77,197,192
316,106
253,189
243,133
222,190
3,275,115
146,149
16,303,186
95,91
27,300
98,271
224,129
305,57
298,276
298,263
30,227
132,94
128,23,199
214,59
10,1
167,78,277
199,165,228
49,44
115,166
302,315
245,38
41,114,70
259,153
50,136
125,129
57,41
4,100,63,41
2,246,73
297,202,78
76,99,195
38,310
50,266
136,167,95
105,206
46,45
75,4
77,206
92,199
29,60,28
3,181
259,256,52
15,37,86
268,24,145
228,47
252,180
45,120,221
41,54
196,230
157,169,289
236,78
245,128,162
22,44
255,79
169,6,248
235,212,29
158,279
245,15,82
219,163,261,79
160,199
134,22
200,148
19,13,44
110,143
139,90
152,70,197
116,53,105
199,236
27,210
33,133
51,16
22,105
298,47
204,80
119,30
96,72
34,11,138
29,60
278,137
137,178,56
8,150,59
225,129
45,204
6,57
93,60
32,1
208,290
325,210
124,199
268,235
179,39,195
2,150
159,24
83,126,322
206,65
135,258,175
133,30
38,204,92
23,167
151,13
51,271,190
263,217
143,69,89,320
61,258
207,145
24,182
9,96
23,229
109,63
13,23,136
183,59
222,75
94,254
189,4
102,216,222
239,147,22
16,185,120
41,231
207,4
16,121
148,271
296,59,198
104,128
252,140
75,279
125,175
269,201,230
78,265,236
189,212
163,279
221,49
132,40
280,151,149
144,20
249,20
314,170
84,56,177
151,42
59,142
192,197
161,209,158
170,139,109
208,156
78,311
298,274
235,6
150,161,289
200,130
149,199
208,4
72,200,130
211,55
130,162
110,187,153
174,57,218
274,5
187,276
84,101,24
54,173
16,199
144,226
167,306,51
22,225
117,17
69,196
172,3
116,229
186,211,16
315,256
58,93
133,262,84
233,92
105,134,266
26,198
127,292
27,235
256,46
24,8
196,153,170
221,132
195,33,278
41,40,17
298,219,115
186,286
92,72
120,221
177,103
44,263,104
230,241
79,288
72,216
160,89
89,242
262,35
3,127,198
115,140,178
123,67,47
237,226
88,129
255,248
256,228
272,128
189,245
163,180,41
36,131,119
161,64
68,306,200
208,267
180,94
15,281
133,81,215
44,13
150,84,54
172,19,306
144,236,133
168,146
92,199
266,3
280,315
156,64
87,233
23,322,315
24,26
65,139,241
270,80
263,82
150,57,223
125,166
264,82,175
85,202
182,24
170,195
105,316
17,285
201,167,160
218,27
139,110,199
20,251,78
72,203
194,77
98,172
145,119,150,62
132,130
115,144,112,78
289,142,75,107
202,319
199,196
1,110
99,181
237,236,78
135,143
226,20,3
38,35
41,209
235,209,208
254,177,3
95,292
202,77
127,292
133,99
26,12
2,127
123,170,266
29,107,188
83,32
6,213
43,225
27,30
151,7,285
162,53
122,256
261,126
102,27,99
173,119
144,73
66,77,80
11,312
267,175
52,286
258,78
100,106,141
155,265
8,119
222,246,81
81,191
99,35
98,192
296,145
221,45
126,252
1,56,202
183,25
177,52
138,67
16,46
22,233
14,304
235,84
25,6
114,216
252,30,195
38,22
34,203
261,144
154,9
48,303
262,99,293
29,95
95,66
8,64
298,139
293,34
236,140,325
32,246
35,274
263,188
127,274
38,82,108
138,92
105,201
9,28
16,23
111,55
36,110,90
266,211
77,261
260,128
142,208
84,56
121,186
148,149
137,236,39
94,118,41
67,187,111
180,4,41
53,16,105
286,43
17,198
28,60
133,30
250,286
24,177
38,227
214,270
180,107,24
33,251
72,165
143,263
53,315
56,164
92,227
309,83
127,144
85,195,252
263,44
197,288
239,164,52
251,202
82,245,204
81,237
183,98
324,121
199,92
241,123
27,57
52,318
184,91
262,117
216,207
194,105
30,84
208,84
274,3
283,99,26,39
79,260
211,7
128,165
196,280
123,196,164
100,193,283
206,105
279,203
263,130
315,123
40,100
171,93
189,269
78,177
279,163
117,180
61,84
60,58,235
83,140
125,131,38
19,10
111,55
156,207,249
2,190
112,17
247,83
93,24
221,18
209,290
291,131
130,38
1,137
168,184
186,214
166,247
142,279,182
217,228
296,106,76
262,177
87,76
108,164
256,124
254,249
252,61,20
269,65
101,220
126,163
221,269,218
258,156
132,73
103,275,222
302,10
244,243
178,195
157,119
210,107,218
190,177
69,326,197
30,214,160,89
247,175
44,129
77,170
269,66
37,13,217
211,66,23,171
254,61
129,272,302
59,76
61,190,178,236
142,296,156
19,0
57,214
99,218
209,167
48,238,16
6,54
30,100
296,103,187
6,226
306,90,0
44,205
32,195
111,271
32,140
24,21
257,286
108,314
201,117
283,170,41
205,89,241
320,224
249,209
186,53,23,302
28,62
132,203
104,188
125,269,243
153,196
136,276,19
112,81,3
127,117,20
4,319
127,311
192,66
153,205,196
17,133
84,33,251
103,181
181,94
194,143
230,0
207,274
219,112
15,291,165
56,127
119,65,20
127,1
286,310
209,29
2,144
266,69
311,289,296
73,188,177
174,289
122,186
2,260,103
172,98
44,125,38
105,267
34,3
201,303
175,207
100,76
244,225
6,34,76,69
245,167
302,76
69,211
17,94
155,146
180,214,106
78,219
246,81
178,186
76,145
200,15
286,170
109,104
256,306,199
155,117,236,102
164,121,277
112,202,30
234,180
162,247
316,207
232,113
132,287
39,73,103
248,169
256,92,248
92,216,162,128
75,174
55,233
143,68
198,63
251,2
59,8,41
303,38
95,111
269,88
67,205,10
151,74
32,237
205,70
110,92
208,84
60,41
271,220,105
28,180
211,101
209,27
18,124
218,36
248,21
166,111
112,115
70,153
252,132
19,50
285,109
100,126
202,222
207,139
246,274
221,121
147,128
180,24
248,253
298,170
261,202
21,237
126,24,41
121,277,256,46
233,98
267,129
139,256
130,104
182,107
3,99
230,269
117,79,78
121,68,61
190,226
214,60
244,255
193,39
286,16
118,56,117
84,293
190,81
70,243,256
168,73
144,214
252,6,8
133,99
166,228
255,128
214,27
296,93
210,168,253
186,52,22
94,163
258,20,236,117
184,230,269
232,71,19
47,196,193
297,81,288
243,147,225
80,136,98,302
275,102,3
161,142
248,195
188,59
185,233
182,25,27
211,160,232
238,9,269
43,0
123,196
302,283,314,211
240,129,197
110,13
53,224
200,130
103,275
113,95,47
125,180,233
66,54
306,110
18,318
56,209
302,100
68,44
115,168,81
39,73
143,105
238,86
208,248
278,260
19,229,65
164,44
86,92
16,34
265,182
233,42
33,81
57,75,214
246,287
21,161
177,84
48,277
241,19
92,199
188,119
165,22
6,29
162,148
160,89,281
69,266
143,234
318,43
255,220
182,259
46,22
58,127
46,58,204
267,45,303
252,83,133
76,78
186,175
2,133
115,105
171,136
138,211,9
276,87,48
92,178
21,188
113,101,196
40,208,126
226,316,258
145,186,60
137,4
16,165
52,176
205,256,36
142,76,59
82,175,244
152,16
169,178,3
148,87
133,178
44,247
239,43
4,209
16,111,192
156,103
267,220
287,114
178,245
203,293
169,126
76,176
243,225
275,56,222
6,180
68,67,255
152,1
274,180,202
55,314
46,245,250,170
14,56
156,25
142,289
263,291,86
56,80
114,257
164,190
89,13
24,295
13,110
207,25
146,24
209,60
33,56
149,123
64,286
207,21
126,93
142,295,24
24,169
173,40
228,233
201,69
260,190
93,163
310,16
103,209
245,128
127,2
99,252
248,180,209
20,132
41,79
99,190
233,246
243,234
100,203
34,144
6,218
188,56,72
108,285,92
202,92
143,111
77,315
201,237,104
139,9
245,24,45
77,0
189,169
216,175
6,57
105,171
240,256,16
222,20,117
226,294,237
260,140,252
218,170
283,153
32,17
94,103,168
44,228
88,15
120,221
297,222,144
271,67,36,69
117,20
156,168
240,16,124
17,31
99,33
132,177
156,236
60,4
13,128
99,61,137
183,316
103,41
279,218,323
274,258
140,252
262,35,155
239,256,259
130,111
38,104
92,221,77
196,205
26,207,75,93
10,68
33,35,262
61,115
124,165
107,208
263,291
183,145
173,30,76
204,272
25,5
118,236,1
0,68
236,154
285,247,272
3,78
59,207
122,38,42
17,293
6,180
16,147
154,265,132
157,54
275,311,114
48,201
144,155
75,179
124,238
89,10
159,119
262,202
57,300
23,87
189,41,40
160,123,23
170,55
323,80,0
136,147
314,113
275,292
84,112,208
226,173
263,233,86,240,44
10,92
61,17,298
92,104,129
213,214
126,209
131,200
87,145,128
135,136
128,136
247,190,201
256,239
255,199
239,312
96,116,153,270
29,214
196,298
147,43
16,120
202,316
117,168
299,101
88,171,187
303,120,267
180,41
58,142,316
81,144
248,56,237
116,47
50,187
218,58,40
76,268
107,8,75
221,74
0,153
272,111
74,44
136,11
6,100,29
271,228
178,33
5,180,279
247,217
285,248
179,99,127
3,274
240,16
87,217
108,104
251,32,78
34,84
87,125
281,82
271,239
195,126
144,20
105,130
254,40
23,105
103,81
150,8
198,296
97,83
80,89
281,166,87
147,186
258,77
57,226
89,187
10,123
238,82
114,140
6,145
223,107
165,162
2,117
20,275
53,198
271,269,143
144,133
27,6,41
180,28,100
165,87
129,56,263
107,80
88,298
298,139
285,291,175
113,209
61,208,17
133,163
204,24
136,239,41
105,155
32,99
73,103
139,95
97,56
28,60
0,298
75,34
154,2,226
293,112,137
217,152,104,38,13
104,299
41,43,75,17
35,183
69,177
133,14
133,107,83
100,181
132,265
210,183
104,86
208,30
315,105
214,157
58,60,180
199,104,22
32,75
222,39,30
83,17,137
196,298
155,222
179,293,177
3,22,55
204,263
24,279,142
25,306
89,23
171,47
93,246,100
161,76,24,207
246,94
306,110
207,99,92
123,162
245,186,285
45,233
160,130
171,117,194
239,318
86,247,38,87
47,89,105
263,160
186,164
177,56
312,205
112,262
207,316
234,4
150,2
178,99,173
217,86,263
233,320,87,199
182,150
231,57
1,274
77,10
220,136
140,32,202
59,119
30,208,94
94,58
21,175
281,297
100,256,88
220,284,71
2,222
57,169
174,62
221,256,46
54,249
271,19,11,13
241,0
236,1
267,16
205,47
147,259
263,245
149,211
31,262,140
180,234
144,156
89,176,107
1,3
69,32
40,8
236,115
10,211
262,112
10,113
32,41
58,231
56,76
65,13,111
100,58,214
262,188
103,102
237,294
287,20
104,285
90,280
70,170
302,232
177,84,208
93,213
121,46,250
63,4
81,180,184
161,59
272,122
45,241
186,130
12,131
137,140
75,172
198,75,145
12,105
188,41
66,15,0
141,117
77,143,193
180,75,24
56,274,83
86,291
99,177
140,202
271,68
117,100
70,1
34,17,94
234,180
195,177
75,66
43,42,130
291,216,233
271,48
140,115
323,316
163,169,209
9,47
315,269
57,66,169
148,194
10,49
298,123,170
58,189
144,61
11,143
95,111
139,135
288,238
171,269
211,298
315,95,43
4,57
184,81
75,177
54,300
322,55
297,114,73
73,112
185,286
230,197
47,201
22,286
77,22,58
22,175
184,288,287
73,1
144,114
174,58
36,143
170,298,89,7
143,19
206,232
9,172
209,173
80,192
263,129
58,57,141
56,163
145,207
74,286
128,121
53,298,269
126,40
177,97
171,153
121,145,305
23,192
164,77
235,209,213
143,166
188,182
107,293
296,94
218,57
69,312,55
97,252
1,307
130,199,281
10,56
314,167
74,45,122
58,241
195,184
38,285,104
211,171,7
83,293,178
40,77
43,264
182,133,21
125,59,88
33,140,202,32
220,303,16,256
32,56
83,236
32,278,252
3,2,275
233,165
235,57
110,138
237,289
232,22
79,81,127
58,209
92,182,278
75,182
272,199,165
58,93
127,191
237,155
140,61
34,161
27,59
79,274
311,118,258
23,105,69
255,43
222,144
242,53,271
106,174
139,69,283
140,142
60,169,26
106,100,78
302,187,101
30,84
80,111
174,213
301,252
5,180
91,110
81,236,168
199,23
189,173
196,276
160,172
222,290
297,207
164,76
70,65,135,66
189,100
47,241
22,255
268,29
65,96
196,187
0,170,120
216,227,148
136,99
53,263
107,188
56,293
60,6,57
165,315
299,286
207,119
60,166,79
95,322
132,94
250,148,238
142,76
220,49
132,280
117,326,144
65,108,219
193,152
40,4
170,211
60,174
56,97
128,293,209
169,56
297,99,155
13,134
166,175
121,259
122,143,22
134,302,171
96,153
209,93,174
79,246,30
312,0
87,166,217
197,200
81,288,184
144,292,209
38,23,115
303,16,240
2,20
146,183
180,63
289,93,146
302,136
140,188
76,132
22,45
265,99
214,207,198
53,194,136
178,24
115,178,30
81,73,133
25,8,26
130,224
50,278,286
17,293,99
209,235
247,150
78,306,102
111,192
226,117
138,66,135
8,40
214,173
95,113
237,236
236,287
53,296
87,166
317,144
55,19,245
315,280
115,190
115,123
228,36,134
26,246
214,40
124,259
118,79
297,17
103,133
205,58
38,216
172,135
105,197,95
263,170
194,100
45,86
310,284
40,93
236,190,1,3
30,222
185,122,147
3,297
123,9
110,180
239,43
123,232
30,35
279,305,93
117,83
105,0,111
80,0
198,40,26
188,156
250,166
41,39
80,98,280
103,274
70,73
117,140
56,127
30,97
238,199
212,218
211,47
299,16
75,97,166,198
77,14
145,107
287,311
139,54,301
82,130,199,228
276,188
170,211,314
59,289
143,67,125
235,6
242,111
56,236
140,304,252
98,91
123,199
254,17
24,295
10,143
156,32
163,153,131
215,20,311
180,28
251,246
281,112
97,275
153,197
311,110
279,92
256,277,220
39,94,140
121,4
67,218
239,240
272,175
5,209
269,136,105
16,165
130,285
3,246
205,244
6,29
256,124
129,82
9,13,101
73,237
36,98,105
81,107
187,205
66,65
218,57
107,6,24
70,197
212,274
116,196,321
24,59,25
127,293
279,150,74
154,20
277,286,238,245
25,145
323,190,202
86,263,38
70,153
100,180
175,172
34,297,280
105,16,50
9,197,0
187,68,182
98,116
27,94
227,182,152
235,20,99
261,30
94,55
15,165
105,43,312
196,69
206,147
22,52
153,294
16,46,221
285,62,129
169,209
181,14
37,196
311,279
139,59
110,66
82,60,97
22,164
92,82
255,250
237,246
268,11
1,311
271,138
196,113
284,74
271,19
261,177
152,88
145,267
96,197
308,142
269,258,36
236,73
109,86,129
263,41
113,134,160
4,6,100,60
12,219
45,48,256
8,26
3,102
110,236,56
140,261
113,139
35,84
106,59
278,39,202,178
92,15
70,116
169,248
54,100
121,238
6,174,4
269,0,276
275,114
1,56
304,278
44,204
288,163
177,195
3,30
285,44
94,144
42,23,166
60,182
41,209
120,256
189,174,57
139,170
187,36
56,99
111,77,36
306,197
21,158
314,71
268,188
9,164,204
207,116,18
235,59
132,260
16,122
82,175
66,190
9,260,1
44,130,175
249,289
138,135
9,244,87
237,222,168,203
130,129
133,83
197,314,116
30,208,6
105,11
124,16,74
275,184,292
175,109,291
38,105,207
17,208
54,189,319
234,76,279
296,150,207
201,172,196
225,243
275,311
297,56
37,139,55
60,163
27,60
95,271,87,149
166,15
233,44
177,39,296
38,22
166,245,148
258,3,2
190,226
210,119
93,169
71,123
155,298
222,127
74,225
97,76
213,99,214
235,70,166
186,122
101,170
129,68
188,21
47,197
36,283
189,209
211,170
232,165
309,35
136,53
55,206
91,19
283,42,105,135
19,120,84
47,322
178,32
44,217
166,121
87,2
119,279
211,90,193
115,41,165,132
210,141,218
225,189
22,45,318
226,207
41,213
187,101
213,316
41,57,100
105,269,90
213,209,60,41
132,292,297
253,41
102,203
43,136,197
137,83
141,212
17,20
116,10
101,113
53,142
261,208
130,19
165,133
124,277
195,278
258,20,127
45,256
103,133,100
81,168
31,137,61
108,281
101,172
295,303
59,76
87,281
269,242
136,16,122
300,210
176,130,298
132,137
206,127,204
150,241
6,218
133,14,137
218,263
86,243
286,165
275,177
41,75,157
206,194,201
173,146,60
177,103,226
29,8
263,130
156,145,222
129,243
268,209
202,99,133
225,227
318,286
135,263
209,41,180
182,73,53,196
194,111,90
93,289
190,14
131,82
208,180,211,83
59,119
130,286,238
280,230
81,116,67,210
92,16
222,226
57,100
112,132,254
0,186
271,101
94,199
161,119
23,123
256,220
263,87
230,315
121,238,46
129,245,49
1,205,68
107,198
37,67,1
115,236
306,315
263,285
100,189,169
33,303,195
306,95
80,306
41,106
303,267,38
306,70,4
245,22
171,111,269
42,281
174,169
54,40,290
32,246,31
84,173,307
24,274
206,120
236,17,73
192,97
145,188,146
90,271
122,228,244
48,87
121,303,240
1,116,10,205
111,271,241
147,19
20,3
48,240,164
94,17
112,155
246,3
187,147
108,86
9,139
86,10
122,169,204
53,211,205
110,55
285,16
19,312
136,269,90
207,279
116,182,94
147,36
82,6,123
194,94
80,241
204,291,46
149,45,318
54,41
145,115,107
167,197,206,170
309,32
51,246
42,204,285
99,155
131,245
183,234
112,100
176,204
90,302
70,117
309,292
198,207,213
90,95
184,145
81,2,154
275,222
177,279
193,211
233,166
170,206,232
119,25
2,155
6,198
24,67
284,325
206,9
182,188
6,40
166,92
237,246,251,254
178,195
290,63
200,192
95,121
165,55
99,133
100,17,169
77,298
50,281
181,254
305,156
86,130
36,55,241
149,128
196,69
34,309
281,128,233
89,303
28,178
97,188
240,165,274
266,34
86,233
158,249
77,80
255,259
41,60
19,192
15,228
106,189
86,74
255,225,185
222,2,79
174,145
99,2
38,22
206,193
116,171,193
121,256
322,77
180,57
74,162
205,50
184,136
196,241,253
46,287
183,75,212
316,107
56,85,17
27,2
93,180
105,241,271
94,61
80,9
263,38
239,22
228,135
278,32
214,141
6,180
153,151
24,235
23,53,19
180,3
24,187
288,61
264,176
41,296
82,263,116
47,9
130,15,147
92,165
2,1
225,52
5,126,234
256,240
192,165,281
73,207
52,82
272,245
207,316
110,196
44,175
292,184,190
94,287,127,178
220,80
200,239
147,186,243
124,295
166,216,16
104,44
266,286
239,220
16,255
100,218
52,121
180,6,57,41
247,204
56,17
138,24
185,267
60,290
188,59,182
89,170
269,0,47
276,67,55
27,25,219
245,71,18
311,115
78,15,175
283,171
159,142
163,119,182
275,216,240
133,56,278
184,73
204,130
60,117
170,207
158,8
196,108,245
22,147
143,211
31,17
142,269
135,280,322
70,170
111,98
93,35
256,185
165,162,216
39,115
272,228
147,18,43
95,47
92,200
217,166,15
280,269,53
61,56,132
129,303
82,175,245
233,227,15
41,93,4
75,208
10,81
95,36,110
156,188
232,9
165,162
302,318
247,233
277,9,185
13,66,15,193
179,133
268,235
125,161
133,237
279,275
276,315
200,51
39,178
95,315,90
146,165
74,2
84,146
127,100
75,150
183,153
271,269,68,67
128,162,121
114,99
77,269
93,150
32,73
236,27,126
180,161,182
239,74
103,118,275
20,73
144,190,20
57,261
231,76
76,268
193,302
283,266
81,127
325,89,206,224
23,10
205,134
174,235
82,109
109,130
147,166
17,32
80,91
140,261
198,127
226,107,279
92,284
111,198
129,263
215,3
162,120
269,108
77,306
49,22
3,168
242,134
111,96,238
198,107
290,295,289
172,96,206
145,76,24
81,99
121,95
133,52,294
126,235,141
121,124
274,226,279
188,17,41
80,256,306
17,261
214,173
128,291
138,298,227
68,211,187
131,19
314,98
269,133
182,63,126
189,24
237,17
51,105,194
13,263
130,245,108
24,145
166,233
247,175,92
105,312,192,98
128,217
275,79,103,118
89,68,23,105
56,17
194,216,305
196,37
32,135,56,186
182,145
202,81,61
35,258
306,95,89
117,102,103
323,274
115,1
45,185,43
96,134
304,132
272,23
87,16
255,122
278,103,181,246
163,190,6
97,17
63,103
280,0
218,144
201,123
95,90
214,180
212,126
123,256
76,156,161
93,8
275,1
106,41,40
241,95
97,94,17
248,307
36,135
93,24
69,96,70
187,165,105
53,89,196,143
263,27,103
144,323
8,188
58,28,145
246,93
236,100
289,218
45,80
187,68,196
249,158
128,38
179,30
0,128
140,251
30,195,115
198,59
60,214,212
28,27
24,150,8
141,6
61,99,287
185,18
15,148
214,126,29
262,263,207
238,22,255
97,132
217,221
30,246
291,234
143,111
176,267,149
214,100
53,89
101,286
165,164,184
34,182
156,76
190,20
300,163
122,147,238
73,140
107,6
112,178,182
263,245
240,238
95,136,322
262,99
84,32
88,167,53
304,140
110,314
182,59
192,172
25,207
280,123,113
323,154
221,255
184,169
174,24
10,16
26,159,75
143,138
160,305,240
315,193
283,205
303,66
29,234,144
43,18,147
38,162
162,38
201,172,9
116,82
228,111
180,284
130,306
209,174
280,247
27,20
19,251
322,27
130,87
278,253
128,172
271,270
0,271,23
221,325
262,127
230,23
45,19
156,76
182,72
132,178
208,256,47
117,20
147,18
241,63
25,296
107,262
153,205,116
140,3,102
128,87,200
148,166
205,315
131,303
167,50,89
17,100
267,285,211,99
94,140
24,268,142
203,103
286,238
238,147,122
192,83
95,116
209,27,83
306,105
189,26,59
136,148
59,208
314,47
147,165
89,41
213,122,238
36,95,111
157,281
97,3
81,117,293
56,265
101,69
15,130
158,156
111,320,56
126,301
153,117,30
289,19,119
76,191
39,316
9,238,255
258,140
156,305,24,107
98,265
117,73
93,24,8
32,174
9,170
152,1
68,201
103,155
60,208,3
309,140,34
9,7
204,19
64,119
126,111
162,302,134
216,263
111,89
174,27
59,145
254,32
194,13
14,202
188,156
64,76
69,53
152,68
242,140
274,222,3
205,306
306,138
119,207
95,0
179,262
234,174
34,261
290,145
23,91
284,256
178,254,278
267,72
184,155,251
184,117
178,252,85
166,228
185,86
164,259,286
64,60
292,275
286,122
128,316,227
272,131
161,146
275,117
190,184
5,60
305,46
311,202,252
260,20
130,109
165,247,272
131,285,240
304,33
69,77
214,26,20
142,289
184,127
118,93
33,178,35,181
137,153
259,111
32,73,28
122,16
208,25
188,137
104,86
199,204
22,225
207,112
83,114
276,153
97,112
134,196
75,290
306,192
302,229
89,201,6,156
200,233,175
195,6
82,131,162
35,97
111,171
240,286,45
172,241
182,25,76
115,286
117,155,246,84
179,195,309
272,162
86,92
43,18,52
76,305
122,138
193,9
218,78,90,178,266
218,29
148,281
307,28
126,27
133,115
303,16
11,23
92,167
117,258
155,1
21,156
219,276
252,278,85
170,69
2,161,41
107,126,208,76
191,294,236
28,180
48,244,186
132,85,33
120,228
248,174
282,169
64,24
92,82
228,177
184,1,258
24,279,183
34,81
107,1
208,119
193,170
194,241,91
96,135
292,102,39
83,107,119
122,48
26,119,62
325,196,175
299,256,124
288,84
79,222
38,324
213,16
77,312
156,208
40,163
129,19,264,288
166,240,194
271,167,16
238,271
63,106
18,83,73
90,269,280,88
127,3
281,245
32,112
158,145,142
291,131,240
254,261
188,244
211,148
213,188
287,146
218,50
238,147
149,244
236,257
310,65
30,251,56,177
136,281
211,123
99,287
98,111
73,102
93,21
246,274
79,56
73,81
172,229
180,62
24,136
192,105
189,58,235
319,173
212,119
130,129
252,179,34
128,162
266,108
88,144,26
3,89
323,222
110,136
68,153
139,172
252,156
298,113
4,231,100
174,2
143,152
93,257
254,61,14
132,137
38,200,175
241,42,110
214,319,63
216,241,95
82,131,38
95,110
241,95
302,130
24,126,64
257,208
233,46
33,140
147,196
144,87
251,64,296
28,190
87,143
252,114
36,148
188,268,156
173,126
290,173
126,275
105,88,152
175,46,291
256,221
57,63
86,130
180,76
206,269
48,120
179,53
296,93
184,117
49,104
99,167,204
20,95
201,286
102,56,132,34
56,30,254
251,195
32,24
192,130
185,193
32,101
130,199
169,214
140,3
134,68,171
30,133
28,155
194,10
217,23
192,187,290,17
115,32
63,218,100
192,303,149
132,56
224,105
202,34,17
252,195,1
193,68
303,133
58,223
116,186
16,221,52
166,51,162
57,4,189
188,59,12
34,33
87,161
126,84,57
186,76
172,72
76,253,180
183,12
276,192
285,162
211,306,192
55,280
87,228
150,155
187,276
142,177,30,59
257,156
24,208
75,163,76
6,95
190,292
260,8
238,136
256,238,225
236,114
117,2,188
151,263
10,314
41,155
280,9
28,301
28,235,234
178,251,35
26,76
223,161
187,256
100,27
297,73
297,1,84
296,141,28,107
210,41
4,25,235
144,168
267,49
10,96
22,92,116
221,16,302
205,64
6,119
27,93,41
250,16,256
87,296
15,216,243
2,118,56
180,198
165,245,233
221,135,38
208,4
288,246
258,117
175,245,77
29,249,275
279,163
53,178,144
27,214,40
275,60,201
124,151,52
89,130
225,267
148,68
180,208
83,34
146,24
100,146
41,6
73,168
214,213
145,169
28,70
136,89,269
190,309,246,81
66,242
179,140
180,209
67,170
46,240
52,25
248,189
196,206,65
160,89,68
59,268
279,8
31,61
61,34
129,291
170,152
6,308
127,275
269,55
232,229
261,215
164,238,43
101,206,271
133,262
238,250
262,112
239,128
104,130
61,168
68,259,147
92,125,109
83,85
41,58
230,39
107,4,75,6
9,101,113
280,95,80
33,179
293,56,140
144,181,293
10,263
244,247
199,230
137,132
50,66,136
98,111
122,244
261,56
69,116
18,240
76,140
70,232
275,274
55,111
207,6
23,192
104,199
143,271
43,201,47
306,89,269
99,100
136,269
91,172
20,79,1
172,269
32,177
78,293
80,69,89
111,271,123
188,262
177,140
306,89,230,66
290,275
8,89
245,130
237,20
118,176,95
228,245
167,89,136
28,161
241,160,66,68
66,194,269
301,231
182,158,159
131,245,176
121,267
265,296
9,77
82,263
48,236
78,222,117,103
128,221
225,175
221,46,267
218,57
176,18
54,290,212,189
271,194,13
49,23
47,283
312,77
238,16,18,239
93,96
287,56
314,153
181,252,117
27,319
147,165,271
177,24
218,106,27
198,150
276,19
101,97,157
281,175
56,203
222,261
118,326,20
298,143
274,118,195
16,122,239,255
113,116
114,236
186,13
1,205,65
142,156
199,274
182,24
44,207,318
300,261
46,240
271,205
251,99
283,101
265,99
73,237
128,262
126,140
113,110
24,56
151,110
99,32
32,71
2,20,215
285,199,87
318,147
196,101
101,271
213,182,149
263,78
289,145
299,200
264,263,104
263,108,129
136,207
34,39,32
251,32
247,82,263
61,252
228,128
100,207,69
238,131
278,115
30,94,261
53,90
261,181,32,99
110,36
8,64
62,141
36,95
252,174,235
83,307,107
150,132,236,188
166,172,100
249,58
32,26
18,228
315,298
178,39
240,45
86,227
116,205
55,143,113
129,86
248,174,235
192,167
107,169
188,279
316,59
19,175
15,90
92,200
172,135
22,255
185,164,122
146,253
256,46,250
40,60
3,184,78
248,132
311,98
16,228
109,166,15
15,164
140,85
187,82
87,166
112,319
41,231
280,55
319,27,214
104,46
124,134
204,68
126,150,156
170,153
57,174,169
4,234,29
22,186
56,285,127
17,4
198,218
124,86
78,118
44,325,165
50,121,166
73,232,2
36,113
203,190,178
109,95
322,89
200,180
222,117
155,161,261
129,136
209,4
56,17
83,140
178,110
89,9
147,165
24,158
149,87,200
46,212,213
216,272,147
92,193,196
25,1
152,193
180,29,209
55,266,89
55,151,280
148,285
250,68,144,313
100,301,174
251,285
10,67
107,21,24,145
235,207,126
246,132
218,63
51,280
245,263,82
115,144
11,105
92,238
34,252
31,84
17,33,35
240,250
57,174,169
25,2
211,226,316
256,22,194
259,164
152,298,206
61,218
9,47
193,317,201
270,113
24,248
226,3
114,236
100,27,212,214
93,146
34,178,140
127,190
98,230
219,316
164,155
136,281
252,84
123,211
5,235
172,111
239,318
178,289
202,278,32
216,186,129
116,158,118
22,147
173,100
138,53
17,82
208,146
43,225
279,305
133,36,107
233,47
88,105
88,322
177,112,94
64,145
236,192,235
189,252
197,113
133,114
101,121
231,107
267,186
145,13,9
157,30,85
284,281
140,259,132
91,201,303
122,221
133,307,17
25,223
22,122
281,206
291,228,162
196,50
86,291
24,139
34,252
220,269
181,32,278
280,121
147,239,185
245,204
105,169
241,242
83,140
211,207
132,56,261
131,254
119,233
19,246
209,6,63
196,47
101,213
306,80
115,191
166,303
96,271,123
255,240
270,118,279
99,81
61,262
183,28
258,297
271,196
252,316
182,119
38,158,245
32,99
24,54
276,111,89
236,127,81
234,252,59
22,147
79,274
241,199
113,206
131,166
60,28
92,240
83,102
73,319,76
22,13,130
211,142
60,100
314,171
107,174
312,230
240,185
63,275
184,118,79
177,99,133
228,221
238,74
65,211
169,248,41
316,183,75
76,146
58,28
200,187
81,316,183
107,33
192,194,91,0
89,240
64,182
194,13,10,230
96,153
248,29
50,152,201
59,144
213,145
10,70,197
115,262
87,23
75,280
93,34
47,113
193,302
290,100,214
102,258,222
55,111
184,294
171,60,76
170,196
85,178
316,24,119
165,110
132,39,278
214,180
41,214
41,40
99,85
217,233,23
231,210
59,76
164,220,22
128,23
306,285
114,252
216,164
161,315
104,120
204,239
20,214,246
38,291
166,228
24,289
216,228
284,238
89,283
89,232
82,111
189,126
98,119
105,201
97,262
133,246
20,117,222
69,197
209,60
239,272
189,279,58
102,226
99,247
192,23
291,171,162
205,241
22,87,186
119,188,24,207
55,113,232,280
149,285
180,29
17,55
83,304
8,208
252,315,60
155,102
111,170
127,207
94,236
138,13
39,114,190
18,15,134
69,70
32,39
226,102
41,76,145
67,206,69
301,174
24,316
236,155,287
112,30,84
110,43,77
29,213
94,136,101
148,306
61,278
198,156,289
192,306,266
53,105
149,124
32,20
110,283
2,112
214,218
41,100,234
52,238
13,90,136,116
15,244
246,258
251,246
95,90
288,145
92,233
322,105
229,166
17,285,297
120,101
19,105
109,163
61,254
243,22
236,262,118
325,247
130,285
281,44
263,35
158,59,24,93
161,182,142
263,105
26,188
166,285,129
24,156,289
170,280,47
40,58
191,102
144,226
287,325,290
170,13,119
91,13
317,180
126,252
94,39
202,133
14,287
70,170
289,158
275,127
244,185
177,73
35,164
57,6
306,68
148,87,22,125
86,130
1,275
145,156
56,177
166,130,228
128,23
76,165
162,149,23
197,113
181,254,114
41,254,233
121,101
127,105
22,16,267
44,176
101,7
267,92
96,162,98
30,133
86,38
142,82,287
89,73
102,230
238,185
256,267
92,130
121,18,147
311,155
281,269
274,2,127
16,120
217,310
30,73
76,180
296,258
166,86
158,278,154
32,311
196,238,147
215,7,275
17,56
285,44
107,110
56,203
199,272
239,264,303
54,214
59,173
39,14
87,23,128
162,86,92
211,139,123
239,255,18
86,74
52,245
36,279
99,237,144
78,274,127,292
32,34,140
294,35
201,291
81,88
252,32
105,82
274,222
16,111,166
318,135
58,40
288,60,3
32,73,20
100,60
287,20
144,133
43,166
200,130
256,82
209,150
44,19
150,8,29
139,110
8,198,183
0,36
188,58
257,75
310,124
304,115
209,169
30,132,184
309,132,99
303,186
280,101
133,97
322,29
30,60
117,20
31,203
165,149
137,118
166,272
121,286,23
190,39
48,56,202
186,259
241,93,190
122,43
126,119,275,172
62,103,1
92,125
9,123,89
6,214,95
160,286
228,128,166
9,13,196
153,68
159,59
92,19
208,177
16,244,259
68,70
58,8
57,236
46,82
145,182
267,325,256
170,216
99,73
297,1
234,180
101,263
182,21
279,145
136,272
269,165,95
162,15
292,76,169
186,164,148
182,177
57,73
162,262
128,38,239,72
55,53
297,144
296,182,279
205,177
300,141,214
56,84
196,241
314,211
7,77
6,126
311,140
84,262
161,76
130,197,15
143,94,0
103,3,222
207,25
80,16
139,298
89,269
133,83
8,262
204,74,23
91,90,171
149,228,185
16,45
80,13,280
166,41
11,281,113
275,274
244,198
94,144
16,228
98,105
303,185,16
113,182
105,161
218,75,156
286,147
217,38
68,60
192,76,270
179,35
293,56,3,208
20,84,78
199,50,28
237,115
211,9
246,258
32,262
15,204
40,84
170,50
310,292
274,222
247,128
218,208
287,103,142
228,283,318,68
209,301,180
112,144
319,26,289
298,9
44,130
297,275
110,315,276
180,93,208
231,56
171,172
187,167
96,153
159,157
187,75
70,283
94,93
205,196
246,56,119
147,239,186
262,140
74,316
169,301
94,60
180,169
39,12,112
159,56
223,79
223,59
75,158
94,25
64,309
59,316,183
24,158
24,319
2,274
200,165
182,79,144
314,123
106,248,212
198,257
45,325
128,201
115,215
117,236
272,221,22
263,147
170,68,194,111
286,186
133,94,56
56,184
136,149
168,56
27,214,41
250,217
145,20
271,262
132,229
174,133
182,188,75
102,315
203,194
3,20
197,134,312,172
27,295
100,190
32,181
10,201
238,239,240
239,147
95,51
140,17
100,208
23,192
127,252
131,125,86
160,16,95
89,298,9
35,261
280,95
263,147
184,236,144
230,233,36
234,209
17,141,133
114,81,297
286,303
286,263,147
234,235,141,60
214,58
166,298,221
170,201,193
187,306
171,161,177,278
233,128,217
142,144,112
48,128,256
311,193
262,36
208,97
89,105
198,19
87,128,148
56,323,3
3,265,73
153,96
29,307,60
109,247
16,74,256
209,60
279,56
46,48,18,221
115,287,1
259,124
204,92
63,100,163
178,309
41,57
108,15,166
175,108,86
60,21
118,83
245,162,38
222,81
204,264
250,129
80,0,77
135,230,95
74,147
97,177
297,270,70
4,180
221,164
205,298
298,22
173,214,29
262,87
18,165
70,294
306,36
30,83
303,45
286,244
54,214
38,185
94,184,34
175,55,13
237,117,20
198,283
157,289,24
4,27
108,238,162
187,113
41,189,27
241,89
129,186
155,93,41
48,53,74
213,248,307
127,6
1,68
298,139
84,61
236,288
94,279
44,130
173,262,201
303,147
145,25,33
271,245
132,156
203,262
176,245,38
107,57,316
9,193
244,227
261,94,309
99,226
130,44
205,153,283
1,252
275,102
319,21,309
201,98
266,104
28,169
269,77
258,246
64,24
207,158
192,149
318,122
301,296,213
76,295
66,186
119,208
34,83,85
105,113
221,240
39,248
133,17
296,93
121,124,38,303
186,164
94,127
163,189
271,53
310,57
211,205
38,204
131,51
60,208,207
273,304,32
99,261
10,276,300
245,44
317,179,261
324,121
295,157
168,14
101,0
112,252,99
92,310,211
174,214
279,156,146
6,218
106,24
266,239,121
323,154,294
112,30
244,290,126
129,131,38
279,311
316,179
126,58
53,232
252,154
5,54
30,233
164,52,151
24,114
56,79
55,205,48
248,29
32,208
76,4
119,233
207,25
161,92
76,145
259,51,245
106,12,29
61,177
16,263,108
22,303
121,286
109,285,196
17,132
158,18,161
182,198,133
77,55
16,11
177,30,208
58,54
119,30,33
252,91,127
252,39
289,182
209,174,141
214,24
103,178,236
269,303
233,165
252,51
76,208,219
205,129
280,50,322
285,130
277,286
84,178
153,113,298
106,144
221,16,71
249,160
45,281
3,202
63,248
6,180
309,288
287,127,117
84,177
27,290,141
196,314
283,171,160
213,57
130,166
68,271
131,149
208,182
142,213
112,179
30,56
99,154,184
254,61
24,12
110,271
315,95,167
18,43,122
194,324
136,276
24,183
271,47
227,310
28,213
41,29,57
148,204
112,30
133,182
185,143
136,90,269
15,4,238
239,49,256
105,70
178,201
314,9
214,319
177,236,155
175,15,220
147,18
109,263
293,136
48,22,286
56,245
99,222
75,59,198
61,56,132
146,4,58
149,247
163,27
174,228
76,40
256,124,121
159,58
150,208,257
254,17
27,180
24,183
203,30
230,170
84,7,199,127
52,22
174,6
190,127,102,3
306,23
174,41
240,325,45
38,185
287,99
246,284
212,27
243,18,255
20,232
318,217
207,100,24
167,277
167,116,55
153,9
216,162
68,221
87,263
15,92,272
274,61
15,177
8,146,12
57,23
48,16
93,25,119
119,60
122,238,121
69,91,98
175,129,108
271,111
205,111
281,104,176
107,75
134,111
287,279
180,257,288
154,103,56
56,34
70,123
238,176
34,137
236,93
190,132,81
233,232,315
87,162
129,131,87
23,95,111
244,263
306,121
205,201
194,291
306,0
54,218,126
274,190
128,162,281
289,189
89,303
26,21
3,64
41,177
178,32
225,238
230,80
222,3
233,315,52
24,155
6,77
246,21
35,177,61
45,16
67,147,281
106,57
186,122
48,129,82
24,119
145,25,161
285,170
207,93
57,213
179,56
236,75,196
138,306,269
316,26,145,21
110,0
30,56
68,53,229
128,149
316,168,206,43
211,92
66,23,136
206,280
12,24
57,189
230,110
122,38
74,238
101,239,47
43,124
269,93
262,208,251
283,170
214,248
238,84
92,38
147,128,52,164
236,34,3
26,119
109,16,128
93,274
189,144,173
90,153,170
88,245
166,228
262,261
211,266
56,208
170,136,13
140,41
221,240
94,311
25,59
216,272,149
274,14,26
197,187,170
19,143
8,252
110,36
73,126
159,119,249
195,22
202,145,115
57,76,150
209,163
164,43,22
107,198
131,200
125,147,10
153,196
165,124
263,162
208,232,199
187,101
53,110
55,40
132,261,84
188,275
126,209
19,42
320,13
221,206,44
156,75
184,95,189
69,170
43,103,230
4,180
131,38,204
9,306
147,238,277,244
60,25
187,211
317,191,287
67,145,213
180,84
314,10
240,245,238
136,115
137,213,127
117,261,127
82,92
245,100
30,56,94
145,252
262,181
133,127,278
182,180
113,322
158,26
105,196
185,244
316,150,207
29,60
58,126,141
128,148,315
309,178,252
296,188
130,303
13,142
322,95
198,127
60,226
77,89
1,2
186,52
74,108
6,126
147,238
153,23,171
107,253
184,99
105,205
107,21,24
13,238
192,166
44,15,149
166,196,302
65,298,70,101
263,82
158,93,142
73,9,86
269,135,51
95,77,269
182,142
54,319
205,84,140
170,101
272,113
76,34,4
165,22
162,166
17,177
41,169,209
156,24,21
278,83
243,43
219,76
107,133
215,4,132
132,252
130,128
225,293
110,230,241
260,4,271
287,323,246
22,69
26,93
76,158
33,17
175,130
213,308
183,289
113,227,205
311,78
100,222,235,190
10,132
6,110,150
32,144,261
153,1
208,261,203
88,44
66,293,194
180,235
57,84
82,86
6,179,156
70,208
54,218,29
245,131
58,214
9,16
162,170
47,204,165
167,162
8,189
296,202
210,180
23,247
285,46,204
46,255,22
287,21
126,214
6,45,314
241,19
254,17
261,32
148,199
45,53
151,286,186
283,66
41,118,189
21,27,311
187,303,67
76,218
60,180
183,161
303,48
248,41,235
89,247
140,174
197,251
9,298,266
218,58,173
47,101
310,162
184,133,236
54,208
158,24
8,75,156
207,183,119
192,36
180,189
195,178
59,79
229,171,123
230,269
16,221
60,142
184,99
233,291
132,307
264,22,303
232,113
97,102
174,309
170,269
146,198
288,20,294
20,222
142,188
126,24
52,147
60,213,163,6
73,190,158
167,55,171,196
254,17
133,178,35,254
17,288,168
101,201,281
262,83,140
116,68
1,29
208,75
163,173,100,158
41,60,76
255,293
58,174
234,163
69,314
208,142,218
302,160
32,237
193,206
209,214,195,246,144
101,201
247,23
93,289
311,279
278,265
165,186
226,2
213,41
252,94,181
58,174
281,16
189,242,26,265
169,280
222,288
161,58
36,0
55,53,95
74,70,283
64,142
275,118,215
245,230
122,64
22,171
161,301
122,221
209,183,76
26,56,5
133,155
145,268
104,148
281,77
78,207,140
41,208
319,248
174,279
38,2
300,58
141,246
275,202
18,221,122
221,121,238
18,186
144,103
146,2
46,48,256,225
271,11
135,216
101,196
18,256
314,302
235,290
50,216
105,47
181,32
73,1,78
60,6
58,21
238,209
276,187
93,214
47,302
118,3
185,46
133,115
99,181
252,113
143,90
268,74
45,299
4,214,60,231
146,6
122,119
280,306,90
84,75
43,306
76,93
170,105
197,134,116
39,113
237,169,140
211,22
103,80,143
58,243
233,221
221,16
45,267
31,154
70,283
299,38
153,19
256,322
40,25,59
198,8
173,29
0,22
25,63
94,32
103,181
19,55
61,173
290,163,173
95,306
133,315
281,243
123,236,182
262,58
316,289
38,186
35,202,178
22,121,185,286
121,245,272
122,162
27,213
89,66
19,13,143
221,240
183,280
322,276
248,21,157
2,34
216,200
119,198
40,235
63,4,212
226,117
201,229
202,222
224,98
150,183,158
25,207
269,192
32,252
177,94
199,291,285
104,238
168,323
267,216
169,180
81,133
76,208
74,147
285,38
111,88
291,269
165,22,186,147
292,117
209,0
169,159
235,24
207,110,46
148,325
66,152
144,115
41,60,57
245,275
3,2
10,113
95,77
175,245,162
57,213
148,199
135,82
9,134
206,116
316,56,174
85,84
165,272,233
180,28
26,25
161,208
204,113,172
58,207,54,4
219,146
231,95,131
78,208
303,267,162,239
279,112,3
182,257
22,191,76
145,21
254,33,56,236
189,218
15,233,228
63,58
41,301
200,190,185
15,247,199
133,127,99
262,61,254
36,104
13,59
262,179,30,73
58,214
40,7,77
167,90
132,301
83,94,32
74,185
114,99
156,161
118,103
103,119
193,123
254,99
182,76,157
49,45
9,211
269,19
98,116
15,149,233
186,43
209,29
95,135
65,69,68
59,168
73,323
281,271
3,226,275
204,130
149,130
103,179,278
62,38,286
121,44,269
161,106,309
56,17
174,245,83
229,68
216,16,128
111,276,77
9,286,272
285,291,204
112,317
235,41
66,135
171,7
121,256
182,156
76,29
173,103
110,192
209,180,213
178,14
208,158
269,170,211
50,77
241,224
279,24,157
30,94
306,280
20,322,128
103,14
98,68
311,258
218,300,173
165,16
68,124
30,201,178
122,233
220,90
244,186
203,316
176,245
207,119,150
254,23
84,177
24,81
206,298
322,167
106,27,58
70,74
234,17
188,231,106
102,154
207,142
22,286
274,258,2
174,213
178,136,60
258,40
225,239
193,230
95,238
52,186
232,185
56,209,311
298,9,314
205,297
133,4
2,198
230,166
279,76
134,123,9
211,206
116,10
57,296,208
0,105
184,155
248,195,12
138,165
222,108
193,131
87,128,104
4,130
107,44
213,19
133,94
96,255
24,154
178,132
166,175
235,279
274,78
189,40,214
170,171,193
95,135
316,119
278,30,144
91,269
255,14
190,316
73,20,292
227,149
0,58
198,14
221,133
55,44,70
316,305
6,180
209,234
323,24,296
30,203
0,130
59,289
255,189
79,127
21,86,302
118,3,20
113,206
254,130,207
112,141
57,173,227
271,149,298,193
164,122
36,281
93,183,26
69,135
240,86
161,25,301
272,155
13,276
206,271
177,178
73,127
80,211
182,279,316,208
3,44
35,34
64,13
262,178
274,209
41,235
22,225
104,199,1
274,69
174,248
115,114
115,236
6,126,41
16,22,240
62,253,161
184,119,174
168,246
207,12,279
104,245,86
113,68,205
32,155
241,172
217,148,165
211,232
287,99
296,59,150
303,36
83,140
159,278
64,105,262
42,213
129,185
17,236,190
306,95
132,112,181
185,136
94,150
45,162
190,274,246
25,73,17
304,186,170
76,196
78,145
202,178
106,180
90,9
204,238
140,181
111,241
279,142,59
315,205,109
15,144
93,261,6
67,109
122,272
213,58,119
56,94
42,281
209,41
258,202
32,323
265,127
83,202,34
234,174,180
110,280,298
251,92
124,77,306,135
240,22
189,58
178,304
91,44
14,177
247,281
80,306
177,17,181
100,92
283,135,136
263,38,125
83,137
119,47
161,274,94
81,38
243,261
218,170
115,90
203,56
124,318
58,279
266,101,9
238,46
10,197
104,204
145,59
53,73,27
211,113
287,99
35,152
222,258,127
128,224,53
188,158,182
90,80
241,100,269
140,252
251,24
263,262,137
158,76
22,160,89
170,101
86,125
178,114
133,202,251
47,135
115,56
6,4
70,116
273,205
36,241,53
117,154
28,218
246,73,274
60,209
90,172
83,85
76,53
98,136
78,226
144,20
256,71
34,83,32
283,92
214,157
98,147
162,87
57,235
24,12
116,111
75,119
204,291
233,186,92
190,140
158,163
111,11,105
30,140,144,103
255,87
262,292
128,68,135,276
252,192
90,51,139
41,21,262
126,180,40
153,41
26,229
299,184
82,92,263
216,281
260,179
225,255,147
16,211,177
322,130,131
122,239
250,43
95,123
171,211
152,101
216,240
243,225,303
152,201
108,104,125,166
314,123
127,237
279,183
111,37
16,77,197
303,186
255,105
86,131
115,246
73,195
202,73
18,45
78,311,127
192,236
33,112
170,65
244,9,105
13,53
277,255
1,294
91,315
189,164
184,311
9,47
38,113,53
2,6
258,73,236
2,311
196,89
55,206
72,245
89,47
315,88
0,116
117,2
172,6
0,175,240
78,9
31,132
323,274,115
211,192,269
56,30
182,268
167,217,100
70,10
275,100
297,265
102,258
200,94
75,259,261,144
263,72
32,192
276,143,13
312,241,23
279,211
32,140,133
161,102
291,130,22
56,174,214
164,36,314,149
246,99
211,9
175,285
133,203
106,100
178,177
106,174
126,276
78,114,237
17,208
96,116
110,105
104,16,46
84,140
169,6,57
132,288
101,183
227,42
155,236
119,59
56,177,132
200,271
267,176
61,56
127,292,20
111,136
8,119
175,18,245
184,79
103,222,219
274,209
32,181,140
81,287
179,61,33
0,53,136
280,10,7,13
202,195
156,279,75
34,311,81
173,290
37,111
316,221,117
78,190
298,303
165,164
59,116
36,109
76,105
163,27
269,70
186,221,120
30,254
66,94,70,209
127,4
249,268
16,303,240
62,25,207
16,108
58,248
22,186
243,176
260,32
185,243,240
256,303
239,227,92
131,238,15,55
84,17
281,272,233
113,201,47
255,221
44,87
53,111
301,6
249,180
245,15
306,121
166,240
159,182
37,196,229
102,146
48,98
169,29
232,68,298
74,194,167
61,202
38,200
200,9,194
3,292,20,190
20,93,17
37,205
209,56,57
107,93,25
240,221
126,222
30,293
302,232
80,89
111,271
111,89
271,22
48,227
243,303
165,233,247
272,162
105,51,188
86,87
140,39
32,140
133,274
52,139
283,9
241,162
115,6
35,177,17,30
101,241,284
262,76,190,84
296,26
111,105
71,232
78,119,127
272,281
207,142,24
24,136
142,28
78,140
100,163
162,240
20,188
24,223
0,70
78,184
70,1
84,34
112,195
271,55,143
106,159,310
252,202,178
220,120
244,52
286,267,220
206,95
204,173,42
3,214
175,15
25,198
132,56
197,205
81,102
322,206,95
20,258
162,263
186,19
230,16
280,136
69,37
140,39
146,142
183,24
280,269,298
232,4
150,59,119
136,306
180,60,6
136,170,77
95,263
161,182,145
38,165
94,251,311
183,150
5,60
197,244,135
267,120
77,11
53,306,77
130,125
206,119
191,78
296,132
36,110
167,193
173,58,214
134,206,68
203,179
211,141
50,53,269
269,77
145,157
115,311,114
25,56
9,229,89
143,259
104,245
236,206
105,167
24,188
211,92
287,79
9,30
89,104
34,4,61
73,112
306,167
210,57
170,139
192,167
57,214
286,74,186
215,198,63
166,175
244,256
84,182,180
274,75,313
149,109,89
200,15
55,140
146,188
136,119,145
3,215
298,170
234,119
132,133
287,112
316,213
232,211
19,247
197,70,45
246,297
238,199,197
180,58,33
89,69,50
214,146,6
250,16
88,95
162,228
165,285
140,293
245,72
222,2
187,211,113
208,6
196,211,98
119,4
56,112
185,240
239,286
109,105,123
152,295,0
136,39,131
175,129
43,238,221
112,64,28
285,207,36
116,246,186
211,205,68
58,174
303,22
113,170
3,226,262
126,169,316
45,109
54,157
110,68
76,182
198,11,78,183
32,202
266,170
225,122
15,233
100,41,58
169,26,301
189,210,207
244,125
147,244,286
199,38
287,236
277,94,93
110,283
167,9,175
99,178,202
32,113,266
200,239
115,155
83,252
23,240
239,52
235,140
230,95
75,21
123,99,267
165,122
197,55
54,213,119
16,204
32,195
207,157,75
221,45
95,274
229,217
82,245,108
211,205
149,207
23,200,217
65,276
27,311
213,174
150,93
81,112
202,16
208,106,54
24,61
27,21
129,165
92,263
278,94
52,151,286
269,204
121,259
312,19
211,302
52,162
162,46,204,256,128
16,238,277,186
114,73
202,34
262,160,174
90,167
14,32,252,83
117,258
51,89
103,29
124,242
132,178
211,136
199,2,147
17,177,178
59,180
296,119,8,107
75,3,184
122,101
272,42
197,116
40,180,57
228,216
188,26
87,117
52,16,82
67,95
96,68
239,11
207,64
137,313
205,245
107,218
196,65
182,180
9,101
107,158
115,236
129,164
1,168,288
116,1
279,25,76
272,244,52,285
36,276
135,136,131
13,171
57,174
180,94,233
252,99
110,194
130,131,285
6,60,8,119
46,199,217
211,193
241,36
148,256
134,67
57,5
309,178
243,44
175,272
180,179,301
105,149
198,43
286,111
213,25,41
229,9
221,65
148,210,52
281,122,38
236,100,201
60,100
15,94,3
275,155,190
154,41
249,311
22,9
255,244
127,261
15,23,199
153,53
271,13,316
41,70
127,236
207,126
60,54
279,213,218
53,55,276
269,255
243,43,122
92,148,281
6,24,115
278,85
269,257
100,41,249
3,36
238,240,74
220,199
271,19
257,296
105,312,98
24,45
90,206
44,285
0,38,44
183,316
159,60,41,163
66,111
21,142
132,316
145,164,178
38,53,271
19,166,70,228
206,80
238,122
248,56
25,207
80,196,170
92,214
274,107
4,58
163,180
190,219
41,182
65,89,201
6,29
15,87
15,9,43
197,36
184,190,168
20,289
137,130,56
115,99,236
119,75
37,153,1
82,264
267,60
206,87,68,134
207,208
72,18
206,90,211
190,113,137
101,0
194,90
3,275
92,129
72,92
192,150,24
112,62
78,34
144,78
12,180
189,173,218
258,103,190
145,107
90,160
249,115
34,203,112
236,222
32,39,6
57,218
34,142
22,52
291,131
244,240
174,107,299
271,285
207,146,156
107,209
202,53
205,140
36,123
55,82
231,89,269
189,70,131
277,264
213,140
152,113
90,270
74,46,238
89,211
180,112,155
239,232,87
94,202
36,80,196
232,47,113,201
309,254
32,198,1
284,44
216,149,87
234,75
311,287,56
241,116,50,205
54,29,213
72,125
149,148,228
83,30,236
83,41
91,19
71,16,250
281,239
226,133
59,58
284,74
240,244
73,246,133
103,20
142,296
73,190
4,234,41
284,16
30,97
3,119
197,222
19,172
279,63
270,136,9
281,121
302,298,9
202,56
117,150
276,280
127,78,265
99,293,265,103
280,51
279,25
87,134
138,22
133,236
72,243
19,267
197,158
188,182
281,151
180,94
120,16
91,115,252,196,68
20,41
43,52,277
55,201
241,306
235,257,319
235,234
257,213,188
297,115
20,248,55
264,245,109
56,73
63,54
136,90
252,140
82,74,71
175,294
114,323
29,158
68,185,217
289,102,26
53,3,127,197
128,82,245
173,106,54
22,147
57,29
76,248,207
16,225
153,22
212,28
160,194
315,136
24,142
211,322
140,34,32,262
130,272,136
89,136
78,274
199,267,186
95,252
110,11,105,306
45,238,267
37,70,153
56,84
77,148
79,258,190
79,183
293,263,76
30,32
24,183
170,208,103
135,187
132,177
120,165
41,57
166,188,234
247,199
221,122
182,142
43,22
207,107
224,136
247,281,245,86
101,201,113
125,109
186,240,46
50,306
285,87,38
252,133,99
268,24
165,200,87,128
248,180
127,274
4,130,24
244,256,147
280,269,315
206,37
180,60
41,60
20,222
211,249
315,187
216,245
32,160
34,132
187,135,136
193,139
12,142
214,63
147,271
111,13
142,236
65,69,10
60,40
16,60
137,177
101,4
63,213,41
243,225,281
16,204,267
211,123,47
107,146
209,25
150,257,188
122,186,137
33,30,268
139,283
134,152
70,69
271,0,105
130,291,318
271,36,110
166,197
133,246
274,260
263,109,245
70,167
170,232
107,198
173,41,29
57,106
242,65
18,74,130
237,32
122,199
159,305,93
244,147,104
166,238,165
73,190
116,1
266,201
186,238,22
271,111
68,47
185,164
288,117
128,15
46,240
67,196
155,79
274,107,245
88,19
250,78,196
41,27,189
38,86,245,109
139,67
17,192
22,271
131,38
270,199
117,233
184,252
134,201
286,280
33,118
169,60
177,84,61
227,165,233
37,230,143
9,89
29,274,39
162,143,298
272,262
129,25
278,179
101,143
58,111,278
32,304,17
274,72,312
252,297
164,188,249
236,180
69,90
160,22
174,84
65,271,244
233,271
115,1,2
119,59
66,80,276
136,280,95
16,96
310,15
107,158
314,298,101
209,2,279
243,80,165
111,73
298,69,89
111,186
194,19
298,237
47,93
121,318,303
314,70
77,232
32,252
172,10
221,201
92,272,256
12,32
77,13
198,34,140
74,148,200
198,269,45
187,70
29,174
177,55
139,147
184,155
201,91
111,80
261,202
162,255,227
280,171,298
2,178
270,263
238,264
230,18
14,39,278
245,173
143,105
142,145
206,193,298
237,288
162,95
254,97
34,236
107,62
4,101,40,41
234,41
41,274
130,22
184,297
49,220,221
222,275
140,84
43,286
9,298
92,233,272
255,186
128,166
13,269,192
182,161
16,149,127
172,9
13,241
111,90
220,303
143,276,91
213,100
103,115,236
208,41
110,111,95
9,314,69
110,143,192
161,24
144,137
101,105
245,175
271,269,105
40,209
237,94
18,43
76,289,64
76,279
277,9,165,162
90,245
252,144,73
177,203,288,301
169,285
93,218
22,44
74,255
201,172,10
211,50,298
195,177
92,66
145,107
271,171
325,214
245,82
145,219
170,201
146,142
254,316,161
5,294
254,89
30,316
240,131
133,102
98,192,73
287,184,236
237,252,61
121,310
80,170,74
69,196
189,100
263,272,250,245
104,130
291,162
69,148,326
55,136
150,75
199,77
276,13
228,166
117,252,261
254,103
4,213,6,169
286,22
180,218,54
274,281
14,132
26,81
99,261
207,25
279,162,102
90,205
178,99
36,186,252
17,34,179
19,143,111
195,94
128,48,165
217,185
15,233,128
55,15
292,53,161
167,98
202,32,83
76,311,127
148,15
266,94
81,125
216,200
111,105
182,25
84,97
28,17
107,198
9,196
224,11,111
127,191,3
75,178
53,58,200
9,109,289
40,213
51,245
165,48
298,112
143,111
93,316
23,104,36
256,16
114,73,144
306,136
104,245
162,216,199
8,208,25,207
11,55,306
53,123,11
187,55
298,196
245,199
47,283
170,293
39,33
134,65
38,228
160,239,136
115,265
30,3
3,222,287
130,94
139,283
252,132
229,130
41,262
201,143
111,60
172,232
293,133,252
81,127
24,161
79,128
177,41
319,40
286,233,200
185,45,125
201,113,211
188,21
19,123
72,128
244,121
55,13
84,140,215
16,71,240
201,170
19,220
125,129
59,183
84,85
24,76,145
7,70
90,192
205,196
296,73
166,227,87
218,60,4
39,41
315,233
70,298,67
126,57,20
215,1
82,17
197,169
50,90
9,312
95,209
120,52,22
24,93
141,180
117,12
39,83,252
110,50
46,50
225,239
74,22,52
61,99,190
200,228
135,144
109,38
45,160,6
10,221
174,305
269,306
38,130
311,16,145
206,60,52,112
135,53
15,70
209,290
254,56,84
193,249,201,184
226,222
171,166
42,233,15
213,308
319,177,275
169,29
195,179
143,149
165,247
95,89,88
63,126
29,100
115,3
111,303,18
145,279
95,192
40,156,28
221,45
224,55
235,12,207
207,147
44,20
21,93
1,236
302,36,101
269,256
226,292
44,15
205,264,116
77,88
111,266,233
139,101
126,40
3,236,294,78
79,30,133,132
208,180
197,187,170
91,192
207,150,119
201,77
169,63,75
228,171
101,153,51,194
276,211
249,200,34
104,325
70,189,133
121,211
90,50
180,207,218
43,147
265,274
281,233
175,272
2,222,274
233,325
68,302
311,231
33,137
119,59
276,241,105
75,214
274,47
110,136
35,34
304,14
178,95
125,216,86
143,274,130
93,41
203,56
268,150,161
213,207
314,123
125,108
38,58
178,27
183,93
127,262
180,54,28
4,248
15,69
176,293
274,300
217,162
262,32
81,275
44,42,204
87,22
89,278
160,101
187,196
179,292,111
56,103,60
69,160
217,50
64,76
207,218,289
60,285,34,207
20,24
129,165
3,103
260,157
1,83
202,56
228,166
244,315
278,179,178
112,19
119,114
228,180,27
193,9
226,262,203
58,207
129,44
58,75,142
57,234
239,67
301,308,77
95,90
52,245
196,96,195
233,23
128,127
123,55
112,262,178
181,169
252,278,30
96,298
143,98
285,170
23,51,101
283,10
73,155
23,243,180
276,201,77,170
155,311
66,280,306
317,56,94,118
9,128
298,283,139
165,156,147
14,140
260,195,231,180
269,171
224,143,105
274,73
69,196
103,154
99,155
44,200,263
94,262,208
170,45,238
92,38
254,309
207,12
147,18
169,210
147,224
17,1,287
132,33,112
156,129
199,285
246,178,197
157,106
141,60,27
68,121
243,281
161,262,155
103,137
93,59
217,239,310
206,170
92,153
207,107
51,23
133,190
102,296
272,123
127,20
209,253,141
252,179,260
117,102,2
302,192,266
249,93
121,277
114,133
245,263,130
112,30
84,173
44,107
180,107
22,303
50,306,51,242
314,271
139,167
138,276
258,36,135
227,272
1,308
176,148
120,256
268,59,146,93
238,220
211,105,110
288,99
91,166
43,185
59,214
77,143,55
165,227
240,238
233,43,162
153,47
39,83
104,38
285,16
245,216
142,210
6,58,214
275,32
276,98
136,269,98
163,118
245,225
206,153,43,296
197,67
108,290
34,30
21,145
32,218,135
11,88
175,82
190,2
294,236
48,122
112,177
211,193,298
111,269
147,127
0,105,192
226,99,271
136,109
314,69
284,89
196,201
4,164
30,226
197,70
167,207
193,149,0,195
142,46
211,206,201,170
220,0
117,237,222
9,47
136,242
132,293
198,189
73,287,323,133
248,180
185,234
112,262,117
52,95
287,274
262,305
15,162
69,208
145,1,28,100
251,133,99
290,54,57
145,16
33,262
312,196
65,90
252,140,32
235,170,201,121
144,147,229
6,203
93,28
141,296
269,95,80
56,233,60
289,157,93
132,20
196,96,10
248,301
287,60
198,21
199,128,233
257,8,207
140,195,178
272,86
95,315,53
132,203
185,55
139,298,7
114,193
202,115,78
117,27
65,70
101,270,77
239,318,96
225,185
166,80,24
186,35
103,204
109,204
95,97
304,34
275,32
233,165,23
160,211
179,309
91,160,315,9
182,146
240,50
325,153
201,206
25,29
303,46
67,77,267,167
257,183,8
198,302
300,54
78,85
166,303
206,283,9
40,27,248
41,319,156
228,162
20,24
248,296
163,57
140,165
15,129
82,38,110
133,237
146,60,156
128,281
133,251
38,272
298,43
215,23
39,140
29,207
255,286
105,51,111
114,236,287
11,110,194
54,183
69,241
41,180,29
221,124
117,19,28
22,72
24,156
302,298
168,117,114
114,246
136,256
47,271
173,209
87,18
127,260
239,52
132,161
233,87
90,172,105
239,240,277
134,276
180,40
184,128
207,51
128,162
93,316
238,95
44,285
73,85
35,73
207,213
237,315,76
180,195
17,287
172,111
46,86,211
37,36
240,216
303,256,43
105,110
205,270
126,27,214
30,213
119,26
116,10
269,50
280,216
44,131,285
118,323
32,78
69,116,196
321,19,110
68,170
216,200,285
38,263
9,129,186
162,87
134,13,211
314,170
146,161
194,65
307,27
118,292,127
44,19
27,5
68,271
20,236
233,162,165
320,186
101,113
126,163
229,9
165,125
192,23,280
162,259
311,31
