0,1
2,3,4
5,6
7,8,9
10,11
12,13
14,15
16,17,18
19,20
21,22,23
19,24
25,26
27,28
29,28,30
31,7
32,33
34,35
36,37
38,39
40,19
41,0
42,43,44
45,46
47,48,49,50
51,52
53,54
55,56
57,58
59,60,61
62,63
64,65
66,67
68,10
69,70,19
71,72
73,74
75,76,77
78,79,80
30,53,41
81,82,63,83
18,84
48,85
54,86
87,88
89,81
27,90
91,92
93,94
95,96
97,98
99,100,101
102,103
104,105
106,107,32
71,107,88
108,109
50,110
111,112,11
40,113
76,35,43
114,115
116,117
118,119,120
121,58
115,122
114,123
124,125
126,127
33,128
129,130
131,74
32,132
133,1
134,89,135,136
133,137
33,138
139,140
113,141
142,143
144,124
23,12
145,12
146,138,147
148,133
149,88
150,151,152
153,154
79,155
156,157
34,158,70,124
159,160
161,113
36,162
119,152
163,164
45,79
82,44
165,166,104
19,167
168,148,169
54,49
67,36
126,141
170,81,146
171,41
26,106,170,172
173,48
60,174
175,16
126,176,49
147,177,6,178
38,52,53
114,46
179,38
76,180
181,182
64,183,184
146,185
57,101
185,186,125
187,57,4,15
164,179
81,188,80
189,96
190,179
143,191,192
49,193
44,194
195,196,148
197,48
55,92
198,16
67,103,194
199,200
109,201,202,153
203,204
44,42
205,133
4,187
27,109
82,146
85,38
206,178,72
207,23,49,208
81,209,172
79,107,72
131,210
211,79,209
212,121
44,213
13,128,214
215,216
188,217
218,219
220,26
184,6
91,65,221
112,222
6,56
62,126
194,180
223,41
80,224,107
156,144
7,10
85,0
185,34,59,194
95,168
225,226
117,11
137,100,57,99
119,227,221
55,219,146
222,209
74,19,204
61,6
83,220
49,169
118,164,227
121,228
112,123,133
229,220,230,231
8,115
15,232
64,18,52
233,172
118,234,167
114,235,143
130,132
118,39
221,35
70,17
119,159
236,237
178,94
238,12
159,239
35,18
221,204,64
240,52
64,16
104,85,241
192,9,12,242
223,131,7
243,198
56,244
76,119
55,132
55,76
164,189
230,183
64,5
185,35
166,245,79,246
98,189
97,51
247,248
20,249
234,250
251,39
15,169,115
187,171
127,40
66,64
205,212,252
184,163
247,163
253,119,192
65,125
251,120,254,93
101,242
8,223
30,88
163,28
78,148
255,197
13,42
224,169
6,219
146,256,184,40
257,258
53,54
169,250
259,146
186,125
234,179
30,260,164
261,33,125
80,189,56
93,58
127,141
262,106
113,174,175
72,174
35,114
94,114,15,263
187,94,264
265,3
19,43,194,138
179,243
223,192
0,38,266
122,18
262,156
267,243
164,39
49,268
120,254,269
116,196
201,219,90
134,117,247
131,41
230,201,69
88,186,17
161,40
141,127,140
270,71,72
141,204
18,24,128
80,149,203
24,40
254,187
85,49
184,161,25
112,256,174
257,165,250
43,271,203
59,127
44,15
272,153,219
133,53
175,73
123,99
140,180,158
147,90
273,98
12,205
173,189
245,106
172,45
72,11,233
211,132
224,197
265,205
139,18
149,274
238,15,240
142,115
4,169
187,19,182
261,202
275,167
187,138
7,15,132
239,41
276,158
255,56
190,22,277,179
180,125
258,150,15,151
276,105,64
278,227
125,164
146,279
250,189
275,227
92,20
93,280
51,143,210
281,5
133,192,171
79,219
172,282
142,130
124,4
86,258
118,136
187,137
1,55
175,88
122,283,263
18,24,40
119,273
44,201
175,261
189,190
264,191,159
175,221
157,242
30,14
72,6
259,52,11
53,252
279,181
88,125
105,80
11,52,205
201,90,72
162,32
3,15
133,41,28
148,172,21
14,242
205,187,248
147,188
146,80
5,203
120,284,228
230,90
201,104
133,93
285,118
171,46,258
211,153
201,79
83,256,43
258,57,15
20,165
70,286
32,132
111,4
158,19
12,11
5,124
226,266,49
210,157,79
74,79,39
173,240,249
161,55
260,259
32,155
244,286
81,172
132,26,64
124,91
247,287
95,268,225
262,288
187,32,194,159
289,228
32,199
167,156
51,119
187,159
105,180
134,190,187
2,290
124,34
176,114
36,261
275,280
109,92,130
165,88,66
118,248
208,169,291
60,245
165,127
39,292
291,23
144,129,59
238,254
65,219
250,39,41
126,82
129,256,17
77,11
46,253,145
208,94
28,163
130,56
11,196
14,101
50,143
23,28,41
274,73
265,190
40,126
90,202,108
158,256
102,39,100
161,272,72
180,43
95,6
126,76
124,18,91,8
190,291,21
249,41
234,161
172,174
32,280,132,271
31,122,293
157,28
115,10
173,248
166,235
15,244
39,40
33,175,76
188,70
30,89
178,71
256,175,294
28,38,30
92,295,17
96,81
168,112
118,121,117
226,23
97,2
46,296
163,0
55,211
15,187
27,219
108,174
40,74
250,208
69,183
127,64
230,39
185,43
187,228,49
259,118,275
149,281
235,260,227
85,114
74,65
181,125,138
247,52
267,0
113,141
139,183,67
64,165,125
242,96
83,205
53,292,135
159,121
297,90
64,43
298,82
226,259
299,198
189,50,49
230,90,79
191,246
102,216
300,239
110,133
244,33
81,178,79
94,196
168,250,208
219,183,298
293,15
12,7
23,169
204,124
66,154
67,221
205,266
32,114
162,25
162,18
40,237
39,50
253,10
301,254
216,122
130,81
218,82
302,40
67,20,34
232,49,267
158,21
72,61
23,207
114,123
118,301
196,225,28
221,281,13
44,295,34
269,68
63,219
280,283,303
94,304
28,305,301
86,115
80,244
181,209
46,4
28,110,23
89,135
20,243
205,173
83,265
240,205,247
215,231
39,41
26,109,206
43,76
187,84,306
202,61,90
234,15
76,170
235,103
44,186
24,113
60,5
21,211
125,124,42
262,245
46,100
169,89
0,49,42
165,129
88,180,5
119,132
199,136
276,188,106
29,259
30,28
81,186
2,250
182,218
176,134,20
203,221
176,181
64,148
11,205
141,13
261,299
148,227
9,7,159
71,72
46,280,52
83,262
212,205
128,51
98,193,122
94,187,122,119
158,257
49,289
18,300,146
199,79,109,230
42,43
10,158
41,292
63,217,81
28,14
279,183
39,187
151,100
130,120
307,28,38
24,213
50,268
65,199
12,68
74,67
279,188
113,91
146,188
268,235
268,195
244,224,107
190,226
44,88
115,123
4,14
36,128
272,256
183,184
137,157,191
73,67
47,77
33,16
75,149,13
175,181
2,3,254
4,281
290,224
242,214
122,239,187
39,189
216,119,171
161,6
24,44
30,159
190,135
154,87,194
303,131,189
261,20
72,32
0,247
114,186,245
74,39
148,232
197,200
197,71
86,68
123,242
228,119
32,262,211
162,118,158
248,257,3,0
115,193
300,308
234,189
248,117,89
109,96,0
249,49,30
79,222
125,250
52,93
130,132,220
71,201
247,38
9,12,100
94,110
200,83
114,246
92,149
183,18,222,230
280,7
305,205
242,136
253,256,192,182
174,244,279
107,175,29
268,195
202,237
283,157,3
77,88,138
61,69,83,284
85,248,157
165,17
283,112,210
227,95
100,94
45,290
289,266,259
248,52,265
45,197,147
174,130
161,72,147
67,94
114,4,100,232
146,208
182,172
55,211
192,29,143
189,120
86,228,68
80,60,188,55
50,189,268
205,303
76,129
138,34
159,51
46,280
132,186,155
192,179
183,33
193,232
190,162
62,22
13,24
109,6
176,55
151,9,7
126,105,279
244,83
121,49
119,163,49
12,264
65,263
86,246
152,258
309,49
117,248
230,36,49
203,39
94,296,242
67,87
24,310
311,74
34,125
88,125
73,55
239,11,12
41,248
192,10,143
123,227
84,19,129
243,23
13,129
188,224,73
49,12,248
144,57,11
266,227
45,91
247,151
178,290
182,231
307,33
146,188
57,137,86
291,190
42,13
121,190
199,208
65,180,42
250,189,136
139,67,84
181,60
144,65
115,171
142,240,188
239,254
250,224
217,284
254,68
87,127
254,56
39,263
49,99
294,264
219,103
87,288
251,167,96
169,234,148
148,277
150,86,133
292,304,16
279,45
309,208
125,312
17,16
105,244
14,187
200,72,178
153,132
141,204
64,136,173
96,103
50,129
109,153,219
275,249,190
65,139
64,219
82,172
262,44
302,20
146,109
124,16,256
153,104,62,67
244,209
235,195
198,87
248,52
200,79
274,130
92,198
19,45,88
212,46
303,13,74
11,111
156,303
157,137
32,130,55
134,159
115,31,14
139,87,140,62
180,219
186,129
41,55,113
39,305,134,205
105,43
14,231
138,221
257,190
15,301
90,202,200
101,132,35
105,206
60,188
284,105,81
202,140,132
10,18,282,106
205,305,134
238,9
103,10
120,39
117,251
64,65
45,127,74
117,171,307
207,136
92,181
256,65
163,247
306,88
189,234
10,137
32,40,92
42,18
51,14
265,80
306,34,146
228,247,226
60,124
55,113,43
67,20
258,173
141,36
1,303
265,52,179
36,158
182,72
17,24,261
250,168
150,152
46,259
193,46
291,226
135,49
197,129
80,244
234,243
292,307,117
292,30,52
80,196
14,273,187
18,37
129,40
20,299
202,177
45,67
251,94,7
116,190
205,28
298,6,174
183,201
142,171
238,30,46
94,41
5,67,38
180,294
17,165,70
172,146
297,114
201,24,78,6
178,71,161
190,98
100,86
36,35,213
17,28
254,143,269
49,183
182,129
138,18,6
17,33
248,265
28,55,35
231,72,290
149,180,42,35
53,41
190,2,164
181,186
52,9,240
213,161
34,16
61,72
243,212,277
62,311
148,245,41
248,163
223,133
273,303
119,125,99
36,204,88
85,146,80
107,186,82,220
236,221,245
34,194
264,263
52,68
3,167,135
178,219,108
121,0
179,192
248,240,265
154,14
117,259
100,304
165,48
174,279
294,75,84
122,15,115
137,150
157,114
70,284
44,288
165,91,175
232,114
153,194
44,124
4,30,208,11
31,163
129,13
172,81,106
108,200
183,109
144,313
234,179
67,214
187,152
36,66
193,100
75,67,149
290,73
291,212
314,228
30,179,267,243
25,85
242,114
78,188,25
132,219
117,169
291,212
267,63,303
72,18
254,246
118,28
9,111
106,41
112,238
249,52
81,79
35,170
307,163
39,284,137
242,171
274,203
174,202,188,32
112,223,3
153,147
315,49
203,129
175,225,287
199,27
125,64,34
189,148,309
64,44
246,315
131,192,157
111,99,191
78,55
296,223
135,264
34,149
72,316
61,147
68,7
227,278
32,114
178,91
71,219
157,46,122
216,57
150,49
3,7
234,38
312,77
0,168,225
172,170,63
72,231,218
88,124,125
98,4
223,143
88,137
289,167,257
145,133,246
81,16,54
214,40
122,216
100,67
272,79
254,133
220,127
91,129,144
24,35
92,64
57,122
155,82
23,16
163,85,249
223,293
301,260
3,39
124,43
9,254
278,208
121,148,317
135,5,56
199,272
161,194
277,164
202,27,79
36,147
200,79
139,44
55,146
250,89
279,297,178
164,28
235,49
131,212
200,6,197
283,15
172,74
176,179
67,22
20,318
3,148
196,314
15,316
42,87,201
8,242
133,250
0,156
259,27
300,32
265,247,205
269,212
4,86,187,101
15,242
182,172
136,95
27,130
136,228
226,23
53,89,167
13,178
89,117
80,251
30,207
286,294
18,72
205,150,10
197,174
18,45
49,243
15,120
100,3
256,45
18,36
56,72,218
56,251
288,126
39,118
275,30
309,226,148
40,298
174,106
0,190
268,179
102,157,223
167,227
110,2
186,72
18,122
300,56
247,249
99,273
115,1
28,275,259
240,173
2,264
69,174,72
183,118
155,5
187,263
146,6
202,127,219,45
211,154
101,212
208,102,167
182,105,81
2,140,44
128,254
194,65,24
65,67
50,314
168,22
21,127
182,194,104
182,149,63
138,88,194
12,159
68,264
40,302
257,115,243
92,311
208,157
250,243,0
132,220
78,217
118,259
181,274
237,204,62,42
118,265,163
6,26
113,17
46,150
46,232
127,20
7,1,160
299,222
157,232
123,14,187,94
286,201
67,88,20
2,3
247,168,195
55,132
106,72
21,57
205,179
188,292
87,45
182,211,27
192,283
56,130,244
248,164,118
109,182
53,305
179,291
219,109,200
284,301,317
188,210,149
256,127,33
144,50
125,120
2,147
172,81
107,173
80,79
193,98
39,248,163
272,104
178,41,73
199,219
120,68
80,6
283,303
305,173
125,75
217,172
216,167
97,210
190,269
43,73
108,78,174
55,82
269,38
266,225
82,32,114
29,6,163,220,211
258,223
117,249
316,178
114,150
85,49,227
117,89
227,199
147,114
100,120
136,102
309,212
190,97,49
116,23
318,165,34
213,137
184,72
258,133
130,92
115,227
244,52
5,124
45,33
240,21,89
235,89,148
280,68
259,41
54,112,254
253,239
301,135
213,262,113
315,11
84,288
194,125
74,82
79,104
276,220
211,23
90,109
43,20,33
2,115,103
125,75
122,202
312,42
133,171
75,294
134,47,247
205,129
71,72
109,79,219
242,12
280,54,68
26,133
82,255
136,152
245,284,238
142,11
103,75
213,165,222
80,244
180,42,295
129,110,190,261
62,291,192
103,119
250,291
94,115
246,280,12
33,16,288
67,70,213
61,90
245,132,32
60,146
99,258
232,152
261,19,45
221,149
117,247
125,32,24
258,250
83,244
52,53,163
164,107
238,7
22,85
129,83
59,203
140,67
6,178
30,7
295,5,194,64
191,52
303,122
7,9
44,165
192,150,207
75,67,122
300,132
113,165
135,292,248
5,102,87
96,169
87,16,183
23,26,255
81,122
265,207
65,18
300,59,27
28,49,238
15,123
265,183
194,64
315,55
164,39,252
157,3,192
2,133
71,228
211,234,194,312
26,161
24,127
131,254
180,62
80,124
122,94
259,39,118
158,198,154
38,173
266,9,94
298,106,81
13,24
15,258
17,113,20
70,62
44,36
65,81,263
87,105
40,18,33
209,202,81
187,158,130
130,36
88,231,72
42,125
148,267,235
179,190,169
267,85,48
45,46
5,35
136,226,148
112,303
27,176
290,81
11,133
26,0,70
2,303
165,124
205,134
239,57
114,193,171,110
199,25
169,249
117,248
97,242
202,227
228,30
184,178
284,91,24
294,162,45
204,35,299
319,300
212,0
215,146
128,248,202
242,92
67,140
73,294
193,271
250,50
186,70,170
76,33,64
246,112
19,218
188,55
5,34,281
12,250
219,230
163,251
269,171
68,238,157
168,188
227,49
115,238,10
43,213
81,82
114,142
210,7,133
255,316
115,171
248,137
146,220
39,205
55,172
34,165,295,66
127,132
19,16,36
179,212,243
223,254,31
303,50
136,33
196,267
16,237
227,115
66,306
66,125
230,108
71,264
239,67
131,43
75,16
124,188
219,297,229
101,100,187
109,84,140
244,224,80
142,12
65,64,125
141,88,113
205,166
248,234
117,24,166
110,100
250,114
157,239,246
320,232,188
192,93
133,68,159
88,139
72,56
87,126
90,218
61,27,161
170,26
134,249
271,112
301,89
164,150
205,307,23
298,244
97,115
276,245
265,164,39
117,134
113,64
98,92,211
34,128,20
234,49,23
310,24,261
115,119
178,200
150,280,52
183,274
148,225
172,170
273,239
261,141
120,232
67,43
0,85
6,199,184
167,27
183,140
15,73
260,103,158,86
28,250
163,96,207
208,117,250,122
87,180
13,282
21,190,85
118,53,189
91,175,124
144,245
291,49,189
183,287,177,109
206,71,26
27,178
207,49
181,158
55,6
167,240,205
131,95,23
81,75
78,188
265,168,309
295,65
142,103
17,181,92,309
186,11
164,208
43,5
71,27
282,144
191,163
54,187,2
278,234
133,99
287,41,28
249,205
199,5
146,220
13,129
296,23
191,248,26
64,255,115
317,268,116,291
135,167,166
295,19
183,321
310,35
106,188
55,60
15,114
280,169
251,157
74,82
10,102
94,242
209,130
259,135
135,23
117,322,41
264,254
165,186
244,65
198,146
129,115,112,150
263,142
251,28,2
13,221
266,30
230,219
134,52
103,94
51,274
198,40
157,103
78,132
150,15
5,16
230,161
67,169
81,291
205,265
217,80,209
27,121
187,110,137
13,75
40,122
248,23
79,27
256,82
194,19
66,194
140,294
9,11
312,67
76,36
93,100,15
219,60
202,200,147
157,15,119
254,2
32,174
264,269,112
258,226
21,212
174,147
230,186
16,77
174,316
9,169
122,27
212,257,48
67,127
40,108,45
94,242,142
294,274
109,222
108,319,200
132,14
165,65
132,81
112,259
188,80
219,108
164,172
122,85,137
127,24
40,75
2,246
228,49,189,190
271,64
157,196,9
98,85
262,259
52,117,247
237,18
158,33
203,256
323,112,122
303,280
94,123
192,303
85,22
224,254
90,244,79
283,92
188,279
161,153
146,170
30,168
40,87
50,163,189
247,265,248
239,9
61,14
40,21
18,62
235,88
0,116
46,183,256
136,102
234,136
28,173
106,226
266,118
208,30
38,292
294,36
55,48,94
157,97
176,32
180,124
273,228
23,33
165,320,34
254,131
194,24,8
81,244
7,157
235,292,234,48
230,286
30,305
218,147,206
30,240
20,127
282,165
147,153,172
193,100
254,180,49
276,220
261,170
59,19
40,27
13,127,39
265,173,301
48,47
244,19
61,291
238,254,95
280,51,238
259,39,252,164
218,274
248,243,230
104,140
221,76
276,81
176,284
24,255
175,34
7,32
9,239
25,60
183,27
100,7
129,203
274,3
10,11
104,153
113,204,67
181,217
259,301,41
121,65
190,267
13,263
133,51
165,6
114,82
35,87
167,44
175,149,73
186,169
27,272
205,251
70,16
167,70
273,46,171
243,187
289,190,257
110,192
95,168,266,196
121,250
220,200
74,17,271
228,190
124,221
17,71
76,67
261,45,128
37,153
255,184
71,45
125,213
235,95
54,110
64,65
228,38
200,109,153
264,51,280
121,240
223,292
133,159
145,253
11,163
183,40,32
48,259,167
88,53,106
147,16
292,271
42,27
200,276
102,69
78,64,183
189,196,50
196,234
146,172
185,65,43
43,162
19,81,35
19,286
136,317,179,189
26,147
55,262
150,295
249,41
165,180,125
230,319,183
311,65
125,174
114,49
23,190
97,1
112,245
233,244
141,44,310
2,254
282,141,221
9,115,190
261,70,294
132,105
155,105,297
167,311
52,311
158,42
21,0
100,94,115
214,45
8,41
258,3
132,80
12,242
46,142,93
67,84
104,26
298,36
88,149
41,265
131,135
18,198
256,67
235,49,227
183,222
111,26,108
199,104,108
294,141
189,228
148,103
265,47,163
258,10
45,204
319,70,18
34,125
169,277
75,65
20,113,244,82
151,49
44,124
245,202
229,287
67,222
49,242,57
33,87
186,217,32
42,246,196
229,272,104
95,136
166,305
149,33
18,204,33
14,110
39,273
291,189
118,292
209,220
35,126
130,26
249,41,205
24,219
112,157,10
121,252
35,216
119,132,146
75,274
323,2
102,51
26,209,182
55,83,209
198,45
102,119
27,319,183
72,184
161,114,79
222,181
290,220
183,56
127,17
32,236
244,105
20,261
67,125,57
202,16
159,263
202,230
37,65
68,10
246,150,268
233,172
78,233,188
257,121
61,186
44,64
146,154
208,124,10
277,23
309,49
135,184
205,156,53
42,185
193,273,123,94
283,101
169,227
115,303
289,277,85
211,82
255,16
194,172
248,39
296,145,11
244,132,182
24,79,60
144,183
69,188,25
280,148
154,17
308,174
316,28
157,192,10
216,99
10,131,192
232,103
205,10,283,223
205,162
96,251,260
157,238
174,30,210
319,26,104
117,225
148,49,136
13,206,217
117,228
10,100
15,259
210,36
173,225
171,54,22
159,205
223,54
148,243
136,95,131
213,84
51,261
156,21,314
198,220
155,278
308,34
136,247
141,24,261
180,125
117,28,242
17,67
194,126
51,27,231
156,148,134
74,36,20
276,81
182,81,244
48,0
187,115
141,62
42,99,256
124,5,165
193,303
28,39,118
142,232
148,179,169
33,64
7,57
80,136
135,292
303,97,51
144,16
87,16,62
157,143,31
122,193,296
291,121
12,119
7,8
65,35,129
1,228,243
55,80
102,68
0,21,121
219,109
311,139,67,158
283,11,280
49,143,296
18,70
94,103
170,75
61,16
28,21
48,291
12,46
266,169,90
124,91
44,34,180
39,173
72,183
272,170,200
90,21
247,189
298,80
2,145
165,198,24
245,262,300
228,190
163,247,118
116,227,208
167,30
89,265,248
23,85
225,23,101
205,207,141
71,24
232,283
120,152
157,15
2,238,133
245,107
264,268
77,73
5,194,64
234,0
272,287
148,167
114,13
80,19
262,213
242,253,191
115,273
158,87,74
14,187
221,67
90,319
145,249,137
234,59
81,183
219,232
3,112
85,169
89,97,283
191,254,280
284,132
283,239
159,171
203,282
250,49
2,313
7,51
132,186
239,112
157,283,205,242
30,99
301,205,28
17,256
59,221
269,89,105
55,184
219,218,153
234,235,228
38,173
232,223
117,21
49,189
25,186
323,35
94,57
9,118
303,115,256
13,271
150,27
301,163
223,121
189,53
81,83
77,291,244,208
189,163
39,28,46
115,94,122,98
59,16,67
269,280
85,235
30,29
107,83,32
46,242
16,36,256
183,229
189,235
290,61
260,27,316
132,107
77,222
266,189,190
275,292,96
250,28
228,23
48,264
6,32
49,257
49,164,179
42,127
109,73
111,100
299,42
130,157
254,157
163,44
57,265,9
208,234
256,206
126,231
20,40
72,147,201,276
129,180,125
55,244
194,35
277,148,291
94,7
15,166
288,213
245,78,300
295,183,292
72,244
220,188
115,280,219
223,102,10
188,80
124,64,66,320
268,89
71,69,176
67,16,40
280,89
79,216
243,235,169
178,219
48,23,136
187,57
142,192
211,130
221,185,138
259,52
202,201
182,192
65,236
51,234
182,105
84,141,222
199,183
67,77
188,209
198,299
190,49,3
44,125
165,306,175
44,129
64,77
80,126
5,165,194
36,127,84
313,254
54,222
38,262
194,165,66
71,183,319,174
187,322
261,202
212,21
28,243
89,212,250
232,112
107,286
294,198,67
209,188
24,17
132,119
38,235,52
259,0
255,105
75,59
264,119
57,166
154,71
250,39
273,94
75,42
232,94
1,207
242,100,28
180,17
143,93
18,128
165,137
124,211
7,23
112,32
110,99,86
82,178
118,115
104,200
262,119,130
190,29,266,248
46,101,190
36,316
216,114
223,4
122,14
295,82,42
294,310,162
13,127
80,233
134,96
89,167,96
314,247
60,78
118,291
315,131
265,234
219,45
266,169,49,136
171,223
118,255,262,219
313,97
82,279,265
67,42,261
271,36,35
124,44,203
183,67,16,127
142,103,216
240,247
231,72,71
102,112,9
54,31,269
128,90,298
303,86
182,26
150,215
211,107
51,192,323
223,84,56
178,6
89,129
308,319
23,292
115,15
158,70
51,269,2
320,261
41,52,265
110,94
40,141
24,73,76
268,49
172,132,219
226,3
261,45
214,256
167,292
283,84
303,223
276,55
242,123
261,36
232,123
186,163
43,33,88
97,254
44,2
61,46,67
81,224
0,173,48
64,214
182,244,105
221,181
61,199
169,227
3,249,143
320,5
172,132
52,137
143,246
146,204
148,49,247
257,21
195,119,149,183
301,307,28
268,95,38
194,149
132,82,220
68,8
260,29
97,191
3,106,283
115,132
86,223,97
231,90
172,231
70,92
317,227
171,118
233,25
273,123
41,251,167
225,262,73
45,67,139
23,166,252
17,16
132,82
311,194
205,222,23
18,64
277,309
39,0,23
110,98,21
89,164
146,25
32,108,81
245,165,199
8,291,269
83,310,50
249,179,228
94,150
164,227
125,271
128,324,288
113,40
161,183
154,199,177
274,37
283,245
179,48
288,298
159,143
21,228
20,42
228,289
118,29
215,41
171,93
163,148,2
144,77
16,167
129,36,125
29,304,226
35,81
101,49
294,127
163,243
162,180
35,113
189,190
114,151
161,240,65
201,197
125,111
151,280
91,140
232,177
221,192,188
235,28
64,271,44,165
15,242,93
320,67,180
121,208,103
319,316,78
230,16,182
195,116
265,166,169
3,157,253
138,77
280,39
72,109,61
26,201,183
178,206,109
238,196
81,188
201,109
79,209
274,13,180
15,254
264,145
303,171
136,96
43,59
66,5
169,225
13,297,70
141,26,292
210,15
72,184
161,174,78
57,101,111
219,298
219,61
140,16
39,248
136,289
232,187
312,274
80,64
27,61
147,192,26
72,184,83
34,88
190,291
138,165
76,59
73,42,104
268,95,228
137,51,190
124,180,318
100,137
245,70
170,174
181,77
150,86
309,49,228
307,190,268
148,205,49
171,15
69,124
279,90,6
18,261
78,261,40,198
141,3,286
68,106,198,286
315,8,254
210,325,53
153,43
125,302,198
225,226,241
220,237
145,133
182,272
124,42
10,54,51
133,54
146,64,218,70
303,254
213,294,67
9,10
294,19
34,256,86
28,89
121,267,179
238,246
141,129,194
23,95
126,213
46,112,58,100
1,10,223
14,179
142,57
165,162
208,234
308,219,181
245,215
27,276
12,208,68
64,52
72,234
32,182
134,142,309
114,106
137,246
91,129,88
260,249
115,223
91,59
30,156,96
88,295
145,68
14,4
236,5
322,148,196,205
2,7
142,113,212
115,101,232
244,26,63,213
13,124
92,19,18
19,310
131,266,179
80,201
250,163
159,264
77,188
55,87
156,242
96,231
121,263
201,218
207,169
39,52,30
276,201
246,57
146,118
249,208,174
39,103
227,119,63
292,41
245,87
11,254
200,231
163,42
301,114
16,140
17,214
35,214
186,290
219,27
68,205
26,96,256
94,289
111,101,151
141,67,183
50,228
55,181
98,15
28,266,52
305,247
123,3,111
223,232
73,165
147,295,27
64,13
254,51
75,219
245,262
211,298
30,315
180,106
72,236,61
75,271,194
281,36
73,274
39,163
181,197
64,100
17,72
133,246,254
173,150
244,182
34,16
21,13
3,114
20,108
98,238
136,302
187,30
2,3
266,148
129,205,231,60
6,178
114,46,133
242,254
72,220
193,239,119
311,147
249,166,240
23,7,43
205,228,38
246,9
136,208,309
325,14,89
21,179
240,167,117
235,15,265
286,202
188,276
13,3,192
100,86
2,115,7
110,152,100
2,269
102,239
117,247
279,132
130,146
68,133,12
3,303
274,310
2,8
208,196,136
7,264
179,266
122,93
112,159,1
196,30,169
171,98
258,49
97,103,99
49,138
163,28
230,222
40,42
22,192,30
90,222
98,4
132,220
212,248,171
163,173
159,123
232,264
27,108
252,30,207,96
7,269,143
163,118
80,276,55
72,6
86,250
246,3
256,67,33
223,296
280,119
65,286
183,61
179,34
81,80
74,294,67
171,157
72,3,246
247,41
203,73
40,45
294,126
186,120
119,106
186,32
118,205
55,211
67,20
30,96
115,150
86,31
152,232
171,148
183,137
112,236,43
287,279,233
240,14
237,272
129,35
167,269,49
190,148
208,39
150,137
224,310
286,255
33,125
190,317
35,140
153,105
192,228,205
292,121,325
183,79,177,202
244,55,276
184,41
153,71
250,145
228,234
97,3
41,240,167
287,172,44
18,214
10,303,254
187,122
303,68
223,118,24
104,219,199
112,28
300,220
301,106
122,103
144,62
32,294
48,169,49
128,219
305,260
53,247,134
125,59,45
92,158
103,115
78,276
159,223
186,262
247,223,257
44,180,281
44,76
36,19
301,135
149,5,125
254,238,192
179,158
189,148
105,276
34,245
220,155
92,42,35
76,213,299
225,266
14,187
250,50
59,45
142,242,93
32,132,217
81,276,244
33,162,183,16
33,261
106,55,146
258,100
11,143
99,35,168
240,173
228,21
85,121,39
62,194,203
52,28
81,287
183,230
72,316,229
301,265,163
20,92,237
59,13
11,119
16,213
256,261
251,248
218,202,197
146,55
79,23,145
26,161
144,274
2,209
106,56,109
116,250
316,26
292,260,148
93,8
101,26,292
93,100,187
44,20
190,212,136
36,302
266,156
176,197
86,88,247
189,2,264
73,19
200,153
261,56
1,7
108,270,27
100,171
64,172
315,94
183,67
106,110
215,220
125,169
295,180,165
167,173,28
283,31
142,123,46
110,51,10,57
305,314,163
15,111
259,23
125,165
75,36
39,167
221,43
131,235
97,68
265,19,100
122,303
285,158,31
190,45
3,131
29,292
118,305
202,199
90,162
60,132
45,263
65,213
19,158
294,321
183,244,68,269
232,189
8,133,112
81,60
273,123,10
174,231
22,85,291
80,316,83,107,105
70,24
203,24
280,51
199,219
242,23
232,251,12
67,26
167,223
32,188
32,244,303
77,274
118,163,251
183,155,298
76,75,274
71,197
7,24,196
59,76
95,150
142,258
171,238
224,80
60,300
115,46
17,20
223,246,115
52,12
257,121,22
86,293,111
7,192
165,139
50,106,109,42
85,190
90,287
314,30
116,292
70,17
194,40
173,188,15
80,219
146,108
54,143,10
81,244
235,277
24,288
7,283
225,248
249,304
2,228
234,121,226
222,84,127
227,246,11
126,139
5,67
62,50
110,232,60
182,106
184,297
49,278
180,312
46,14
301,135
46,10
169,159
143,203
141,106
254,307
65,16
247,249
19,158
209,220,182,55
59,75
244,105
27,201
46,93
27,104
252,307,301
124,54,95
172,136
57,280
265,118
40,107,45
72,35,229
258,123
279,188
46,215,303
187,120
182,79,109,72
2,260
52,314
31,14,110
82,105
92,24,17
183,83
68,133
210,131,8
210,55
97,122,142
27,256
2,110,11
178,183,71
18,129
253,51,103
255,78
149,16
156,196
248,235,267
200,197,272
323,86,257
265,118
46,123
34,271
132,188
139,33
145,250
228,250
60,71,272
299,45
117,243,189
244,224,80
148,190
14,0
20,17,40
52,41
65,203
2,100
15,189,302,259
201,175
99,260
140,299
280,157,54
146,117
146,106
82,316
299,310
240,19,141
243,23
220,114
242,295,300
69,6
234,85
287,60
9,68
54,264
147,224
204,139
45,82
317,48
78,132
145,260
189,3
239,68
43,130
272,27
179,314
155,66
27,262
258,103
166,39
88,158,60
5,138
145,51,280
148,228
204,31
199,219
119,103,225
204,119,24
247,163,205
188,161,287
255,219
283,157,112
269,51
80,198,82
59,76
28,157
252,119,68
52,167
24,310,141
205,83,80
57,258
137,100,94
231,177,272
295,158,214
205,28,240
39,72
96,38
158,237
101,187,99
199,56,218
248,12
299,38
144,73
161,188
224,27,132
125,177,44
70,67,126
139,91,27
113,67
52,227,195
245,211
208,95,169
303,68,280
7,98
57,159
39,51,52
159,143
153,146
72,83
316,172
274,69
275,269
305,249
255,268
46,242
157,143
132,244,138
201,209
263,296
258,159,93
125,112
109,130
111,258,15
166,39
95,228
43,42
80,154,108
29,118
164,96
86,115
106,64
157,142
257,259
254,118
213,126
295,138
92,33
60,81
126,5
77,273
242,158,106
147,223
165,64
49,152
32,256,245
148,121
137,258
79,90
25,141,280,267
81,182,32
123,8,322
222,150
229,197,6
64,5
60,244
187,111
32,245
303,57
134,247,49
127,183,161
25,125
130,107,146
23,39
61,316,178
276,201
108,199
105,188
70,42
18,35
264,11
95,49,196
324,162,92
20,45
259,28
65,83
81,182,244
61,147
61,190
150,15
295,174
283,234
299,62,74
191,159,143
267,192,190
246,189,151
247,301
43,221
268,250
36,17
126,265,94
67,16,20
125,10
49,196
190,212,21
192,285,137
124,165
81,172,170
297,163
153,177
181,25,182
23,169,148
169,30
232,216
238,11
100,115,4
223,157
52,134
325,307
78,244
186,109
12,115,143
2,145,254
84,24
16,87,140
187,51
106,64
51,191,159,2
101,216
32,209
183,27
7,46
88,129
115,187
10,223
227,189
295,44
127,62
203,75,124
130,155
72,197
181,90
131,0,23
111,119
150,277
141,87,188
83,125,236
38,189
174,64
66,34
158,141,311
205,292
161,172
75,295
44,88,165
278,243
6,178,316
41,247
137,118
139,213,162
226,113
59,221
214,113
76,73
208,240,163
206,6
2,101
230,78
3,1
206,147
286,138
35,149
158,176
20,35
115,242,171
30,0,169
254,258,119
248,28
159,97
57,151
133,157
59,43
198,165,81
186,74
94,125
254,49
72,224
7,210
189,169
55,255
228,259
129,295
39,200
15,86
11,103
172,209
111,4,14
32,60
236,124
35,26
101,86
260,118
150,137
45,158
280,221
40,188,220
183,147
115,157
101,110
155,32
23,151
207,28,275
269,145
188,230,229,88
239,54,3,223
56,155
164,205
65,139
183,217
68,283
187,94
150,5
157,112,238
54,253
295,321,5
243,21,23
125,63
57,195
117,207,250
224,172
323,15
64,34
122,269,283
16,84,183
45,92
127,256
248,89
64,69,67
102,0,15
274,144,65
26,255
57,64
244,219
101,315,280
178,105,39
163,52
208,189
44,65,138
65,124,64,140
115,187
71,154
294,34,18
125,165
33,84,213
27,129,36
28,171,23
291,227
189,112
237,140
34,205
120,115
46,304
173,205
288,213
248,173
17,213,24
272,155
311,162
278,9,276
15,280
266,235,196
180,254,224
293,110
220,207
209,146
23,116,234
310,186
23,68,266
302,70,40
244,219
124,180
175,44
123,159
155,69
254,304
30,31,187
246,2,100
51,264
244,12
226,265
150,110
81,60
303,189,148,196
145,86,157,243
40,61
259,89
38,247,173
157,283,112,7
44,165
125,284
207,259
45,125,76
299,17,128
264,239,143
91,61
36,192
121,263
33,231,318
136,148
64,255,61,19
101,152,15
154,17
8,272
298,199
273,289,208
16,161
170,60,82
193,10
56,199
257,85,190
154,255
237,194,87
159,52
112,223
209,298
78,185
10,262,174
158,140
126,267
240,250,112
154,255
40,124
86,135,94
106,245
35,165
19,186
54,143,239
257,39
68,102
167,205
221,158,5
150,86
15,225
224,105,188
142,93,46
310,36
105,209
291,277
315,112,241
166,12
314,117
100,15,123,142
229,184,26
63,13
49,89
138,276,92
6,141,34
188,276
262,310
156,117
223,122
231,266
36,41
192,112
187,93,122
220,81
137,110
35,203
34,75
248,30,39
49,96
45,64,18
190,212
140,237,127
169,23
97,11,112
35,203
126,222,67
65,286
43,236
239,133
101,249,48
96,89
17,128
6,12
118,163
43,138,235
60,125
36,19,204
180,189
228,240
165,44
165,138,17
264,248
112,12,283
79,92,217
104,153,202
287,72
249,164
17,274,298
148,276
319,119,95
146,21
27,146
130,32
23,225
216,97,10
311,204,87
113,63
183,72
135,134
28,235
217,80,276
45,204
199,164
18,162
171,93
133,105,260
80,63
64,65
161,316
267,100
51,227,187
105,109
205,164
159,12
232,264
32,175
15,100
256,222
30,104
171,94
101,310,49
143,152
165,161,35
187,100,15
211,276
175,200
154,181
52,167
157,269
256,183
187,269
86,258
275,163
244,60
298,197
188,220
231,281
130,204
221,127
113,128
193,238
202,178
169,227
315,7
223,86,224
13,124
195,228
43,175
226,175
149,8
248,216,118
259,193
297,72
315,103
211,218
26,300,229
3,246,191
189,23
250,208
16,140
170,188
43,76
238,142,191
129,274
159,100
70,247,310
230,24
132,78
47,267,324,10
222,141
132,185
245,188
254,68,280
203,37
255,109,178
194,124
295,234
248,205
216,120
3,240
236,64
227,269
23,275
33,133
101,114,150
48,167
23,89
35,58
235,136,189
49,119
230,81
317,235,169
201,214,178
238,253
46,94
85,157
36,321,294
314,39,205
210,101,168
122,280
274,65
250,292,265
231,108
72,213,126
89,247
104,72
7,239,133
37,103,54
37,185
23,6,222
259,189,228
295,221
108,202,229
206,197
59,180
264,254
136,189,250
216,94,115
105,284,55
145,157
67,141
197,127
253,7
109,201
42,40
219,101
262,211,114
14,151,2
262,132,81
235,89
6,244
81,190,92
268,260,173
285,100
78,183,85
147,202,71
93,273,165
124,87,233
202,27
73,88,245
100,145
49,57
309,208,189
60,34
104,319
172,85
231,287,123
298,129,32
26,61
9,50
20,256,299
298,108
81,170
240,259,258
74,204,19
19,128,70
82,147,182
117,49,273
291,156,30
117,248,207
217,131
66,88
279,26
297,219
65,194
135,169
159,187
113,36
117,41
18,17
245,186,211,130
159,145
200,199
146,21,147
291,305,190,168
150,187
39,163
123,115
89,57
19,40,194
194,44
63,300,60
23,48,168
119,93
61,300,201
259,248,205
117,166
65,96,17
296,240
136,190,179
193,122
27,90,272
134,292
153,79,230
11,244
101,145
138,276,320
28,163
100,11,190
83,184
44,180
68,280
205,50
236,59,43
98,115
132,69
60,153,245,183
319,61
97,68
184,114,40
183,107
217,13
190,228,0
158,165
21,94
128,84
70,92,17
69,201
227,136,268
133,192,252
163,118,39
20,99
308,294,132
42,175
199,72,56
277,11
132,197
112,114,171
205,325
152,34,173,221
155,188
219,147,6
198,204
147,187
121,30
124,165
5,294
111,258,100,101
4,203,87
249,23
28,53
14,221
61,106
77,18
185,135
36,183
133,68
152,162,52
283,292
154,219
284,186
204,67
166,187
205,85
0,228
222,311
190,212
13,1
183,186
78,276,279
90,141
22,41
90,13
268,226
245,223,124
189,227,49
243,190,189
110,250,248
115,122,137
257,179
123,250
320,149
192,232
80,90,161
35,180
97,103
23,267
192,131
50,223
1,232,253,187
35,17
193,15
207,96,133
150,122
63,130
121,208
142,208,226
267,223
317,5,85
103,280
220,82,79
189,49
55,81,181,217
177,56,300
80,155
250,21
51,223,157
219,238
55,172,188
35,63
265,248
189,143
316,11
81,113
120,229
114,14
145,223
291,21
164,39
222,55,25
296,94,171
296,142
86,15,3
13,5
56,61
259,41
263,173,122
221,100
200,71,27
134,248
44,163
190,228
204,324
183,66
139,141
268,110,208
80,181,55
138,321
20,62,126
187,114
289,16,263
44,271
149,115
201,229,108
142,201
68,100
256,28,158
266,95,235,23
79,222,200
121,277,0
21,266,41
49,171,187
212,228
143,112
254,205
169,250
5,76
115,103
63,218,81,61
21,212,121
187,143
0,315
34,64,127
34,92
78,189,88
89,52
138,64
247,148
265,248,167
317,179
27,172
227,135,98,205
26,71,72
34,180
56,79
268,168
65,35,75
49,0
17,20
272,80
124,203
70,68
124,188
21,231
26,71
263,217
27,276
125,220,147
99,223
189,169
211,279
175,203
203,243,283
204,188
163,156,252
64,66,34
60,262,256
295,24
32,281
153,199,201
320,88
218,26
263,93,98
189,228,314
115,275,205
161,287
70,76
187,210
190,118
155,123
163,252
5,198
91,129
174,188
191,54
94,273
42,65
188,172
144,76,175
249,247,205
28,247
146,170
43,5,312
36,310
147,220,174
174,220
98,168
7,226
249,195,118
79,229
126,77
265,136,118
303,159,143
181,90,78
236,76
14,264
72,272,127
152,315
158,274
3,254
202,44,73
199,34,78,19
32,127
198,113
71,56
11,315,269
232,119
49,105
93,232
320,271
93,142
26,71
289,307
125,165,44
3,11
294,66,126
301,163
205,118
257,255
159,114
181,284,80
133,238,159
28,30
284,82
120,2
133,264,57
109,244,116
100,234
134,130
15,50
250,46,41,236
204,256
39,96
274,125
205,85
257,148
34,182
45,141
60,219
310,40
63,209
51,254
193,112,15,97
57,290
250,225,136
147,73
274,248
125,194
205,322,135,117
42,82
231,194,5
184,141
70,220
14,219
263,273
191,276,67
252,248,190
81,82,220
201,202,79
231,202
75,77,65
96,205
41,50,317
36,178
90,39,289
222,178
54,15,143
146,176
316,170
133,123
141,43,37
96,247,163
274,42
106,186,25
147,118
12,3
146,40
13,16
186,298
262,119
36,294
41,124,58
265,248
146,19
27,25
61,295
264,145
85,50
128,261,310
213,237,140
245,107
43,64
261,73
275,29
36,174
30,39
66,126,203
248,123
218,153
218,44
49,243
41,205
38,89
148,95
93,119
141,213
91,44,295
215,12
63,107,245
130,106,105,161
85,234
48,167
287,27,272
171,305
124,271,274
292,169
181,238
145,210,52
83,61
165,194
14,159
45,113
15,46
189,208
228,148
172,178,183
163,265,134
95,118,164,189
34,44
133,269,238
54,192,223
284,67
28,166
0,134
30,3
153,297
235,169
178,169,2
276,224
77,138
237,102
79,200,199
223,187,120
163,28
100,150
292,148
127,115
188,251,198
13,165
219,71,222,201
80,202
268,239
123,137
20,16
192,232,210
95,226,196
298,35
239,293
265,189,227
240,28
189,57
314,118,259
176,192
226,275
133,28
179,190,228
96,2
282,124,127
49,7
263,122
257,243,95
300,71,255
261,158
63,61,36
11,283
237,162
73,175
29,89
256,149,34
80,81
190,23,48
201,108
256,183
11,313
226,187
65,295
4,152,15
280,54,68
36,32
34,55
21,15
297,178,72
267,95,266
300,132
22,116
17,304,14
49,132
77,245
149,35
75,130
80,81,11
303,51
202,95,219
32,17
309,267,28
34,125
169,9,15
55,297
31,70
113,141
163,52
158,231,17
15,274
49,210
235,49
132,66,15
239,9
200,127
231,105
136,121
61,229
176,16
74,36
224,60
17,45
159,12
145,225,3,9
227,309
35,36
91,34
8,210
205,248
105,294
24,158
181,245,107
53,207
109,90,147
219,171
303,3,12
27,109
311,44,141
29,136
301,190
316,17,124,221
250,196,148
247,184
204,271
247,8
195,169
224,276
115,121,54
205,117
310,113
159,254
49,136
48,136,49
171,119
92,24,299
254,18
228,22,121
184,63
5,84
151,295,134
236,148
220,221
94,101,157
6,27,219
206,155
49,248
74,13,24
165,5,87
11,143
3,157,10
205,243,227
132,220
57,3
259,199
36,16
8,68,54
150,100
229,71,154
90,108
161,245
133,193,202
94,100
55,279,224
72,83,184
87,183,162
100,95
184,154
211,188
293,238,97
67,94
181,256,127
309,26
299,221
108,16,44
105,140
158,20
315,223
223,239
174,32,245
24,141
9,68,3
279,178
39,265,28
15,169
172,219,282
27,82
292,205
261,113,36
106,262
300,61
157,223,210
16,154
40,55
140,105
210,187
67,122
142,150
238,145,159
11,7
23,85
41,167
102,93
200,153
4,192
303,246
56,229
76,161
88,165
223,315,192
65,59
276,26
87,312
208,235
245,244
80,244
158,75
112,133
163,136,179
39,134
96,118,28
106,45
258,68,111
16,33
214,113
203,65,281
168,195
150,115
244,155,276
102,123
125,34
66,34
18,45
166,292
43,175
79,123
143,27
16,34,43
300,224,146
48,21
277,121
297,154
98,145
107,244,222
209,255,45
103,72
273,304,115
134,49,240
30,251
80,81,181
81,200,82
48,79
201,144,17
210,159
167,292
150,210,123
34,271
118,305
205,100
185,140
229,165
34,236,73
250,85
211,79
273,103
163,121,2
55,60,172
310,18
244,308
278,169,208
149,43
155,220
196,11
269,102
260,256
54,254
150,112,267
12,57
242,94,232
189,265
92,16
73,175
167,21,52
140,139
106,220
114,90
141,256,146
57,100
269,46
269,2,159
8,9
103,122
125,227,18
256,67
315,244
101,267
201,27
178,107
235,169
13,124
262,299
85,190
250,247
0,190
171,122
132,39,154
81,315,158
18,70,127
125,42
28,205
112,11
49,23
199,164
81,240
12,303
300,6
165,44
49,190
315,103,8
246,4
259,118,275
65,45,149
72,61
133,259
235,68
81,316
295,236
118,28
74,76
306,124
18,36
81,143
250,148
223,112
125,27
182,132
277,123
268,228
187,86,216
165,320
274,44
154,71
288,24
174,80
59,43
306,175
15,100,101
110,124,38
169,250
199,201
79,178
169,173,301
218,109
278,243,291
67,45
78,188
129,165
205,95
145,2
159,119,228
292,39
212,7,169
100,103
11,29
66,127
31,3
39,223,292,134
62,236
177,109
169,216
201,81,90
155,201
240,137
249,49
150,86
20,105
205,248
212,23
107,20
213,16
57,101
99,246
125,175
121,277,85
19,55
60,63,38
11,3
67,256
314,263,15
10,145
97,239,15
149,77,261
294,287,129
242,94
170,40
16,237,74,33
223,15
272,202
127,18
222,172
176,26,194
210,187,232
315,210,157
4,119
156,249
110,15
42,203
100,49
224,132
266,249
186,107
55,153
286,6
159,98
175,198
230,56
194,34
18,261,113
190,173
81,80
41,225,243
116,190
224,232
146,219,55
187,121,143
189,225
15,99
287,202
149,78,187
223,159,7,142
104,155
203,42
45,60
262,82
30,89
15,171
94,28
188,217,78
122,142,232
129,138
69,204,18
37,36
205,265
40,299
138,78
157,253
208,62
65,87
244,196,39
182,188
214,262
3,80
33,49
123,15,152
245,186
68,246,137
83,107
40,36
132,245,262
94,41
81,105,55
272,211,42
8,114
136,14
74,20
99,96
120,279,134
212,245,70
171,296
15,100
2,138,274
199,244
33,87
94,4,46
16,70
49,23,227
127,175
98,239
282,124
90,231,200
196,148,278,235
115,210,191
191,118
92,7
124,59
55,217
157,256,120
228,277,317
243,91
127,3
52,150
131,97,187
41,21
59,24
314,252
142,15
296,100
171,249,243
178,84
238,269
44,251
145,68
276,94
118,228,325
61,109,189
165,180
70,17
269,159
125,237,165
44,182
0,189
219,284,55
190,277
190,59
125,144
216,134,312,94
184,286
224,217
131,314
276,129
100,84
52,190
27,206
201,73,80
186,220
67,165
284,32
325,118
151,150
124,20
86,167
235,49,190
109,105,286
274,200
192,254
163,247
245,105
182,316
212,166
203,44
184,90
85,173,227
265,115
300,81
7,157
172,33
192,269
194,75
171,212
245,92,83
130,104
179,85
145,1
70,20,36
89,182
289,118
163,154
250,50,49
56,255,300
201,206,202
165,230
3,41
71,69
211,35,19
119,182
19,20,324
279,80,172
197,178
14,70
167,264
105,238
50,135
49,167
61,67,220
79,90
124,88
167,234
244,35,109
157,280
190,23
159,39
157,122,10,119
167,23,15
120,15,187
245,188
194,28,73
123,98
52,289,101
114,174,186
295,113
228,234
221,289
164,127
239,2
13,24
186,72
14,119
22,264
1,310
222,56
65,261
71,188
183,6
213,20
35,310
203,124
42,143
81,79
279,290,55,182
0,48
259,39
12,238,7
180,321,75
10,169,179
114,122
232,258,99
87,237
142,115
8,239,168
280,254,119
246,216,12
143,223
33,175,24
318,74
143,157
26,229
148,131,116
178,83
30,118
257,293
73,92
42,140,35
72,161
103,110
251,166
283,199
155,245
23,121
195,235,148
276,146
123,83
94,114
83,81
127,141,67
201,63
41,28
283,314,228
220,32
44,124
186,310,158
88,67,79,140
111,223,142
249,52
129,59
298,130
14,114
292,314,189
79,308
129,165
289,32
85,189
17,70
246,51
221,154,314
52,249
85,190
106,63,94
133,303
250,52,30
133,190,280
273,257
181,82,219
77,13
319,218
38,205
39,267,301
70,45
202,77
3,190,208
54,283
223,254
223,100
218,151
96,292,167,38
138,43
294,16,237
70,294
300,71
203,129
23,49,169
262,25
40,24
189,97
2,216
252,199,3
284,105
274,129
154,312
39,293
141,294,140
131,8
206,146
54,239
213,272
164,28,85
146,81,27
104,109,219
7,187,103
64,274,44
201,27
144,41
173,205
85,55
151,169
147,178
37,36
143,189
140,182,13
136,112
245,106,174
81,63,146
169,11
238,159
92,6
137,145
202,158
165,141
232,159,143
180,124
151,249
266,190
15,99
64,78,221
92,35
36,198
57,152
205,201
216,296
16,219,17
264,208
141,5,79
205,301,166
220,90
82,186
28,216
190,167,95
174,172,274
165,44,64
163,257
250,289
228,134
39,207,205
73,211,50
192,246
109,165
178,83,61
169,234,53,207
15,187
34,295
106,146
44,133
49,235
52,195
106,276
118,30
33,124
76,32
157,10,131
244,254,27,171
133,171
15,137
19,175
228,23
14,296,247
228,190,265
230,36
21,0
315,100
238,11
239,143
34,243
184,290,200
56,183
108,176
25,32
60,132
129,64
10,145
165,129
249,205,247
119,151
4,31
118,28,163
201,153
124,140,204
236,140
139,33
63,311,130
190,116
95,228
208,189,150
130,109
78,290,55,244
130,43
63,298,106
187,57
125,149
304,301,15
287,6
291,314
72,178
197,270
69,180
61,106
22,23
56,19
148,226
67,18
291,220
100,74
148,205,82
124,63
132,32
325,301
235,169
112,303,283
145,264
169,244,52
185,306
205,81
150,12
219,24
245,228
25,83
195,13
190,23
194,207
87,67
125,34
6,230
180,165
88,194,165
220,189
174,63
142,303
279,129,32
248,240
90,33,185,146
88,165,5
220,80
266,189,169
192,229
76,6
65,182,5
172,78
301,28
199,316
172,203,176
295,37
45,46,318
122,171
261,20
104,219,199
42,76,224
45,113
222,107,231,178
277,23
55,60,81
247,5,6,126
153,69
10,315,283
67,45,198
191,68,253
142,151
110,148
12,304,11
81,64
323,125
114,15
256,262
132,155
11,303
3,142
170,132
115,215
30,243
279,56
279,209,217
248,169
43,76,149
133,45
184,177
109,72
167,117
80,229
205,105
40,18
56,71
32,64
250,157
289,251
210,225
128,24
227,169
38,166
18,299
310,87
110,101,254
49,208
288,294
81,104,231
198,228,164
28,39
183,213,126
188,130,60
134,148,118
222,108
205,8
171,21
147,45
188,165
78,161
236,125
24,310
205,322,156
239,157
131,23
46,64
182,81
264,68
325,275
24,18
90,200
26,61
190,243
94,145,191,111
31,15
7,85
186,321
7,97
238,234
60,204
118,251
279,197
271,124
159,51,254
145,64,94
80,106
159,119,238
218,112,219
156,6
256,36
147,183
146,22,235
27,272
91,247
290,279
125,320
279,201,151
51,222
131,95
298,78
194,44
251,16
74,141,67
249,163
175,40
42,201
283,239
142,105,93
49,250,148
311,40
118,247
142,3
218,173
196,21
81,55
126,87
129,44
42,65
237,16
22,235,196
114,130
173,205
49,208
55,244
122,151
274,34,149
81,211
54,210
33,232,129
118,102
30,39
105,4
20,140,237
100,142
82,144
237,298
158,91
30,259
64,129
203,75,35
212,23
175,225
97,242
52,260
15,115,103,210
49,294
123,27
85,289
268,28,100
132,269
324,31
127,249
210,128,176
71,200
51,68
199,72,183
10,269
190,305,39
190,317
134,240
286,94
194,20
229,104
119,14
194,64
10,122
48,196
250,85,226
149,126
274,13
43,55
165,18,233
164,39
146,111
255,174
246,254
125,139
17,92,271
246,51
167,240
213,126,74
14,94
55,56
60,92
2,3,85
100,135
129,77
90,124
280,145
110,274
69,147
57,263
80,25,198,244
8,102,133
256,204
39,251
270,189
88,34
262,132
16,126,183
244,182
282,180
122,133,112
18,17
136,148,190
228,38
163,12
301,16,88
161,111,3
1,267
62,245
289,247
271,45
320,256,141
5,165
230,201
178,26
182,188
187,59
121,163,268
256,310,311
25,176
201,79
269,86,115
312,223
69,147
30,207
12,68
43,138
132,90,106
64,42,165
23,257
61,297
113,73
18,20
306,44,77,125,13
148,227
176,20
242,94,123,142
176,264,40
268,235
24,32
44,67,16
35,262
61,25
219,234,17
207,163
247,324
40,261,198
261,40,36
55,316,174,245,161
187,94,46
43,316
202,153,199
14,27
258,31
40,171
68,254
146,63
232,310,55
34,141
52,210
94,123,14
121,243
306,256,126
178,82
216,177
52,79,28
278,148
77,5
306,4
57,68
133,21
81,130
124,18,44
96,166
15,187
68,49
159,264
232,57
212,265,264
55,182,209
234,21,48
65,274
15,227
178,202
311,175
15,150
274,52
169,307
144,16,261
27,90,230
263,145
121,231
88,36
222,231
69,161
128,126
40,5,180
172,13
0,169,85
243,251
254,115,210
248,18
35,18
265,1,188
212,18
124,192,15
225,169
212,267
123,296
23,68
17,74
22,21,243
44,175
146,178,27
64,65,77
65,221
279,67
151,243
12,68,269
235,266
36,55
44,165
205,135,249
169,243,118
243,140,92
247,171
95,7
274,129,42,321
196,49
23,180,323
129,261
283,2
61,242,109
284,18,67
55,80
144,49
169,289
180,88
45,247
148,212
80,5
129,67,130
65,33
114,15
45,302,214
296,46
221,140
39,164,251
41,135
262,82
141,162,183,62
165,64,129
157,145,10
175,6,70
245,290,63
184,64
51,264
194,64,127
19,26
135,15
159,303
118,136
146,298
269,145
3,163,15
139,310
213,294
21,187
269,1,238
125,319
55,315
186,146
133,157
165,36,141
98,135
89,41,248
157,171,176
320,5
183,254,249
135,205
71,145,239
20,132,17,15
176,44
200,154
149,65
174,146,233
105,55
245,82,319
272,219
115,111
247,159
265,179
254,97
113,27
38,249
158,220
122,263
164,317
199,287
6,316
218,190,244
178,201
69,270
112,57,133,123
157,15,1,142
32,130
24,64
7,9
55,274,297
192,223,283
46,232
228,259
80,155
144,17
301,307
265,205
18,129
307,305,30
10,138
79,178
141,33
168,88,173
147,61,83
235,212
54,8
99,232
261,40,36
262,81
80,172,220
34,236,165
13,129
138,219
94,52,218
64,104,2
74,45
226,298,236
134,23,234
91,46
69,224
148,315
16,256,262
67,124
291,250
115,118,232
148,280,145,266
227,298
250,136,235,208
194,49
259,103,148
135,173
6,300,316
65,189,156
199,200
204,113,198
71,244
95,234
154,172
28,228
193,113,245
267,0,167
189,68,28,52
65,42
82,224
278,49
150,247
11,112,223
221,125
191,254
81,83
88,274
104,27
171,193
98,49
165,42,178
203,64
197,71
193,100
219,27,109
205,227,232
108,146
234,23
36,204
159,223
137,191,54
2,51
65,203
269,122
227,228,189
212,228,50,291
246,296,191
208,89,228
134,28
68,238
93,110
1,23
179,49
148,278
113,36
229,231,188
67,36
100,48
141,87
125,20,159
278,272
152,304,23
73,149
205,292
199,27
301,49,50,8
34,125
280,210
57,123
74,127,67
126,162
20,261
113,127,184
248,148,36
76,321
173,179
10,142
14,152
64,124,271
226,227
26,132,300
152,23
291,163
203,180
259,242
109,80
96,301
181,33
39,247,235,250
199,79
15,110
275,126
201,261
295,65,73
6,149,188
6,90,26
39,0
2,191,1
18,194,256
165,199
83,71,154
92,40
80,182,81
264,28
90,154,80,199,229
133,28
80,6,117
42,280,88
238,54
64,248,57
224,32
88,34
213,256
161,217
189,11
228,289
53,116
140,274
106,32,107
113,64
169,277,212
183,90
57,85
166,133,31
36,189,190
46,263
246,7
298,186
83,199
137,102
64,240
217,106
73,77
157,254,17
15,4
63,155,188
107,55
289,249
92,162
250,29
298,202
165,19
27,24,245
104,230
290,316
62,126,35,42
187,239
262,80
61,83
72,301,183
238,239
105,174
89,190
41,135,15
182,13,90
11,71,183
116,117,300
55,78
157,54,143
138,320
27,219,222
265,8
139,5
267,226
8,157
312,274,295
8,11
274,76
216,142
224,276
240,119
180,138
104,310
148,49,278
200,27
304,110
36,288
50,273
67,20
136,225,189
26,316,56
75,20
94,293
201,178
60,222
194,105
155,125
280,264
19,185
207,163
224,176
170,63,244
205,247
264,254
291,190
45,126
67,126
103,142
188,261
46,134
141,20
96,248
70,75,180
17,36
11,94
132,297,114
43,282
106,231
190,15
61,292
117,52
110,12
286,220
188,81
122,98
82,146,245
117,134,52,38
217,106
250,234
201,219
67,222
43,64
24,45
18,183
238,54
60,276,81
115,86
208,81,31,53
283,2
96,39
148,49
194,124
120,232
30,39
165,44
192,15
315,280
113,162
243,15
187,100
165,65,35
100,221
67,76
175,77,73
3,7
119,167
141,16,76
189,195,168,227
86,191
130,220
20,19
26,61
11,10,253
80,62
258,4
187,15
301,27
115,304
37,269
131,196,267
82,130
128,113
213,158
165,124,34
206,219
23,29
232,303,93
14,15
124,45
118,275,28
224,61
15,99
41,205,292,240
223,145
23,225,247
85,136
149,292
125,262
48,234,22,190
2,12
75,222,76
265,190
111,175
111,115
30,164
228,91,94
39,92,28
4,112
300,161
190,179
128,45
298,35,106
162,20
272,231
52,189
267,158,292
222,20,85
17,162,65
95,196,169
130,123
27,297
70,55,5
81,66
210,11
220,94
64,219
56,113,188
2,159,133,269
280,238
28,39,305
56,6
30,136,90,132
122,9
224,175
146,203
7,98
198,321
252,28
126,16
189,36
274,198
135,301
78,80
126,158
255,105
161,71
109,27
189,301
158,20
143,133
143,157
92,55,81
140,66
10,157
190,163
124,129,88
212,22,228
68,225
24,128,65
281,221
208,207
224,72
250,21,169
76,18
27,218,202
157,3
52,248
45,36
239,263
18,183,109
114,152
81,224,55
14,301,163
149,75
80,105
60,136,148
148,164
28,166
251,240
147,61
315,191
17,204,294
12,210
27,32,178
158,18
250,96
172,177
296,232
32,146
75,125
33,198
92,147
200,250,246
100,280
205,46,11
103,210
316,106
45,128
274,127
113,45
118,278,266
15,68
249,118,135
14,143
208,189
133,68
192,68
117,39
167,240
101,110,122
122,121,18
172,60,132
143,9,7
100,266
95,183
20,322
225,24
153,199,109
80,32
205,135
21,103,52
190,23
76,44,126
110,39,53,85
286,183
275,303
157,315
254,14,157
189,97
129,271
126,294,140
135,301
169,100
269,280,97
129,73
16,70,19
0,232
166,307
88,321
65,218
93,232
215,110
60,42
27,232
96,325,118,30
229,26
248,41
182,286,224
100,15
127,164
119,64
67,183
174,155,279
261,297
280,223
254,246
223,238
250,253,287
11,31,46
256,274,26
263,115
225,242
44,256,19
79,106
98,216
42,175,5
109,41
143,210,11
39,259
20,198,62
261,26
196,85,190
67,92,42
106,261,73
32,146
296,174
157,89
300,32,188
39,28
239,131,192,157
23,228,257
256,183,222
58,232
3,118,112
10,15
132,211,220
134,167,41
198,299
129,43
255,132
189,35
249,62
44,194
227,8,167
219,6,90
172,26
253,280,11
236,32
215,191,68
36,127,262
148,298
6,104
194,128
316,237,147,202
183,81
256,74
220,105,60
169,148
59,274
9,54
91,129,149
109,315,73
114,46,3
259,24,213
100,6,130
259,41
87,178
110,15
112,210,11
135,47
0,95,292,225
210,256,145
40,16
36,127
158,320,19
45,175
11,120
27,202
247,55
81,170
98,93
101,123
39,0
110,242
20,33
18,188
72,6
94,137
290,132
85,94,12,54
276,231
21,243,212
122,15
264,68
276,321
81,214
243,23
43,34
239,11
0,278,227
44,56
153,201
164,96,259
62,68,3
11,192
88,112,287
261,253
206,279
150,7
5,214
173,272
36,40,45
158,144,106
201,218
0,85
4,14
115,250
14,145,10
38,224
28,67,12
137,14
14,111
250,148,208
89,39
41,247,173
40,175,299
245,202,64,152
133,85
60,59
26,175
312,175,274,75
213,127
256,77
161,218
7,264,68
143,10
124,76
92,224
227,283,34
220,13
128,180
251,176
134,164,277
1,303,97
80,298
279,170
28,166
15,30
247,248
24,213
219,276
212,85
280,68,133
194,45
98,232
188,80
110,83,202
33,302,92
10,269,264
148,118,278
178,170,255
87,17
155,201
65,77
130,200
150,15
171,46,242
280,235
207,38
7,45,78
48,35,27,28,269
185,129,36
89,208,260
42,13
218,298
135,133,46
9,315,143
238,264
265,167
96,118,249
54,282
279,129,18
21,85
111,91
95,169,49
74,16
248,260,205
189,49
163,208,234
52,239
114,100,216
171,251,226
238,54
149,312
228,22
130,161
232,18
94,46
304,123
89,173
98,171
72,231
25,60
169,49
114,106
129,84
227,226
228,20,289
208,226,227
282,271,34,125
167,205
316,300
243,277
15,119
39,259
46,193,304
205,135
130,119
178,88,146
49,247,163
194,165
65,194,125
218,79,270
181,176
85,250
54,145
125,74
292,167
275,24,104
188,136
95,238,56
200,162,183
182,125,205
21,117
84,204
126,17
256,33
10,15
19,203,53
69,104
52,170
88,171,159
194,165,282
80,202
30,239,205
42,200
280,211
50,49
222,161
64,194,13,180
79,109,202
182,60
118,163
267,21
69,26
93,136
54,11,9
32,211
205,134
263,205
176,55
239,303,210
81,41
186,80
193,134
145,49
156,223
21,201
117,169
191,223
240,225
172,244
213,33
43,18,311
39,30
85,228,212
299,18
9,46
142,40
163,301
44,281
210,179,169
36,82
142,253
247,154
14,31
118,39
220,79,71
40,81
52,2,97
85,169,248
298,106
202,183
287,188
141,169,228,208
92,87
54,239
100,265,242
11,7
7,296,287,200
187,99
64,106,203
94,133,83
250,208
232,114
138,140
230,69,219,297
40,126,20
291,265
80,105
28,307
44,211
239,169,28
18,113,17
272,87
125,44,155
3,102
158,198
295,16
119,132,186
49,266
52,118
170,201,165
117,52
201,88,212
45,33,19
2,122,103
279,245,55,82
265,134
92,67
7,2
69,28
245,114
261,204
5,183,148
255,61
57,232,101
136,278,226
168,267,251
190,85
319,27
100,117
137,68,1
248,53
228,169
56,184
232,298
187,103,263
266,132,265
88,111,296
199,219
45,35
162,282
79,201
238,254
255,60
49,179
26,206,108
179,208,226,254
32,281,56,176
198,141,24,127
235,247
190,7
207,46,240
82,188
280,51
105,322
301,227
124,18
123,187
55,186
201,174
144,194,37
34,74
302,40
240,0
263,156
14,67
148,301,248
181,175
137,86,15
3,178
86,112
110,258,86
24,205,294
252,0
88,5
140,128
169,3
140,87
74,20
163,166
94,150,238
145,280
299,316,181
232,115
17,40,45
291,54
178,27
296,14,101
233,217
206,229
128,63
308,109,178
86,142
292,243,118,121
65,237,64
103,157
175,63,140
129,42
187,264
223,300,244
49,226
219,206
72,60
18,92,34
322,248
250,208
77,65
83,211,26
216,46
17,44,127
316,71,72
163,39
79,81
250,252,314
178,184
88,64
92,80,172
298,106,146
243,169
228,169
38,265
96,163
122,232
191,284,119
99,101,31
177,125
87,124
158,49
239,168
131,322
141,20,261
3,205
147,6,272
300,72,229
30,277
89,258,309
6,197
201,72
33,294
189,148,169
211,26
141,16
44,292,104
187,86
240,29
113,87,236
256,214
70,180
42,37
70,203,214
107,209
213,62
10,223,68
165,88
3,216
211,78
141,256
40,230
244,247
184,219
172,81,55
291,248
33,16,125
292,169
76,35
153,276
70,24,19
264,238
261,24,33
60,109
189,250
45,271
244,284,172
265,38
131,205,251
69,193
70,40
39,268
239,283
100,114
14,232,100
74,141
57,101,100
104,108
262,170
169,208,95
117,292,248
44,169
79,154
238,158
15,150
67,175,45
35,18
136,189
232,15
278,49
171,187
177,126
235,266,268
284,130
8,157,54
291,121,21
274,286
26,7
262,82,220
20,76
257,54
119,273
38,248
250,118
15,10,283
199,34
265,38
79,108
125,261
48,23
238,1
221,255,194
100,85
23,291,48
292,6,265
248,247
10,239,143
54,143
12,251
239,4
67,92
259,39
222,27,45,128
159,246
297,72,178,184
180,194
232,291
230,126
30,231
265,322
15,92
205,154
82,280
199,202
122,135,226
23,243
171,239
219,286
148,196,208
194,36
157,239,241
264,57
88,239
238,87
232,38
118,228,51
40,16
26,158
129,185
216,135,223
55,319
146,210
141,203
134,195
141,62
72,154
65,13
212,39,85,257
256,182
141,20,66
121,250,190
162,144
274,5
161,174,272
67,98
24,170,130
273,206
3,119
112,192
242,114,278
177,71
199,80
95,135
93,247,297
90,181
115,242
213,40
54,119
75,65,43
123,103
267,117
265,171
45,126
11,3
6,178,197
49,95
80,106
277,189
51,11
242,68
298,161
60,27
235,264
226,81,64
122,305,156
122,171,273
15,118
48,21
163,207
49,205
56,124
279,81
323,86
43,244
199,121
199,272
219,231
184,61,272
28,268,191
124,84
137,100
43,73
264,3,93
189,173
133,9,115
246,254,159
8,191,157
189,289
146,306
118,12
63,263
146,153
231,27
82,232
111,232
235,23
62,213
213,163
125,64
41,183
10,101
95,169
126,311
297,161
224,60
147,230
15,105
61,56
77,176
70,158
129,149,43
256,198
87,94,67
261,126
176,72
190,235
214,203
188,147
242,171,94,120
284,80,55
164,208
176,204,33
210,188
158,77,65
74,127
104,244,170
307,157
113,119,247
199,27
298,174
174,60,82
139,18
280,120
289,49
219,218
64,125
167,292,173
35,169
254,94,9
106,245
196,266
199,231
24,45
228,101
72,177
250,49
26,147
212,235
212,190
115,97,39
316,57,216
232,94
250,235
190,93
219,63
249,248
6,147,287
244,55,200
229,301
103,86,323
108,297
154,109,56
250,50
140,288
106,127
237,24
105,172
301,84
220,224
19,12
40,129,125
76,180
219,72
39,96
66,87
178,255,147
46,216
187,129
122,280
174,262
76,312
3,106
213,73
214,45
234,164
245,175
135,305
246,269
15,215
76,44
194,321,64
186,16
67,177
57,285
169,260,277
193,123
225,49
165,88,34
165,124
83,206
106,302,129
244,130,63
100,86,296
202,34,146
294,261
265,10,21
135,117
159,280,68
284,133
20,204
172,39,132
279,244
21,277
161,286
39,134
239,280
23,190
39,249,207
81,244,77
186,245
148,95,195
21,1,111
70,112
208,134,216
137,14
259,169
217,284
171,273,103
147,197,6,61
14,0
232,85,23
225,2,118
115,2
238,51
159,145
60,32,220
26,79,66
207,49,208
53,134,38
138,46,133,82,136
171,27
131,22,265
170,209
100,143
155,104,217
265,220,24
201,77,81
15,112
19,20
243,41
36,19
254,39,123
247,52,173
202,219
254,293
246,137,232
261,36
15,232
14,115
190,292
177,106
84,40,256
205,249
179,289
278,208,190
188,126
222,26
238,5
17,213,141
86,4
186,82
283,132,299
230,146,113
227,305
255,188
67,78
55,78
126,310,74
148,226
157,114
163,117
87,60
68,112
25,245,298
274,244
98,113,317
80,55
111,15
186,125,194
135,134
31,192,232,157
111,137
13,124
49,131,190
178,177
211,155
262,204
203,5
33,20
40,36
15,67
128,19
81,109,199
121,89
194,44
41,239
3,210,159
22,15
93,112
146,44
244,75
262,186
273,283,14
175,66
33,196
24,18
276,72
200,6
205,248
72,61
64,124
232,94
208,289
221,256,184
123,99
211,132
190,266
269,280
103,12
70,92
281,91
187,110
32,132
100,227
142,277,112
183,75
65,213
101,2
190,163
11,157
196,190
117,94
93,49
303,68
178,202,33
259,83
52,265
276,300
54,283
71,316
244,91,56
322,135,89
59,46
245,217
207,89
188,244
111,86,110
130,107
239,187
62,175
117,189
21,121
133,54,247,158
295,163
132,107
259,208
28,251
189,200,110
135,189
59,73
89,296
234,247
62,123,39
225,4
158,297,153
133,207,292
249,135
67,95
198,214
46,36,228
129,295,274,175
2,64
202,79
45,36
61,222
97,3
33,74
147,72
106,171
189,49
144,271
256,45
167,52,216
23,286,148
248,135
102,90
287,219
157,86
38,249,265
55,188
122,119,86
159,169
225,226
64,125
271,44
264,11,238
187,15
20,242
259,266
27,90
14,150,163
88,64
64,40,25,219
118,243,248
70,72
158,217
250,227,208,148
234,77
133,269
20,175
51,7
150,81
169,46
180,43,149
153,26
252,240
262,154
48,169,49
61,219,297
204,274,250
135,247
147,231
191,269
77,43
85,259
214,165
42,77
35,299,261
78,35
190,309
222,69
54,317,45
75,125,76
221,75
203,42
55,63
291,27
173,225,157
138,34
145,199
180,77
49,113,142
11,7
129,13,130
242,165,222
42,180,303
52,112
180,15
33,87,122
259,203
183,56,199
199,27
201,104,109
200,132
211,186,191
179,113
49,118,248,148
282,294,169
115,304
53,38,265
53,117,240
259,156
67,246
269,254
298,224
33,20
6,154
115,196
140,311,44
32,155,132
238,205
106,193
244,78
265,39
311,20,256
42,204,306
82,146
85,190
77,144
233,208
244,202
187,194
65,91,274
50,8
70,200
165,105
247,38
118,129,49,169
19,162
220,146,174
124,66
82,130,75
309,195,254
28,96
49,127
290,178
94,292
27,122,209
56,146,244
108,143
292,235,262
267,0
175,91,18
150,136,145,74
258,120,151,187
49,9,152
91,181
174,129
124,291
111,171
249,265
254,29
136,227
147,27,161
242,115,187
38,212,226
313,65,147
183,222
80,188
52,96
192,8
122,3
210,126
195,278
36,42
82,279,262
25,146
278,247
68,228,119
129,124,59,42
78,217,181
321,240
173,167
273,263
223,11
63,107
236,72
310,75
68,283
190,224
38,247
273,115
50,251
322,11
11,148,196
246,115
192,254,157
111,157
173,134,248,38
89,250
213,64
274,203
70,183
316,263,16
190,291
4,226
73,256
49,172,74
126,45
262,146
233,15
312,158,175
205,164,52
126,92
67,33
231,235,28
278,49,250
82,244
199,72,60
82,32,106
238,31
189,212,146
103,171
111,243
13,246
152,94
128,1
309,205
183,36
52,205,247
9,112
136,226,208
4,194
27,20
32,211,119,176
110,232,223
197,151
130,219
115,10,143
60,188
148,166
69,72,109
109,76
3,239
263,110
43,129,180
100,57
52,205
73,18,17,24
72,61
223,100
26,149,20
189,196
52,173
211,244
245,82,147
146,32
27,235
129,97
114,49
40,200
77,64,320
187,49
191,269
174,128
125,67,70
258,88
74,213
67,126
232,315
223,150,159
319,125
257,49
24,324
279,81
29,179,205
136,277
217,161
73,178
38,39,258
142,273
160,12
292,295
69,126
38,0
49,268,250
245,287,83
76,13,124,64
108,219
262,290
219,165,142
124,92
129,13
61,15
46,193
300,244
155,75
28,112
127,13
171,179
112,143
183,283
176,244
165,132,18
164,122
164,167
71,133
95,179
20,70,126
255,200
54,316
1,115
36,3,67
232,228
34,77
269,246
61,132
52,23
239,243,183
239,85
139,213
187,95
181,107,170
121,134
38,169
12,169
162,20
70,76,5
272,308
275,189,63
315,11
133,12,238,246
43,138
103,250,10
79,201,199
72,182,199
111,187
264,12
67,65,61
50,291,85
5,271,34
90,206
207,301,167
42,35,203
263,249
249,53,110
9,112
230,79,27
190,94,90
263,101
107,17
147,199,72
43,198
269,67,9
284,32,144
27,106,222
170,81
184,26
315,54
147,217
309,136
19,158
135,305
239,227
30,163
272,172
283,315,254,11
179,169
72,87
69,144
90,42,138
38,41
143,273,69
80,88
64,128,33
108,27
93,150,110
19,18,40,24
71,78
181,174
177,32,27
277,234
71,206
145,66
83,176
141,128,36
163,167,292
127,20,88
138,194,18
117,167
182,267,155
10,123
253,120
20,147,63
187,123
105,202
75,274
39,301
27,79
27,184,229
2,1
50,142
49,137,258
247,41
129,32
106,88
27,201
158,320
7,11
303,30
50,49
202,219
236,42
284,231
87,287
22,49
27,56
256,18
224,81
115,254,57,171
50,111
228,119
292,189
204,237
169,27
72,109
3,159,238
189,265
148,135
117,168
3,103
35,24,139
13,61
158,290,109
149,146
47,227
124,165
78,276
254,122
154,36
124,88
278,243
262,245
179,208
111,100,14
131,134,94
155,42
225,195
72,197
99,15
297,178
248,52
247,167
248,173
292,89
255,7
5,16
55,197,230
259,70
106,30
119,2
150,15
10,68,264
39,314
124,74,40
306,165
112,15
62,140
188,287,298
248,187
264,117
68,280
221,127,319
126,175,125,180
54,103
52,242
20,24
317,228
200,6
154,183
6,279
240,169
12,107,165
49,227,136
40,261,299
145,51
70,159
186,133,28
50,49,208
204,92
57,223
64,32
16,40
133,210
78,98
49,15,97
3,315
314,307,163
68,199
27,188
158,294
148,227
228,23
251,317
228,190
55,127
38,134
110,247
199,139
269,280
105,63
40,74,92,87
43,132
140,153,92,146
225,169,0
189,196,226
95,49
49,13
82,249
25,197,115
12,254
277,250
117,133,112
123,146
264,168
52,89
33,87
54,7
124,141,5
52,118,163
254,269
36,107
25,32
217,71
298,227
257,212,85
115,159
44,274
265,292
7,223
173,205
157,265
68,246
18,62,180
4,57,15
3,192,112
169,250,95
321,217
173,205,117,89
254,27
199,140
12,28
150,114
147,153
169,309
208,250,21
77,261
76,61,221
174,32,130
205,63
129,105
238,274
83,172,78
254,95
85,190
118,227
121,212
6,276
121,116
61,74
230,71
142,137
75,124
44,34
153,201
104,202
41,156
11,192
227,317,148
161,184
213,124
102,253
283,260
96,275,22
44,262,35
232,273
57,205,123
66,153
48,228
51,97
109,155
6,175
230,25,172
41,205
129,66
96,240
311,16
219,246
286,155
281,237
49,166
119,51
115,242,296
28,30
248,39
72,218
227,264
115,228,295
85,228,196
16,24,204
322,240
82,80,188
202,295
213,256
219,200,270
53,187,293
210,278,135
80,188
162,194,281
91,101,236
215,132
14,103,258
180,82
194,205
234,150
130,298
138,175
182,60
161,220,147
39,29
13,271
100,110
194,220
143,212,232
63,218
247,205
149,76
45,225
141,284,274
142,3
119,192
295,279,146
123,119
76,44,172,62
265,181
143,46
175,162
4,258,100
92,56
94,14,122
174,132,26
150,65
43,94
235,148
133,280
296,7,157
8,157
182,224,61
153,32
142,296,216
94,115
61,183,175
259,278,2
51,14
5,45
150,23
174,218
55,25,155
148,250
230,105,290
264,157
250,167
44,60,290,82
9,169,27,305
15,225,283,39
158,261,19,40
85,291
6,60,80
45,19
86,23
119,193
211,82
155,28,125
276,107
142,116
256,244
227,95
279,6
19,36
27,249
150,273,28
296,235,244
194,75
173,167,248
65,204
301,28
39,162
294,237,33
133,157
30,5
61,130,67
25,155
61,316
247,51,27
55,105,245
208,11
294,5,17
26,147
17,36
39,122
146,81,78
170,42
203,26
132,81
320,220,60
8,145
190,235
283,157
198,64,40
2,98
235,164
73,34
276,262
237,141
68,205,211
255,281,82
79,222
133,159
123,93
208,159
310,162
6,272
17,141
253,317
125,311
66,60,183
104,140
28,207
219,90
26,224
191,254
136,227
263,257
32,69
259,243,275
142,51
295,174
73,65
61,10,7
81,176
248,41
33,17
111,33
145,238,2
219,201
34,311
104,75
210,92
234,52
244,80
206,56
124,44
150,110,258
155,25,262
16,311
272,248
93,263,171
10,223
88,174
162,205
251,240
66,282,77
107,82
246,71
18,291,57
3,112
15,99
20,18
224,32
129,18
112,133
69,308
315,301
231,202
60,78,63
56,80
59,189
45,235
279,155
125,44
45,40,17
128,81,281
124,283,305
41,163
69,82
264,283
71,147
173,52,240
83,300,132
76,274
14,273
202,132
192,304
23,228
247,289
251,289
249,292,248
247,283
170,166
148,169,21
321,3,158
263,0
81,244,262
63,245
32,222,230
55,137
219,184
308,44
268,23
280,115
43,180
96,146,155
158,75
123,259
20,125,72
320,165
200,186
105,270,18
170,206
188,220
90,104
184,178
19,128,198
193,15,100
49,2
88,247,15
206,238
140,45
16,246,74
178,238
78,184
48,228
100,57
242,93,46
126,84
36,126
261,87,64
139,256
242,124
220,132
40,45
269,68,133
112,143
244,224
175,42
243,18
81,104,178
89,249
254,68,2
126,113
60,107
110,21
122,112
322,275
239,247
55,235,283
227,49
17,287
176,129,226
293,10
52,265,240
112,223,269
127,124
248,39
301,42
36,16
83,255
94,11
54,2
143,239
106,319
178,61
23,163,317
129,88,77
61,35
35,19
301,275
36,158
223,239
46,38,1
44,282
247,205
148,226
192,12
182,219
254,192
230,74,43
77,321
281,67
164,235,169
56,72
17,237
295,80
159,163,79
183,104,197
158,45,185
190,49
185,115
92,187,269
72,26,6
64,274,19
82,279
31,15
71,147
161,62
41,247,259
29,189
4,31,187
119,298,106
49,95
119,261,231
265,253,155,239
15,184,271
64,203
226,169
18,310
179,227,93,81
250,219,208
98,171,94
7,3
106,199
263,145,232
35,75
44,84
234,3
119,112
100,188
254,205,111
123,199
15,187
253,283
112,133
271,80
60,220
0,133,9
28,30,118
127,163
144,112,44
41,249
80,182
213,16,162
5,16,83
16,183
209,27
205,251
204,213
149,204,24
28,244
148,212
119,113
190,85
145,68
39,167,172
238,18
164,292,28
33,236
320,65,59
199,217,6
112,128
189,110
258,86,239
148,49,29
114,220
15,228
0,189
96,275,179
30,277
129,42,194
316,132
141,20,311,70
18,88,105
164,39
225,289
52,173
44,203
28,210
40,77
213,36,88
165,132
70,45
107,106,82
96,259
10,159
132,124
210,133,242
131,187
265,10
14,15,323
80,181
171,119,115
179,259
105,81
204,59
44,285
6,72
169,252,250
32,262
33,294
15,101
35,27
204,62
64,44
218,79
69,82
310,236
268,157
117,170
68,104
15,301
186,220
18,62
159,157
122,263,119
147,61
55,81
176,290
187,15
40,76
189,142
190,31
38,240
228,189
144,20
10,223,143,239
271,64
4,115
187,29
26,230
55,79
199,49
240,167
237,126
60,55
193,21
61,255,56
266,95
148,53
43,183
210,188
316,106
262,146
245,60
61,255
4,114
271,59
309,45
226,255
182,60,219
193,273
48,38
250,131
27,132
92,198,24
180,124
136,57,226
118,212
303,11
146,220
35,123,291
53,247,134,265
103,137
38,277,167
185,24
149,65,35
198,146
212,269
210,7
205,134,30
9,131
244,20,75
283,82
40,128,256
43,132
17,59,20
7,171,97,100
274,144
109,202
307,10
145,269
205,0
137,171
311,67
106,238
95,131,266
97,114
33,35
140,45
270,287,153
165,112
157,254,9
193,7
18,113
244,55
122,254
118,301
245,80
297,174
199,202,219
219,231
27,25
254,68
80,55
250,208
183,197
283,38,54
30,112,94,123
199,219,230
165,64
231,27
188,199
80,233
54,189
62,235
197,71,161
77,295
235,49
124,126
169,49,250
54,7
250,47,135
140,198
283,1
27,228
61,286
186,132
205,248,240
161,116
250,249
31,133
280,51
104,206
42,220
207,163
234,232,21
265,44
128,40
225,148
87,141,62
174,220
205,52
273,192
33,35,17
163,52
320,88
23,68,228
149,129,13
213,70,92,294
5,44
34,165
251,305,39
166,117
202,81,245
112,280
243,265
134,248
125,175,43
212,289
2,137
123,187
120,150,101
269,2
178,26
248,235
115,171,100
190,189
323,273,119,120
189,268
172,244,279
218,272
194,133
208,116,95
52,289
5,165,64
190,49
228,23
79,231,72
106,107
155,220
256,124
80,199,245
21,3
10,94
96,307
146,105
157,3
54,227
272,219
269,232
118,164
14,101
52,308
140,33
174,32
23,208
30,96,118
178,25,200,18
162,238,44
201,5
93,114,115
256,141
40,92
121,52,196
149,144
267,277
78,150
154,32
196,84,89
252,78
219,271
206,83,178
133,157
279,217,81
126,138,92
69,184,56
84,36
48,95
213,36
105,130
205,28
73,64
135,118,265,275
