187 188 190 191
40 766 767
178 718 903 905
52 302 303
214 276 277
177 178 181 653 654 701
4 40 41 42 43 52 73 74 77 78 79 131 468 524
177 178 181 720 902
52 680
103 104 155 156
45 58 85 448 449
178 179 181 720 727
377 378 379
131 132 585 586
228 229 280
103 104 159 160 954 955
114 115 187 190
70 71 72
2 4 40 410
24 25 40 580
177 178 179 181 274 275 276 277 278 398 488 489 490 700 701 702 703 725 770
177 178 179 181 874 1002
228 324 377
790 794
1115 1116
4 40 50 51 52 215 216 217
177 178 179 181 382 384 385 386 700 701 702 703 725 732 733 741 770 873 874
78 319 320 322
26 27 249 250
176 177 178 179 180 181 327 328 621 622 624 714 732 733
44 45 363 570
50 410 467 571
178 181 653 654 701 702
99 101 388 409
314 315 316 317 637
4 87
23 100
177 178 179 180 181 327 328 621 622 623 624 701 702 703 714 725 732 733 739
99 100 101 122 123 124
178 718 903 1062
103 104 166 937 1139
321 410 633
218 219 226 227 234 304 305
300 314 461 463
2 3 4 822
44 45 756 757
177 178 181 700 702 703 740
50 77 132 522
178 179 181 727 902
346 1131 1132
846 847
177 178 181 732 733 942
178 722 894 895 897
177 178 181 701 702 746
177 178 720
300 301 471 486
177 178 181 700 702 703
2 3 822
34 35 68 69
314 315 316 317 636 637
177 178 179 181 551 552 700 703 725
177 181 720 727 902
4 217
44 45 279 280 755 756 757
89 90 125 126
4 133 134
10 11 12 44 45 177 178 179 180 181 338 375 376 414 415 700 703 714 725
177 178 179 181 720 902
177 178 727 902
177 178 181 732 733 941 942
99 100 101 308 318 482 483
177 178 653 654 701 702
78 319 320 322 323
324 377 379
177 178 179 181 703
196 474 488 631 632
137 138 139 603 604
528 529 683 684
43 50 508 522
50 51 132 564
178 181 701 743
103 106
2 44 45 177 178 181 327 328 382 383 384 385 386 469 470 471 621 622 623 624 770
104 105 155 156
262 263 264 265
177 178 179 181 703 724
40 52 302 303
322 379 674
2 294 588
50 77 132 508
50 216
135 136 574 575
55 56
177 178 179 874 1002
660 661
178 718 903 904
509 510
149 284 388
978 979
43 245 246
177 178 179 181 715 716 722 723 730 731 734 735 736 943
4 40 41 43 52 73 74 77 79 131 467 468 522 524 539
132 300 388 409 463 596
177 178 720 727
275 276 277 278
177 179 181 720 902
275 709 710
56 631
178 718 904 905
177 178 181 700 701 703 740
177 178 181 720 727 902
281 282 319
322 379 475 674
722 896 1054
970 971
177 181 700 701 702 703
44 58 449
228 377 379
560 853
40 119 766 767
52 177 181
10 11 12 218 219 220 221
23 99 100 101 308 310 311 312 313 314 315 316 317 318
131 387 388 467 468 522 523 524 525
314 315 316 317 636
177 178 181 701 743
178 722 895 897
542 543 544
43 50 132 522
181 701 702 743
52 73 74 777
177 179 181
56 198 631 919
516 517
105 156
284 387
23 24 25 40 52
181 941
177 178 181 274 275 276 277 278 341 342 377 378 379 380 381 398 488 489 490 795 796 835 836
177 178 179 181 275 276 277 278 338 399 400 530 531 532 700 701 702 703 741
196 474 488 631 632 771
177 178 181 732 733 941
177 178 179 902
436 656 657
178 179 181 732 733 941 942
177 179 181 732 941 942
10 11 12
178 179 720 727
474 488 631 632 771
44 292 293 363
41 43 75 199 200 201 202 203 204 205 206 207 208
177 178 181 728 729
308 318 453 454
99 101 287 483
4 409 446
1101 1102 1103 1104
24 25 52
722 895 913 914 915 916 917 918
131 132 434 468 522 524
40 52 77 110 111 371 372
152 153 154 1015 1016
177 178 181 701 702
228 324 377 379
324 377 378 379
576 577 816 817
23 24 25 52
40 52 77 437 438
324 377 378
300 461
178 181 732 733 941 942
20 762 763
135 136 137 138 139 446
40 51 52 215 216 217
103 104 105 163 164
44 45 407 408
177 179 181 728 729
648 649
474 771
177 178 179 181 873 874
4 52 78 371 409 446 447
177 178 181 701 702 740
44 45 293 362 363
99 100 101 312
44 292 362 363
177 178 179 181 715 721 722 723 730 731 734 735 736 943
177 178 181 733 941 942
178 179 181 1002
104 936
243 244 275 276 277 278 362 363 398 488 489 490
103 104 105 155 156
178 894
39 40 42 43 58
213 214 275 276 277 278 409
100 101 287 482 483
103 104 157 158 159 160
50 51 52 78 132 410 564
177 178 181 720 729
2 52 178 181
39 40 41 42 43 58 1080 1081 1082
2 177 178 181 275 276 277 278 327 328 382 383 384 385 386 469 470 471 621 622 623 624 770
2 4 40 52 410 564
176 177 178 179 180 181 714 716 734 735 736 737 738 943
177 178 181 275 276 277 278 377 378 379 398 488 489 490 700 701 702 703 770
177 178 179 181 275 276 277 278 338 399 400 531 532 700 701 702 703 725 741
228 377 378
177 178 179
178 181 720
99 101 312 409
536 537 538
44 45 363 569 570
68 69 576 577 833 834
451 452 453 454
177 178 179 720 902
789 790 792 794
116 117 118 119
102 103 104 107
275 276 277 278 429 709 710
275 276 278 382 383 384 385 386 547
196 488 631 632
178 722 895 896
177 178 181 732 941 942
214 276 277 409
45 113 288
308 318 482 615
329 330 362 363
455 614 615
137 278 711
104 911 912
685 687 697
144 145 146 147
196 275 276 277 278 379 474 475 476 488 631 632 1000 1001
177 178 179 181 251 252 551 700 725
4 40 50 51 52 78 323 410
444 445 775 776
292 293 308 318 482 483
103 104 105 934 935
177 178 181 874 1002
177 179 181 720 728 729
44 292 293 362
2 327 328 469 470 471 821 822 823 824
23 24 40 580
4 14 16 18
40 52 77 78 131 410 467 468 523 524 990 991
177 178 179 181 382 383 384 385 386 700 701 702 703 725 732 733 741 873 874
82 545 546
177 178 179 181 275 276 277 278 338 399 400 530 531 532 700 701 703 725 741
52 73 74 132 777
50 51 78 564
228 324 377 378
322 410 633
177 178 179 181 720 729
132 409 525 996
213 312
177 181 732 733 941 942
44 45 288 289
4 409 410 467 468
137 138 139 565 566
176 177 178 179 180 181 327 328 622 623 624 714 732 733
327 328 621 622 623 624
177 178 181 701 702 703
177 178 179 733 941 942
1133 1134 1135
177 701 702 743
178 722 894 895
36 177 178 179 181 382 383 384 385 386 873 874 925
178 720 727
378 379
322 475
292 293 327 328 821 822 823 824
88 308
177 178 179 181 733 942
295 322 338
532 658 659
103 104 105 901 1144
177 178 179 181 275 276 277 278 382 383 384 385 386 398 399 400 488 489 490 705 706 707 708
177 178 179 181 716 722 723 735 943 1100
530 531 532 809
177 179 181 733 941 942
44 58 85 448 449
166 901
166 1139
50 77 526
148 149 191 294 327 328
275 276 277 278 709 710
275 276 277 278 409
19 20 218 219 220 221
379 1140 1141
320 321
177 178 179 181 251 252 552 700 725
44 292 293 362 363
177 178 179 181 728 729
177 179 181 720 729
178 722 894 895 896 897
66 67 68 69
196 509 510 511
177 178 179 181 275 277 278 338 399 400 530 531 532 700 701 702 703 725 741
40 52 407 408 580
118 236 533 535 591 592 593 594 595
177 178 179 181 715 716 721 722 723 730 731 734 736 943
90 125 126
2 4 40 77 410
343 655
82 83 545 546
178 718 905
177 178 179 181
177 178 181 251 252 551 700 703 725
152 153 154 557 558
137 177 178 179 181 278 873 874
257 818 819 845
178 179 181 720 727 902
44 45 485 587
213 214 275 276 278 409
177 178 702 743
177 178 179 181 382 383 384 386 700 701 702 703 725 732 733 741 770 873 874
44 45 113 288
177 178 179 181 382 383 384 385 386 700 701 702 703 725 733 741 770 873 874
43 50 77 132 522
58 85 448 449 450
177 178 179 720
362 363 520 521
177 178 179 181 434 623 624 700 701 702 703 725 770
177 178 179 181 715 716 721 722 723 730 731 734 735 736 943
23 99 100 101 213 214 312 313 409
89 125 126
177 178 181 251 551 552 700 703 725
23 25 40 52
411 412 413
177 743
40 43 680 1128
177 178 179 181 902
685 686 687 688 689
177 178 179 181 732 941
116 117 118 119 766 767
188 189 190
179 181 720
177 181 727
196 474 488 632
179 181 720 727
276 277 278 409
177 178 179 181 720 728
77 1111 1112
99 100 101 308 309 327 328
322 379 475 476 674
4 78 1033 1034
275 276 277 382 383 384 385 386 548
308 309 327
135 136 137 138 139 371 446 447
275 277 278 382 383 384 385 386 548
379 475 476
25 52 680
213 214 613
177 178 179 181 700 703 725 825 826 827 828 829 830 831
332 333 377 378 379 380 381 675 676 677 678 679
68 832 833 834
275 276 277 278 382 383 385 386 547
177 178 179 181 733 941
178 179 181 874 1002
177 178 181 700 703 740
152 153 154
177 178 179 181 278 873
27 58
178 903 905
177 178 179 181 251 551 552 700 703
44 45 672 673
722 895 896 1054 1055
177 178 179 181 720 727 902
99 100 101 503 504
274 275 276 277 278 339 340 341 342 377 378 379 380 381 398 488 489 490 753 795 796
324 647 648 649
45 58 448 449 450
177 179 181 720
52 437 438
43 129 130 132
40 323 507
177 178 181 654 701 702 726
57 58 59 60 120 121 323 949
131 132 524 585 586
45 755 756 757
46 47 48 49
324 378 379
275 276 277 278 382 383 384 386 547
177 179 727 902
177 178 179 720 728 729
965 966
131 524 585 586
275 276 277 278 382 384 385 386 548
135 191 294
177 178 179 720 729
99 100 101 388 409
57 58
257 818 819 866 867
94 583 584
177 178 179 180 181 700 714 730 731 732 733 734 735 736
228 229 230 279 280
178 903 1062
99 100 101 312 388 409
178 179 181 720 902
636 637
467 639 764
351 352 353 354
50 522
23 24 40
78 284 321 322 323 410 633
136 137 138
103 104 105 184 185
44 45 113 288 289
177 178 179 181 874
275 276 277 278 383 384 385 386 548
40 110 111
177 178 181 274 275 276 277 278 339 340 341 342 377 378 379 380 381 398 488 489 490 795 796
177 178 179 181 251 252 551 703 725
182 183
177 720 727 902
177 178 179 181 273 274 304 434 700 701 702 703 725 770 839 840 841 842
271 272 274 304 753 839 840 841 842
196 631 632 992 993
52 73
972 973
177 178 181 746
43 50 132 508 522
253 254 255 256 257
299 301 471
488 631
225 306 307 799 1056 1057
52 129 130 131 132
196 474 488 631
177 178 181 1002
722 916 1159 1160
177 178 179 181 716 721 722 723 730 731 734 735 736 943
191 294 362 363
99 100 101 287 483
68 69 1068 1069
177 181 702 743
23 24 25 40 52 580 680
518 519
275 276 277 382 383 384 385 386 547
649 856 857
388 409
16 348 454
401 402 403 404
103 104 105 861 862 863 864 930 931
577 833
177 178 179 181 275 276 277 278 338 399 530 531 532 700 701 702 703 725 741
44 45 292 293 362 363
178 179 181
118 119 235 236 533 535 591 592 593 594 595
178 903 904 905
177 178 181 701 702 746 747
300 314 315 462 463
78 322 633
772 1123 1124 1125
196 474 488 631 771
89 90 126
189 190
44 58 448 449 450
322 475 674
4 410
179 720 727
44 45 283 284
178 903 904
10 11 12 220
45 58 448
177 178 179 181 251 552 700 703 725
40 149 284 387 388
52 77 437 438
177 178 179 181 304 382 383 384 385 386 700 701 702 703 725 732 733 739 770 839 840 841 842
314 315
178 179 720
178 179 181 251 252 551 700 703 725
177 178 181 251 252 552 700 703 725
52 110 111 371 446 447
733 942
52 77
45 363 569 570
176 177 178 179 180 181 327 621 622 623 624 714 732 733
1117 1118 1119
177 181 727 902
44 45 362 363 570
40 323 407 408
87 309
213 275 276 277 278 409
131 132 522
196 494 495
104 159 954 955
57 58 59 60 120 323
178 181 701 702 743
103 104 934 935
178 722 894 895 896
177 178 179 720 728
228 378 379
1046 1047 1048
177 178 720 902
456 457 479
1136 1137 1138
100 101 388 409
362 363 693
177 179 720 727
177 179 720
50 132 508 522
177 178 179 251 252 551 700 703 725
906 907 908
177 179 729
179 181 720 728 729
308 318 614 615
44 45 58 448 449 450
118 119 559 560
702 703
215 1063 1064 1065
41 42 43 50 51 131 132 468 523 524 578 579
292 325 329 330 331
177 178 181 727
177 178 181 274 275 276 277 278 377 378 379 380 381 398 488 489 490 770 835
176 177 178 179 180 181 327 328 621 622 623 624 714 732 733
642 643 644
235 236 533 535 591 592 593 594 595
322 379 475 476
1033 1034
177 178 179 181 720
308 309 456 813
177 178 179 181 941 942
177 178 181 701 702 703 740
45 125 618
87 88 99 100 101 312 387 388 492 493
177 178 179 181 729
676 1019 1020
99 312 370
718 903 905
43 508
178 181 702 743
148 191 294 328
373 374
103 104 184 185
177 178 181 653 654 701 702 726
257 818 819 820
99 100 101 308 309 318
45 292 293 363
177 178 179 181 304 434 551 552 700 701 702 703 725 770 839 840 841 842
25 40
293 308 318 483
100 101 287 483
178 181 274 275 276 277 278 377 378 379 380 381 398 488 489 490 770 835 836
16 347 348 349 350 453 454
275 276 277 278 382 383 384 385 386 547 548
40 43 129 130 441
379 1136 1137 1138
130 131
222 269 491
132 409 410 525 996 997
492 603 604
103 900
275 276 277 278 382 383 384 385 386 398 399 400 488 489 490 707 708 712 713
2 3 4 821 822 823 824
5 6 7 28 29
61 62 63
300 315 645
228 324 378 379
177 178 179 181 275 276 277 278 399 400 488 551 552 700 701 702 703 704 725 741 770 873 874
4 371 409 446 447
78 322 323 633
52 407 408 409 410
44 45 327 328 621 622 623 624 814 815
270 1022
177 178 720 727 902
322 379 476 674
177 181 701 702 743
177 178 179 181 327 328 621 622 623 624 700 701 702 703 714 725 732 733 739
496 987 988 989
177 178 179 181 715 716 721 722 723 730 734 735 736 943
3 823 824
177 178 179 720 727 902
103 104 166 940
492 604
298 299 300 301 471 486 487
247 248
52 178 181
177 178 179 181 700 701 702 703 732 733 741 742 749
275 277 278
50 51 564
132 410 525 996
178 179 181 732 733 942
177 178 181 702 743
196 197 198
24 25 40 52
1047 1048 1049 1094 1095
58 84 86
40 77 371 372
177 178 727
78 322 410 633
533 534 535
52 57 58 59 60 409 410 464 465 466 467 468
453 454 1105
44 362 363 569 570
177 181 720 727
125 126 377 378 379 380 381 675 676 677 678 679 835 836
178 179 181 720 729
327 621
179 732
104 105 184 185
841 842
4 40 41 42 43 57 58 59 60 77 79 120 121 131
104 1096 1097
4 802 803
44 45 58 448 449
40 564
228 324 379
100 287 482 483
275 276 277 278 382 383 384 385 386
177 178 181 701 746
116 117 533 535 591 592 593 594 595
177 178 732 733 941 942
275 278 409
177 178 179 181 715 716 721 722 730 731 734 735 736 943
44 45 125 618
178 179 181 727
4 40 77 323 920
177 178 181 314 315 316 317 551 552 700 701 702 703 704 726 741 744 745 747 748 770
177 178 181 727 902
850 851 852
178 179 181 728 729
213 214 276 278 409
176 177 178 179 180 181 714 716 717 718 719 720 727 730 731 732 733 734 735 736 943
118 119
439 440
43 129 441
40 52 1155 1156
213 613
177 179 181 251 252 551 700 703 725
26 649 1021
43 50 77 132 508 522
177 178 181 275 276 277 278 377 378 379 380 381 398 488 489 490 770 835 836
177 178 179 181 274 275 276 277 278 304 488 700 701 702 703 725 770 839 840 841 842
177 178 179 181 732 733 942
177 178 181 720 728
100 101 504
275 277 429 709
50 77 571
177 178 181 703
300 301 471
188 190 191
275 276 277 278 429 710
43 132 508 522
110 111
137 138 603 604
214 276 277 278 409
214 275 276 277 278 409
819 982 983 984
177 178 179 180 181 338 700 701 702 703 714 725
102 103 104 105 106 107
772 773 774 1123 1125
276 277 278 382 383 384 385 386 548
177 179 720 727 902
4 1085 1086
377 378 379 520 521
299 300 301 471
177 178 179 181 715 716 721 723 730 731 734 735 736 943
68 69 357 358
58 84 85 86
103 104 166 921
99 100 312 388 409
650 651 652
2 294
118 235 533 535 591 592 593 594 595
68 69 1037 1038
496 805 806
24 25 40 680
278 428 430 431
129 130 131 132
136 137 561 671 1070
99 312 388 409
177 720 902
178 179 181 732 733 941
23 24 25 40 52 680
2 4 821 824
177 178 181 701 702 743
214 276 278 409
379 1157 1158
137 177 178 179 181 873 874
44 45 279 280
44 45 231 281 282 319
196 474 631 632 771
371 409 446 447
178 181 720 727
177 178 181 653 654 702
308 318 483 614 615
40 540 541
218 219 226 227 304
103 104 166 939 940
308 456 813
178 179 181 720 728
149 284 387 388
772 773 774 1123 1124 1125 1126
110 111 137 138 139 371 446 447 561
23 24 25 40 580
178 718 1062
363 570
4 1033 1034
177 178 179 181 383 384 385 386 700 701 702 703 725 732 733 741 770 873 874
78 132 562 563 564
668 669 670
1047 1048 1049 1094
137 138 139 177 178 179 181 192 193 366 367 873 874
228 324 378
44 45 292 293 363
177 178 179 181 715 716 721 722 723 730 731 735 736 943
131 585 586
302 303
40 77 108 109
103 104 166 1096 1097
275 277 278 409
177 178 181 274 275 276 277 278 341 342 377 378 379 398 488 489 490 700 701 702 703 795 796
379 475 674
177 179 181 727 902
177 179 181 720 727 902
177 178 179 181 275 276 277 278 338 399 400 530 531 532 700 701 702 703 725
467 640 765
627 628 629
13 14 17
926 927 928
45 125
177 178 701 702
50 51 52 564
467 639 640 764 765
2 4 77 410
137 873
137 138 139 603
177 178 181 653 654 701 726
401 403
4 78 410
177 179 181 720 728
214 275 276 278 409
177 178 179 181 732 733 941
177 178 181 720 727
178 181 700 701 702 703 740
2 4 410 564
177 178 179 181 715 716 721 722 723 730 731 734 735 736
40 131
181 720 727
2 52 177 178 181
178 181 727
43 130 131 132
177 178 181 720 728 729
23 24 25 52 680
467 640
300 463
178 181 274 275 276 277 278 377 378 379 398 488 489 490 700 701 702 703 770
327 328 350 621 622
177 178 179 181 733 941 942
237 238 241 876
423 424 425 426 427
50 77 132 508 522
944 945 946
452 472 473
43 683 684
177 178 701 702 743
99 100 101 287
5 29
177 178 179 181 727 902
44 45 281 282 319 320
2 99 100 101 287 469 470 471
452 453 454 472 787
40 50 77 323 507
220 221 226 227
137 139 294
82 83 371 446
68 69 681 682
103 104 105 861 862 863 864 932 933
177 178 181 700 701 702 740
131 132 586
1039 1040 1041
100 101 312 388 409
43 52 129 130 441
178 179 181 733 941 942
1009 1044
178 896
295 296 297
177 178 179 181 251 551 552 700 725
700 703
24 25 40
177 181 701 702
903 1062
177 178 179 1002
23 24 25 40
274 275 276 277 278 304 341 342 377 378 379 380 381 488 753 795 796 835 836 839 840 841 842
78 319 322 323
179 181 728
99 100 101 312 409
177 178 179 181 720 727
177 178 181
177 178 181 700 701 703
1106 1107
275 277 278 382 383 384 385 386 547
4 40 43 52 73 74 77 79 131 467 468 522 524 539
308 309
101 287 482 483
177 178 181 274 275 276 277 278 339 340 341 342 377 378 379 398 488 489 490 700 703 795 796
177 178 179 732 733 942
103 105 184 185
23 24 40 52
101 504
228 284 437 438 633 646
837 838
327 328 350 621 622 868
28 38 327 328 621 622 623 624
300 314 315 461 462 463
99 101 122 124
4 40 41 42 43 52 73 74 75 76 77 78 79
177 179 181 720 727
222 281 282
530 532 809
177 178 179 181 251 551 700 703 725
87 88 99 100 101 308 309 318
177 178 179 727 902
177 178 179 181 251 551 552 703 725
1047 1048 1049
50 410 571
2 40 410 564
1113 1114
178 179 181 732 941 942
135 136 137 138 139 191 294
78 319 320 321 322 323
44 363 569 570
178 718 903
177 178 179 181 732 733
315 316
26 27 58 86 1098 1099
177 179 181 1002
275 276 277 278 382 384 385 386 547
789 790 791 792 793 794
11 218 219
52 142 143 580
177 178 181 700 701 702 703
178 179 181 720
403 404 589 590
276 278 382 383 384 385 386 547 548
137 138 139
148 149 294 327
99 100 101 308 318 327 328 469 470 471
2 99 100 101 287 469 470
428 429 430
177 178 181 653 654 701 702
2 52 177 181
137 177 178 181 278 873
137 177 178 179 181 278 873
177 178 179 727
547 548 672 673
125 126 275 276 277 278 377 378 379 398 488 489 490 545 546 789
103 104 166 418 419 420 421 422
177 179 181 732 733 941 942
138 139 603
274 275 276 277 278 341 342 377 378 379 380 381 398 488 489 490 753 795 796 835 836
379 1141
82 83 616
177 178 179 181 732 941 942
101 482 483
40 50 77 323 507 526 527
116 117 118 119 533 535 591 592 593 594 595
179 181 727
228 229 279 280
177 178 181 700 701 702
101 312 388 409
44 45 177 178 179 181 327 328 382 383 384 385 386 621 622 623 624 700 703 725 770
24 40 580
177 178 181 700 701 702 703 740
16 347 348 349
818 819 1129 1130
922 923 924
187 188 189 190 191
82 83 616 617
275 276 278 382 383 384 385 386 548
177 179 732 733 941 942
2 4 821
960 961 962
103 104 105 861 862 863 864 930 931 932 933
177 179 720 902
177 178 179 732 733 941
99 101 312 388 409
383 773 774
178 179 181 720 728 729
103 104 165 166 167 168 169 170 171 172 173 174 175
177 178 181 702 703 740
196 198 631
957 958 959
178 894 895 897
4 409 410
99 100 101 312 368 369 370
219 226
750 875
196 474 488 632 771
178 179 720 727 902
52 177 178 181 638 700 701 702 703 704
843 844
85 448 449
718 903 1062
177 181 702
137 177 178 179 181 873
177 179 181 727
228 377 378 379
177 178 179 181 252 551 700 703 725
44 45 362 363 569 570
177 181 720
177 178 179 181 724
177 178 179 180 181 327 328 621 622 623 700 701 702 703 714 725 732 733 739
177 178 181 274 275 276 277 278 377 378 379 380 381 398 489 490 770 835 836
178 722 895 896 897
177 181 702 746
26 27 195 249 250
785 786
177 178 179 720 727
177 178 274 275 276 277 278 377 378 379 380 381 398 488 489 490 770 835 836
177 178 179 181 252 552 700 703 725
530 531 532 809 810
103 104 105 911 912
314 315 316 317
292 293 308 309 318 327 328
471 480 481 781
322 379 475
87 88 455
2 100 101 287 470 471
178 722 894 896
23 99 100 101 308 312 313 314 315 316 317 318 391 392
177 178 179 181 251 252 551 700 703
177 179 181 732 733 942
214 275 277 278 409
177 178 181 654 701 702
177 178 179 181 251 252 551 552 725
177 178 179 181 275 276 277 278 399 400 530 531 532 700 701 702 703 725 741
152 153 154 557 558 1015 1016
44 45 125 177 178 181 382 383 384 385 386 770
225 799
38 327 621 622 623 624
85 1041 1149 1150
343 344 655
177 178 179 181 275 276 277 338 399 400 530 531 532 700 701 702 703 725 741
257 819 865 866
177 178 179 181 715 716 721 722 723 731 734 735 736 943
129 441 442
177 178 179 181 720 728 729
2 177 178 181 469 470 471 486 487 770
2 470
196 631 992 993
112 113
178 181 700 701 702 703
228 324 377 378 379
191 294 671
214 276 409
975 976
26 27 58 86
177 178 179 181 728
58 448 449
214 275 276 409
177 181 274 275 276 277 278 377 378 379 380 381 398 488 489 490 770 835 836
177 178 179 181 251 252 551 552 700 703 725
344 346
647 648 649
52 77 371
132 463
791 924 963 964
103 104 105 900 901
177 178 179 732 941 942
103 104 105 161 162
178 718 903 904 905
178 181 701 702 746
177 178 179 181 1002
2 177 178 181 377 378 379 469 470 471 770 811 812
889 890 891
323 408
116 118 119 766
722 917
772 1123 1125
177 178 179 703
469 471
178 894 895 896
177 178 179 181 732 733 941 942
68 69 182 183
104 163 164
218 219 226 227 234 304
43 129 130 131 132
4 40 854 855
77 132
44 45 288
1042 1043
40 42 58
40 118 119 766
298 299 300 301 471
131 132 434 468
324 1046 1047 1048 1049
52 177 178 181
66 67 68
45 279 280
178 179 727
177 178 179 180 181 327 328 621 622 623 624 700 701 702 703 714 725 732 733
44 45 231 281 282 319 320
177 178 179 181 275 276 278 338 399 400 530 531 532 700 701 702 703 725 741
99 100 101 287 469 470 471
177 178 179 181 732 942
178 179 732 733 941 942
100 101 287 469 470 471
243 244 362 363 444 445
87 88 362 363 693 694 695
243 244 361 362 363
99 100 101 504
26 58 498 641
177 178 179 180 181 327 328 621 623 624 700 701 702 703 714 725 732 733 739
177 178 179 181 278 873 874
43 50 77 508 522
2 4 40 564
116 117 118 535 591 592 593 594 595
632 771
44 45 58 85 448 449 450
177 179 181 732 733 941
38 327 328 621 622 623 624
300 388 409 463 596
140 141 410
177 178 701 743
177 179 727
177 720 727
23 24 25 40 52 78
177 179 181 703
132 434 468 522
39 40 41 42 43 77 142 143
388 523
275 276 277 278 382 383 384 385 547
99 100 101 312 370
179 181 732 733 941 942
1029 1030 1031 1032
314 317
177 178 181 743
177 181 701 702 746
819 984
685 686 687
179 181 720 727 902
4 43 130
177 178 179 181 727
2 101 287 469 470 471
177 178 179 181 251 252 700 703 725
45 756 757
482 483 614 615 821 822 823 824
275 276 277 278 382 383 384 386 548
44 45 293 363
177 178 181 274 275 276 277 278 377 378 379 398 488 489 490 700 701 702 703
103 104 105 936 937 938
96 97 98
177 178 179 181 700 721 722 723 730 731 734 735 736
237 238 239 240 241 242
177 178 181 653 701 702
647 648
196 474
177 178 181 702 746
774 1124 1126
344 346 443
177 178 181 274 275 276 277 278 377 378 379 380 381 398 488 489 490 835 836
40 43 52 129 130 441 442
177 178 179 732 733 941 942
300 388 409 463
298 299 300 301 471 487
132 434 468
2 4 40 410 564
278 428 429 430 431
275 278 382 383 384 385 386 547 548
177 178 181 715 716 721 722 723 730 731 734 735 736 943
177 178 700 701 702 703
82 83 371 446 447
68 69 80 81 833 834 969
52 438
82 83 546
177 178 181 702
78 284 322 633
99 100 101 287 482 483
343 344 345 346
177 179 181 874 1002
52 73 777
177 178 181 720
276 277 278 382 383 384 385 386 547
125 126
196 474 632 771
178 181 720 727 902
177 178 179 181 715 716 721 722 723 730 731 734 735 943
52 177 178
177 181 701 743
603 604 671
231 281 319
132 388 434 468
50 77 508 522
292 293 308 309 318
44 362 363 570
275 276 277 278 396 397
50 51 410 564
135 136 574
