100 483
40 766 767
52 302 303
23 24 25 52 78
475 476 674
177 178 181 746 747
41 1080
177 178 181 653 654 701
10 11 218 219 220
4 40 41 42 43 52 73 74 77 78 79 131 468 524
177 178 181 720 902
44 282 320
52 680
103 104 155 156
70 71 72
178 179 181 720 727
4 40 129 130 131
377 378 379
228 229 280
103 104 159 160 954 955
114 115 187 190
226 227 304
177 178 179 181 274 275 276 277 278 398 488 489 490 700 701 702 703 725 770
177 178 179 181 874 1002
44 58 450
1115 1116
177 178 179 181 382 384 385 386 700 701 702 703 725 732 733 741 770 873 874
4 40 50 51 52 215 216 217
298 299 300
176 177 178 179 180 181 327 328 621 622 624 714 732 733
177 178 179 252 551 552 700 703 725
319 320 321 322
4 40 43 129 130
178 179 727 902
314 315 316 317 637
177 179 181 703 724
44 85 449
99 100 101 122 123 124
178 718 903 1062
103 104 166 937 1139
4 87
23 100
218 219 226 227 234 304 305
50 77 132 522
178 179 181 727 902
77 110 111 371
346 1131 1132
846 847
177 178 181 732 733 942
177 178 181 701 702 746
177 178 720
387 434 468 524
177 178 181 700 702 703
722 1055
34 35 68 69
309 328
177 178 181 274 275 276 277 278 377 378 380 381 398 488 489 490 770 835 836
314 315 316 317 636 637
177 178 179 181 551 552 700 703 725
177 181 720 727 902
4 821 822 823
40 284 438
44 45 279 280 755 756 757
89 90 125 126
177 178 701 746
177 178 181 701
4 133 134
137 603 604 671
318 453 454
10 11 12 44 45 177 178 179 180 181 338 375 376 414 415 700 703 714 725
177 178 179 181 720 902
485 587 804
177 178 727 902
82 616 617
99 100 101 308 318 482 483
44 289
324 377 379
177 178 181 274 275 276 277 278 377 378 379 380 381 398 488 489 490 770 836
196 474 488 631 632
137 138 139 603 604
177 178 179 181 703
528 529 683 684
2 44 45 177 178 181 327 328 382 383 384 385 386 469 470 471 621 622 623 624 770
218 226 227 304 305
262 263 264 265
177 178 179 181 703 724
718 904
40 52 302 303
2 294 588
50 216
378 379 521
135 136 574 575
55 56
177 178 179 874 1002
266 267
4 40 323 920
660 661
137 138 566
178 718 903 904
509 510
40 119 766
789 793
132 523
978 979
43 245 246
177 178 179 181 715 716 722 723 730 731 734 735 736 943
4 40 41 43 52 73 74 77 79 131 467 468 522 524 539
132 300 388 409 463 596
177 178 720 727
275 276 277 278
177 179 181 720 902
272 274
275 709 710
44 283 284
5 6 28
177 178 181 700 701 703 740
177 178 181 720 727 902
275 276 277 278 429
228 229 279
308 614
131 523 524
722 896 1054
970 971
177 181 700 701 702 703
44 58 449
103 104 900 901
818 1130
228 377 379
560 853
40 119 766 767
136 138 371 446 447 561
78 319 320 321
52 177 181
10 11 12 218 219 220 221
23 99 100 101 308 310 311 312 313 314 315 316 317 318
131 387 388 467 468 522 523 524 525
314 315 316 317 636
177 178 181 701 743
52 73 74 777
542 543 544
181 701 702 743
516 517
177 179 181
56 198 631 919
105 156
181 703
177 178 181 274 275 276 277 278 341 342 377 378 379 380 381 398 488 489 490 795 796 835 836
196 474 488 631 632 771
177 178 181 732 733 941
99 100 101 308
177 178 179 902
377 379 520 521
436 656 657
178 179 181 732 733 941 942
40 920
10 11 12
178 179 720 727
88 99 100 101 308 312 318
722 896 1054 1055
177 178 179 703 724
309 327
44 292 293 363
41 43 75 199 200 201 202 203 204 205 206 207 208
308 318 453 454
99 100 308
178 895 896 897
1101 1102 1103 1104
4 40 323
4 216
88 362 694
722 895 913 914 915 916 917 918
324 377 378 379
40 52 77 110 111 371 372
152 153 154 1015 1016
177 178 181 701 702
228 324 377 379
23 24 25 52
576 577 816 817
523 524
40 52 77 437 438
45 288 289
99 471
276 277 278 429
308 309 318 327 328
20 762 763
227 234 304 305
177 178 181 252 551 552 700 703 725
179 720 727 902
103 104 105 163 164
44 45 407 408
648 649
410 997
177 178 179 181 873 874
4 52 78 371 409 446 447
132 522
4 129 131
103 105 937 938
177 178 179 181 715 721 722 723 730 731 734 735 736 943
178 179 181 1002
42 58
508 522
243 244 275 276 277 278 362 363 398 488 489 490
213 214 275 276 277 278 409
177 179 181 902
444 775
103 104 157 158 159 160
177 178 181 720 729
39 40 41 42 43 58 1080 1081 1082
314 315 316 636
2 177 178 181 275 276 277 278 327 328 382 383 384 385 386 469 470 471 621 622 623 624 770
131 524 586
914 917
2 4 40 52 410 564
176 177 178 179 180 181 714 716 734 735 736 737 738 943
137 177 179 181 278 873 874
177 178 181 275 276 277 278 377 378 379 398 488 489 490 700 701 702 703 770
177 178 179 181 275 276 277 278 338 399 400 531 532 700 701 702 703 725 741
228 377 378
177 178 179
178 181 720
536 537 538
178 181 701 746
68 69 576 577 833 834
451 452 453 454
177 178 179 720 902
379 520
275 276 277 278 429 709 710
196 488 631 632
388 596
117 767
329 330 362 363
455 614 615
137 278 711
177 178 181 701 702 726
23 24 52 680
685 687 697
178 894 895 896 897
144 145 146 147
196 275 276 277 278 379 474 475 476 488 631 632 1000 1001
177 178 179 181 251 252 552 700 703
179 181 727 902
4 40 50 51 52 78 323 410
444 445 775 776
104 940
103 104 105 934 935
177 178 181 874 1002
2 327 328 469 470 471 821 822 823 824
4 14 16 18
40 52 77 78 131 410 467 468 523 524 990 991
177 178 179 181 382 383 384 385 386 700 701 702 703 725 732 733 741 873 874
82 545 546
102 103 104 105 106
228 324 377 378
16 18
177 178 179 181 720 729
368 369 370
177 181 746
387 388 434
218 219 220 221 226 227
318 482 483 615
4 409 410 467 468
137 138 139 565 566
177 178 181 701 702 703
378 379
1133 1134 1135
177 178 181 653 701 702 726
589 590
322 475
36 177 178 179 181 382 383 384 385 386 873 874 925
178 720 727
275 276 277 278 382 383 385 386 548
1058 1059
39 1080
177 178 179 181 733 942
295 322 338
532 658 659
103 104 105 901 1144
177 178 179 181 275 276 277 278 382 383 384 385 386 398 399 400 488 489 490 705 706 707 708
177 178 179 181 716 722 723 735 943 1100
530 531 532 809
44 58 85 448 449
177 179 181 733 941 942
166 901
166 1139
40 52 323 407 408 410
821 823
530 531 810
148 149 191 294 327 328
429 709 710
260 261
275 276 277 278 409
19 20 218 219 220 221
379 1140 1141
320 321
78 319 321 322 323
471 481
83 371 446
177 179 181 720 729
178 179 902
178 722 894 895 896 897
66 67 68 69
196 509 510 511
789 790 791 792
177 178 179 181 275 277 278 338 399 400 530 531 532 700 701 702 703 725 741
40 52 407 408 580
83 371 446 447
118 236 533 535 591 592 593 594 595
177 178 179 181 715 716 721 722 723 730 731 734 736 943
13 17
177 178 181 703 724
343 655
44 45 58 85 450
275 276 277 278 396 397 552
82 83 545 546
177 178 179 181
78 562 563
524 585 586
152 153 154 557 558
407 408 409
137 177 178 179 181 278 873 874
257 818 819 845
178 179 181 720 727 902
44 45 485 587
437 438
177 178 654 701 702 726
99 122 123 124
304 839
177 178 179 181 382 383 384 386 700 701 702 703 725 732 733 741 770 873 874
131 132 388 468 522 523 525
177 178 179 720
362 363 520 521
116 117 119 766 767
177 178 179 181 434 623 624 700 701 702 703 725 770
177 178 179 181 715 716 721 722 723 730 731 734 735 736 943
23 99 100 101 213 214 312 313 409
577 816 817
411 412 413
132 434 522
40 43 680 1128
177 178 179 181 902
685 686 687 688 689
177 178 179 181 732 941
179 181 720
177 181 727
215 217
196 474 488 632
179 181 720 727
275 277 382 383 384 385 386 547 548
308 454
177 178 179 181 720 728
118 119 235 236 533 535 591 593 595
77 1111 1112
308 309 318
103 104 163 164
322 379 475 476 674
4 78 1033 1034
275 276 277 382 383 384 385 386 548
99 100 101 503
135 136 137 138 139 371 446 447
275 277 278 382 383 384 385 386 548
213 214 613
103 161
177 178 179 181 700 703 725 825 826 827 828 829 830 831
177 178 179 181 382 383 384 385 386 700 701 702 703 725 732 733 741 770 874
332 333 377 378 379 380 381 675 676 677 678 679
68 832 833 834
103 104 105 861 862 863 864 930 932
275 276 277 278 382 383 385 386 547
157 159
177 178 179 181 733 941
178 179 181 874 1002
177 178 181 700 703 740
152 153 154
177 178 179 181 278 873
50 51
530 531 809
103 104 105 861 862 863 864 931 933
253 257 754
27 58
177 178 181 278 873 874
177 178 179 181 251 551 552 700 703
40 52 77 110 371 372
44 45 672 673
44 45 282
639 640 765
177 178 179 181 720 727 902
99 100 101 503 504
218 219 226 234 304 305
274 275 276 277 278 339 340 341 342 377 378 379 380 381 398 488 489 490 753 795 796
377 378 379 521
324 647 648 649
26 27 250
177 179 181 720
40 323 507
177 178 181 654 701 702 726
383 772 773 774
57 58 59 60 120 121 323 949
131 132 524 585 586
46 47 48 49
407 408 409 410
44 45 58 85 448 449
562 563 564
377 521
275 276 277 278 382 383 384 386 547
44 45 58 85 449
177 179 727 902
275 276 277 278 396 397 551
530 531 809 810
965 966
131 524 585 586
722 895 1054 1055
275 276 277 278 382 384 385 386 548
407 409
177 178 179 720 729
243 244 362
41 52 73 74 77 131 132 522 524
257 818 819 866 867
57 58
94 583 584
177 178 179 180 181 700 714 730 731 732 733 734 735 736
228 229 230 279 280
178 179 181 720 902
99 100 101 312 388 409
177 181 700 701 703 740
351 352 353 354
100 101 503 504
177 178 179 180 181 327 328 622 623 624 700 701 702 703 714 725 732 733 739
78 284 321 322 323 410 633
327 821
137 177 178 179 181 278 874
177 178 179 181 874
44 45 113 288 289
275 276 277 278 383 384 385 386 548
116 118 533 535 591 592 593 594 595
177 178 181 274 275 276 277 278 339 340 341 342 377 378 379 380 381 398 488 489 490 795 796
177 178 179 181 251 252 551 703 725
182 183
177 178 179 181 273 274 304 434 700 701 702 703 725 770 839 840 841 842
271 272 274 304 753 839 840 841 842
196 631 632 992 993
284 321 322
972 973
177 178 181 746
253 254 255 256 257
225 306 307 799 1056 1057
196 474 488 631
64 65
722 916 1159 1160
177 178 181 1002
177 178 179 181 716 721 722 723 730 731 734 735 736 943
191 294 362 363
99 100 101 287 483
68 69 1068 1069
518 519
23 24 25 40 52 580 680
649 856 857
388 409
401 402 403 404
28 327 328 621 622 623 624
177 178 179 181 275 276 277 278 338 399 530 531 532 700 701 702 703 725 741
44 45 292 293 362 363
178 179 181
118 119 235 236 533 535 591 592 593 594 595
137 138 139 566
177 178 181 701 702 746 747
323 410
322 475 674
44 58 448 449 450
4 410
131 132 523 524
44 45 283 284
110 111 371 446 447
177 178 181 654 701 726
219 234 305
132 586
40 149 284 387 388
68 1068
177 178 179 181 304 382 383 384 385 386 700 701 702 703 725 732 733 739 770 839 840 841 842
314 315
178 179 720
88 99 100 101 308 312
177 181 701 746
177 1002
2 4 40 52 77
176 177 178 179 180 181 327 621 622 623 624 714 732 733
1117 1118 1119
177 181 727 902
178 179 181 703 724
312 409
213 275 276 277 278 409
196 494 495
23 24 40 52 680
39 40 42 43 58 77
178 181 701 702 743
275 276 278 409
103 104 934 935
177 178 179 720 728
50 51 52 132 564
228 378 379
456 457 479
10 11 219
177 178 746
73 74 132 777
177 179 720 727
383 772 774
177 179 720
906 907 908
308 318 614 615
118 119 559 560
215 1063 1064 1065
41 42 43 50 51 131 132 468 523 524 578 579
292 325 329 330 331
177 178 181 727
4 40 50 51 52 564
177 178 181 274 275 276 277 278 377 378 379 380 381 398 488 489 490 770 835
642 643 644
322 379 475 476
177 178 179 181 720
308 309 456 813
177 178 179 181 941 942
177 178 179 180 181 327 328 621 622 623 624 700 701 702 703 714 725 732 739
676 1019 1020
87 88 99 100 101 312 387 388 492 493
177 178 179 181 729
373 374
43 508
40 149 284
103 104 184 185
77 132 508 522
177 178 181 653 654 701 702 726
257 818 819 820
377 378 521
10 11 219 220
213 275 278 409
177 178 179 181 304 434 551 552 700 701 702 703 725 770 839 840 841 842
178 179 720 902
70 71
178 181 274 275 276 277 278 377 378 379 380 381 398 488 489 490 770 835 836
16 347 348 349 350 453 454
275 276 277 278 382 383 384 385 386 547 548
379 1136 1137 1138
78 371 446 447
136 561 1070
222 269 491
131 468 523 524
132 409 410 525 996 997
492 603 604
275 276 277 278 382 383 384 385 386 398 399 400 488 489 490 707 708 712 713
2 3 4 821 822 823 824
5 6 7 28 29
44 449 450
177 178 181 653 654 726
44 125 618
61 62 63
300 315 645
228 324 378 379
177 178 179 181 275 276 277 278 399 400 488 551 552 700 701 702 703 704 725 741 770 873 874
4 371 409 446 447
614 823
790 792
40 118 119 767
44 45 327 328 621 622 623 624 814 815
270 1022
103 105 163 164
177 178 720 727 902
177 181 701 702 743
177 178 179 181 327 328 621 622 623 624 700 701 702 703 714 725 732 733 739
231 281 282 319 320
52 129 130 132
496 987 988 989
177 178 179 181 715 716 721 722 723 730 734 735 736 943
178 181 727 902
177 178 179 720 727 902
272 839
213 275 409
492 604
298 299 300 301 471 486 487
247 248
52 178 181
177 178 179 181 700 701 702 703 732 733 741 742 749
103 104 1097
309 318 328
178 179 181 732 733 942
177 178 181 702 743
4 40 410 564
196 197 198
1047 1048 1049 1094 1095
4 130 131
10 219 220
100 503
177 178 727
41 1082
403 404 589
533 534 535
52 57 58 59 60 409 410 464 465 466 467 468
453 454 1105
177 181 720 727
125 126 377 378 379 380 381 675 676 677 678 679 835 836
262 263
178 179 181 720 729
23 24 52 78
179 732
841 842
4 40 41 42 43 57 58 59 60 77 79 120 121 131
1052 1053
4 802 803
40 564
275 276 277 278 382 383 384 385 548
177 178 179 181 275 276 277 278 338 399 400 530 532 700 701 702 703 725 741
196 474 631 632
44 45 58 449 450
100 287 482 483
275 276 277 278 382 383 384 385 386
177 178 181 701 746
116 117 533 535 591 592 593 594 595
275 278 409
718 903 904
278 429 431
177 178 179 181 715 716 721 722 730 731 734 735 736 943
44 45 125 618
178 179 181 727
4 40 77 323 920
177 178 181 314 315 316 317 551 552 700 701 702 703 704 726 741 744 745 747 748 770
177 178 181 727 902
850 851 852
314 316 317 636
105 911 912
176 177 178 179 180 181 714 716 717 718 719 720 727 730 731 732 733 734 735 736 943
4 129 130
181 727 902
177 178 179 181 252 551 552 700 703
439 440
40 52 1155 1156
213 613
26 649 1021
23 214
44 58 85 449 450
231 319 320
43 50 77 132 508 522
177 178 181 275 276 277 278 377 378 379 380 381 398 488 489 490 770 835 836
177 178 179 181 274 275 276 277 278 304 488 700 701 702 703 725 770 839 840 841 842
177 178 179 181 732 733 942
177 178 181 720 728
81 833 834
188 190 191
177 178 181 703
131 524 585
28 38 327 622 623 624
275 276 277 278 429 710
321 322
276 277 278 382 383 384 385 386 548
819 982 983 984
177 178 179 180 181 338 700 701 702 703 714 725
102 103 104 105 106 107
772 773 774 1123 1125
177 179 720 727 902
214 275 276 277 278 409
16 347 348 349 350
377 378 379 520 521
68 69 357 358
177 178 179 181 715 716 721 723 730 731 734 735 736 943
58 84 85 86
650 651 652
274 753
2 294
178 181 746
136 294
77 1111
68 69 1037 1038
99 100 101 308 312 318
496 805 806
104 105 155
40 284 323
446 447
43 50 77 131 132 468 522 523 524
136 137 561 671 1070
474 488 631 632
181 701
178 179 181 732 733 941
177 178 181 701 702 743
110 371 446 447
137 177 178 179 181 873 874
44 45 279 280
379 1157 1158
196 474 631 632 771
178 181 720 727
40 540 541
103 104 166 939 940
410 525 996 997
178 179 181 720 728
39 40 41
772 773 774 1123 1124 1125 1126
110 111 137 138 139 371 446 447 561
77 410 571
178 718 1062
350 622
44 45 58 85 449 450
178 179 181 252 551 552 700 703 725
4 1033 1034
177 178 179 181 383 384 385 386 700 701 702 703 725 732 733 741 770 873 874
78 132 562 563 564
668 669 670
40 323 408 410
137 138 139 177 178 179 181 192 193 366 367 873 874
148 149 294 327 328
177 178 179 181 715 716 721 722 723 730 731 735 736 943
131 585 586
300 471 486 487
300 471 486
40 77 108 109
103 104 166 1096 1097
531 532 810
177 178 181 274 275 276 277 278 341 342 377 378 379 398 488 489 490 700 701 702 703 795 796
137 177 178 179 181 278
177 178 181 700 701 740
177 179 181 727 902
177 179 181 720 727 902
177 178 179 181 275 276 277 278 338 399 400 530 531 532 700 701 702 703 725
78 323 410
627 628 629
13 14 17
926 927 928
4 1085 1086
177 178 181 701 702 747
50 51 52 564
467 639 640 764 765
137 138 139 603
50 77 410 571
177 178 181 653 654 701 726
177 179 181 720 728
177 178 179 181 732 733 941
177 178 181 720 727
530 532 810
179 181 720 902
110 111 371
178 181 700 701 702 703 740
2 4 410 564
177 178 179 181 715 716 721 722 723 730 731 734 735 736
467 468 523
181 720 727
2 52 177 178 181
178 181 727
178 718 904
78 320 321 322
407 580
467 640
23 24 25 52 680
178 179 181 703
178 181 274 275 276 277 278 377 378 379 398 488 489 490 700 701 702 703 770
177 178 179 181 733 941 942
237 238 241 876
423 424 425 426 427
944 945 946
40 118 766
177 178 701 702 743
99 100 101 287
69 81 834
78 562 563 564
40 118 119
177 178 179 181 727 902
104 900 901
2 99 100 101 287 469 470 471
452 453 454 472 787
408 410
68 69 681 682
40 119 767
58 59
1039 1040 1041
78 371 409 446 447
87 88 99 100 101 308 309
40 118 119 766 767
104 938
99 101 503 504
1009 1044
178 896
40 323 920
295 296 297
177 178 179 181 251 551 552 700 725
700 703
4 40 131
177 181 701 702
177 178 179 1002
179 727 902
274 275 276 277 278 304 341 342 377 378 379 380 381 488 753 795 796 835 836 839 840 841 842
103 104 166 901 921
4 40 51 215 216 217
99 100 101 312 409
177 178 179 181 720 727
301 471 486 487
177 178 181 700 701 703
177 178 181
160 954
1106 1107
176 177 178 179 180 181 327 328 621 623 624 714 732 733
77 410 467 571
275 277 278 382 383 384 385 386 547
396 551
388 409 463 596
177 178 179 732 733 942
103 105 184 185
23 24 40 52
44 58 85 448 449 450
228 284 437 438 633 646
837 838
327 328 350 621 622 868
28 38 327 328 621 622 623 624
300 314 315 461 462 463
4 40 52 215 216 217
177 178 179 180 181 328 621 622 623 624 700 701 702 703 714 725 732 733 739
4 40 41 42 43 52 73 74 75 76 77 78 79
377 378 379 520
177 179 181 720 727
78 319 320 321 322
222 281 282
530 532 809
177 178 179 181 251 551 700 703 725
87 88 99 100 101 308 309 318
177 178 179 727 902
177 178 179 181 251 551 552 703 725
1123 1124 1126
2 3 4
1113 1114
43 684
135 136 137 138 139 191 294
78 319 320 321 322 323
178 718 903
177 178 179 181 732 733
315 316
26 27 58 86 1098 1099
177 179 181 1002
50 467 571
228 437 438 633
789 790 791 792 793 794
52 142 143 580
177 178 181 700 701 702 703
327 328 350 621 868
178 179 181 720
403 404 589 590
52 142 143
57 58 59 60 120 121
177 179 181 252 551 552 700 703 725
4 52 77 410
225 306
103 163
791 963 964
818 820
99 100 101 308 318 327 328 469 470 471
179 720 902
176 177 178 179 180 181 328 621 622 623 624 714 732 733
213 275 276 278 409
791 924 963
177 178 179 727
1120 1121
547 548 672 673
125 126 275 276 277 278 377 378 379 398 488 489 490 545 546 789
275 276 277 278 383 384 385 386 547
103 104 166 418 419 420 421 422
541 956
177 179 181 732 733 941 942
131 387 434 524
274 275 276 277 278 341 342 377 378 379 380 381 398 488 489 490 753 795 796 835 836
379 1141
177 178 179 181 732 941 942
40 50 77 323 507 526 527
116 117 118 119 533 535 591 592 593 594 595
179 181 727
132 562 563 564
177 178 181 700 701 702
23 25 40 580
937 1139
145 147
104 155
44 45 177 178 179 181 327 328 382 383 384 385 386 621 622 623 624 700 703 725 770
177 178 181 700 701 702 703 740
922 923 924
818 819 1129 1130
187 188 189 190 191
895 913
82 83 616 617
275 276 278 382 383 384 385 386 548
960 961 962
103 104 105 861 862 863 864 930 931 932 933
177 179 720 902
177 178 179 732 733 941
83 446
304 841
44 45 569 570
103 104 165 166 167 168 169 170 171 172 173 174 175
957 958 959
196 198 631
99 100 101 312 368 369 370
148 149 191 327
10 11 12 219
23 24 52
23 40 52 680
40 43 442
228 229 230 279
40 118 766 767
78 321 322
178 179 720 727 902
52 177 178 181 638 700 701 702 703 704
843 844
52 371 409 446 447
23 40
177 179 181 727
219 226 234 304
228 377 378 379
177 178 181 654 702 726
177 178 179 181 252 551 700 703 725
44 45 362 363 569 570
50 51 52
177 181 720
44 281 282
177 178 179 181 724
44 113 289
177 178 179 180 181 327 328 621 622 623 700 701 702 703 714 725 732 733 739
324 1047 1048
177 178 179 180 181 327 328 621 622 624 700 701 702 703 714 725 732 733 739
177 178 181 274 275 276 277 278 377 378 379 380 381 398 489 490 770 835 836
26 27 195 249 250
785 786
177 178 179 720 727
177 178 274 275 276 277 278 377 378 379 380 381 398 488 489 490 770 835 836
177 178 179 181 252 552 700 703 725
530 531 532 809 810
103 104 105 911 912
314 315 316 317
292 293 308 309 318 327 328
471 480 481 781
87 88 455
177 178 181 701 746 747
177 178 181 653 701 726
322 379 475
27 1098
23 99 100 101 308 312 313 314 315 316 317 318 391 392
177 179 181 732 733 942
177 178 181 654 701 702
177 178 179 181 251 252 551 552 725
177 178 179 181 275 276 277 278 399 400 530 531 532 700 701 702 703 725 741
152 153 154 557 558 1015 1016
44 45 125 177 178 181 382 383 384 385 386 770
530 531 532 810
228 284 437 438
85 1041 1149 1150
177 178 179 181 715 716 721 722 723 731 734 735 736 943
129 441 442
263 264
135 136 137 138 139
177 178 179 181 720 728 729
2 177 178 181 469 470 471 486 487 770
103 104 166 1097
112 113
178 181 700 701 702 703
228 324 377 378 379
191 294 671
975 976
4 40
177 178 179 181 728
177 181 274 275 276 277 278 377 378 379 380 381 398 488 489 490 770 835 836
177 178 179 181 251 252 551 552 700 703 725
528 683
344 346
791 924 963 964
103 104 105 900 901
103 104 105 161 162
178 718 903 904 905
178 181 701 702 746
177 181 703 724
177 178 179 181 1002
530 531 532
2 177 178 181 377 378 379 469 470 471 770 811 812
889 890 891
78 446 447
177 178 179 180 181 327 621 622 623 624 700 701 702 703 714 725 732 733 739
226 227 234 304
377 379 521
2 99 101 287 469 470 471
469 471
177 178 179 703
177 178 179 181 732 733 941 942
68 69 182 183
104 163 164
44 45 279
177 178 179 181 275 276 277 278 338 400 530 531 532 700 701 702 703 725 741
4 40 854 855
77 132
178 700
292 308 309 327 328
1042 1043
40 118 119 766
177 181 701
324 1046 1047 1048 1049
52 177 178 181
43 246
131 523 524 525
45 279 280
177 178 179 180 181 327 328 621 622 623 624 700 701 702 703 714 725 732 733
44 45 231 281 282 319 320
99 100 101 287 469 470 471
177 178 179 181 732 942
278 430 431
178 179 181 902
45 292
243 244 362 363 444 445
87 88 362 363 693 694 695
243 244 361 362 363
26 58 498 641
687 689
52 178
177 178 179 181 278 873 874
2 4 40 564
308 309 813
4 87 88
103 418
44 45 58 85 448 449 450
292 293 482 483 821 822 823 824
148 149 191 294
177 179 181 732 733 941
177 178 179 181 252 551 552 700 725
196 631 992
50 52 564
101 308
140 141 410
177 178 179 181 278 874
177 178 701 743
181 1002
177 720 727
177 179 181 703
39 40 41 42 43 77 142 143
388 523
275 276 277 278 382 383 384 385 547
99 100 312 409
4 40 77 920
4 43 129 130 131
522 523
1029 1030 1031 1032
177 178 181 743
176 177 178 179 180 181 327 328 621 622 623 714 732 733
177 181 701 702 746
750 875
179 181 720 727 902
177 178 179 181 727
2 101 287 469 470 471
177 178 179 181 251 252 700 703 725
275 276 277 278 382 383 384 386 548
482 483 614 615 821 822 823 824
177 178 181 274 275 276 277 278 377 378 379 398 488 489 490 700 701 702 703
103 104 105 936 937 938
96 97 98
177 178 179 181 700 721 722 723 730 731 734 735 736
278 429 430 431
237 238 239 240 241 242
177 178 181 702 746
344 346 443
177 178 181 274 275 276 277 278 377 378 379 380 381 398 488 489 490 835 836
40 43 52 129 130 441 442
44 45 279 280 756
177 178 179 732 733 941 942
88 362 363 694 695
0 1
2 4 40 410 564
82 83 546
278 428 429 430 431
244 361
177 178 181 715 716 721 722 723 730 731 734 735 736 943
82 83 371 446 447
177 178 700 701 702 703
68 69 80 81 833 834 969
177 178 179 181 252 551 552 703 725
139 191 294
923 924
275 276 277 278 429 709
177 179 181 874 1002
343 344 345 346
257 819 865 866 867
177 178 181 720
125 126
178 181 720 727 902
177 178 179 181 715 716 721 722 723 730 731 734 735 943
292 329 331
177 178 181 274 275 276 277 278 377 378 379 398 488 490 700 701 702 703 770
52 177 178
177 181 701 743
231 281 319
819 982 983
40 77 527
275 276 277 278 396 397
135 136 574
