104 105 911 912
178 718 903 905
23 24 25 52 78
213 277 278 409
4 40 41 42 43 52 73 74 77 78 79 131 468 524
177 178 181 720 902
103 104 155 156
70 71 72
178 179 181 720 727
377 378 379
429 430 431
243 244 362 444
103 104 159 160 954 955
114 115 187 190
50 51 52 78 410 564
181 720 902
177 178 179 181 274 275 276 277 278 398 488 489 490 700 701 702 703 725 770
177 178 179 181 874 1002
50 52 410
178 181 902
790 794
99 100 101 312 369
1115 1116
4 40 50 51 52 215 216 217
78 319 320 322
44 45 363 570
176 177 178 179 180 181 327 328 621 622 624 714 732 733
177 181 700 701 702 703 740
894 897
314 315 316 317 637
177 179 181 703 724
4 87
99 100 101 122 123 124
178 718 903 1062
103 104 166 937 1139
23 100
218 219 226 227 234 304 305
177 178 181 700 702 703 740
292 293 821 822 823 824
178 179 181 727 902
346 1131 1132
846 847
177 178 181 732 733 942
153 154 1015
275 276 278 396 397 552
177 178 181 701 702 746
379 475 476 674
177 178 720
177 178 181 700 702 703
34 35 68 69
82 83 545
314 315 316 317 636 637
177 178 179 181 551 552 700 703 725
177 181 720 727 902
44 45 279 280 755 756 757
89 90 125 126
177 178 181 701
4 133 134
177 178 179 181 382 383 384 385 700 701 702 703 725 732 733 741 770 873 874
137 603 604 671
10 11 12 44 45 177 178 179 180 181 338 375 376 414 415 700 703 714 725
177 178 179 181 720 902
177 178 181 732 733 941 942
99 100 101 308 318 482 483
78 319 320 322 323
44 289
324 377 379
177 178 179 181 703
196 474 488 631 632
137 138 139 603 604
528 529 683 684
2 44 45 177 178 181 327 328 382 383 384 385 386 469 470 471 621 622 623 624 770
262 263 264 265
177 178 179 181 703 724
103 104 166 937
50 52 78 132 410
718 904
40 52 302 303
4 78 371 446 447
2 294 588
50 216
135 136 574 575
105 161
136 137 671 1070
137 138 566
509 510
1063 1064 1065
149 284 388
40 119 766
789 793
4 40 50 51 52 78 410 564
43 245 246
176 178 179 180 181 327 328 621 622 623 624 714 732 733
177 178 179 181 715 716 722 723 730 731 734 735 736 943
4 40 41 43 52 73 74 77 79 131 467 468 522 524 539
132 300 388 409 463 596
177 178 720 727
177 179 181 720 902
272 274
45 293 362 363
178 894 896 897
57 120
16 350 454
178 718 904 905
44 283 284
177 178 181 700 701 703 740
177 178 181 720 727 902
132 300 388 463
327 350 622 868
177 181 700 701 702 703
3 822 824
228 377 379
560 853
40 119 766 767
78 319 320 321
177 179 720 728 729
178 179 181 251 551 552 700 703 725
52 177 181
379 521
10 11 12 218 219 220 221
23 99 100 101 308 310 311 312 313 314 315 316 317 318
131 387 388 467 468 522 523 524 525
314 315 316 317 636
177 178 181 701 743
52 73 74 777
542 543 544
152 154 557
516 517
278 874
177 179 181
56 198 631 919
4 50 51 52 78 410
181 941
40 50 51 78 410 564
177 178 181 274 275 276 277 278 341 342 377 378 379 380 381 398 488 489 490 795 796 835 836
196 474 488 631 632 771
177 178 181 732 733 941
50 51 52 78 132 410
377 379 520 521
436 656 657
178 179 181 732 733 941 942
178 181 700 701 703 740
99 100 101 287 470 471
44 279 280 757
10 11 12
178 179 720 727
177 178 728
531 532 809 810
509 510 511
474 488 631 632 771
177 178 179 703 724
41 43 75 199 200 201 202 203 204 205 206 207 208
4 77 323 920
177 178 181 728 729
4 40 43 52 129 130
308 318 453 454
178 895 896 897
39 40 43
1101 1102 1103 1104
276 397
44 279 755 757
88 362 694
2 4 821 823 824
722 895 913 914 915 916 917 918
78 284 321 322 410
40 52 77 110 111 371 372
177 178 181 701 702
152 153 154 1015 1016
228 324 377 379
50 78 410 564
576 577 816 817
324 377 378 379
40 52 77 437 438
44 279 757
300 461
178 181 732 733 941 942
4 40 41 43 52 73 74 77 79 131 467 468 522 539
78 409 410 467 468
20 762 763
177 178 181 252 551 552 700 703 725
50 51 132 410
103 104 105 163 164
44 45 407 408
177 179 181 728 729
530 809 810
177 178 179 181 873 874
4 52 78 371 409 446 447
44 45 293 362 363
99 100 101 312
177 178 181 701 702 740
78 284 322
26 86
177 178 179 181 715 721 722 723 730 731 734 735 736 943
177 178 181 733 941 942
44 407 408
178 179 181 1002
243 244 275 276 277 278 362 363 398 488 489 490
103 104 105 155 156
178 894
214 313
103 161 162
213 214 275 276 277 278 409
177 179 181 902
444 775
103 104 157 158 159 160
50 51 52 78 132 410 564
700 701
177 178 181 720 729
39 40 41 42 43 58 1080 1081 1082
314 315 316 636
2 177 178 181 275 276 277 278 327 328 382 383 384 385 386 469 470 471 621 622 623 624 770
178 181 702
176 177 178 179 180 181 714 716 734 735 736 737 738 943
177 178 179 275 276 277 278 338 399 400 530 531 532 700 701 702 703 725 741
136 294 671
177 178 179 181 275 276 277 278 338 399 400 531 532 700 701 702 703 725 741
177 178 181 275 276 277 278 377 378 379 398 488 489 490 700 701 702 703 770
44 45 363 569 570
103 105 911 912
228 377 378
177 178 179
536 537 538
178 181 720
68 69 576 577 833 834
451 452 453 454
177 178 179 720 902
116 117 118 766
314 315 317 637
77 438
275 276 277 278 429 709 710
275 276 278 382 383 384 385 386 547
196 488 631 632
177 178 181 732 941 942
177 178 179 874
329 330 362 363
455 614 615
137 278 711
177 178 181 701 702 726
52 78 409 410
377 378 520 521
685 687 697
178 894 895 896 897
144 145 146 147
196 275 276 277 278 379 474 475 476 488 631 632 1000 1001
177 178 179 181 251 252 552 700 703
179 181 727 902
4 40 50 51 52 78 323 410
177 178 179 181 382 383 384 385 386 700 701 702 703 725 732 741 770 873 874
292 293 308 318 482 483
444 445 775 776
26 27 195 249
44 45 362 569 570
103 104 105 934 935
177 179 181 720 728 729
2 327 328 469 470 471 821 822 823 824
4 14 16 18
40 52 77 78 131 410 467 468 523 524 990 991
177 178 179 181 382 383 384 385 386 700 701 702 703 725 732 733 741 873 874
102 103 104 105 106
177 178 179 181 275 276 277 278 338 399 400 530 531 532 700 701 703 725 741
196 632 992 993
772 1124 1125
228 324 377 378
177 181 728
322 410 633
16 18
177 178 179 181 720 729
218 219 220 221 226 227
116 118 119 533 535 591 592 593 595
177 181 732 733 941 942
137 138 139 565 566
176 177 178 179 180 181 327 328 622 623 624 714 732 733
177 178 181 701 702 703
378 379
1133 1134 1135
177 178 181 653 701 702 726
589 590
36 177 178 179 181 382 383 384 385 386 873 874 925
178 720 727
292 293 327 328 821 822 823 824
177 178 179 181 733 942
295 322 338
532 658 659
103 104 105 901 1144
177 178 179 181 275 276 277 278 382 383 384 385 386 398 399 400 488 489 490 705 706 707 708
177 178 179 181 716 722 723 735 943 1100
530 531 532 809
44 58 85 448 449
177 179 181 733 941 942
166 901
40 52 323 407 408 410
50 77 526
148 149 191 294 327 328
275 276 277 278 396 397 551 552
40 52 323 407 408
119 560
275 276 277 278 709 710
275 276 277 278 409
19 20 218 219 220 221
177 178 700 701 703 740
159 160 954 955
177 178 179 181 251 252 552 700 725
379 1140 1141
471 481 781
137 138 139 604
177 178 179 181 728 729
52 78 132 409 410
177 179 181 720 729
178 722 894 895 896 897
66 67 68 69
196 509 510 511
298 300 301 471 486 487
40 52 407 408 580
177 178 179 181 715 716 721 722 723 730 731 734 736 943
343 655
44 45 58 85 450
275 276 277 278 396 397 552
82 83 545 546
177 178 179 181
178 718 905
244 363 444 445
4 78 446 447
78 562 563
524 585 586
281 319 320
407 408 409
103 104 901 921
257 818 819 845
178 179 181 720 727 902
44 45 485 587
50 52 410 564
437 438
177 178 702 743
78 322 410
99 101 504
44 45 113 288
103 1096
45 279 280 756
177 178 179 720
362 363 520 521
177 178 179 181 434 623 624 700 701 702 703 725 770
177 178 179 181 715 716 721 722 723 730 731 734 735 736 943
23 99 100 101 213 214 312 313 409
41 43 52 73 77 131 132 468 522
177 178 181 251 551 552 700 703 725
39 41 77
52 371 446 447
411 412 413
480 781
178 181 653 701 702 726
177 743
40 43 680 1128
78 284 410
177 178 179 181 902
773 774
685 686 687 688 689
116 117 118 119 766 767
177 178 179 181 732 941
176 177 178 179 180 327 328 621 622 623 624 714 732 733
179 181 720
177 181 727
196 474 488 632
179 181 720 727
50 78 132 410
276 277 278 409
177 178 179 181 720 728
77 1111 1112
322 379 475 476 674
4 78 1033 1034
50 51 78 410
177 178 179 728 729
275 277 278 382 383 384 385 386 548
52 371 372
213 214 613
2 4 823
177 178 179 181 700 703 725 825 826 827 828 829 830 831
332 333 377 378 379 380 381 675 676 677 678 679
68 832 833 834
177 181 653 701 702 726
103 161
275 276 277 278 382 383 385 386 547
177 178 179 181 733 941
78 409 410
177 178 181 700 703 740
152 153 154
177 178 179 181 278 873
253 257 754
177 178 181 278 873 874
177 178 179 181 251 551 552 700 703
44 45 672 673
196 632 992
196 474 488 771
722 895 896 1054 1055
177 178 179 181 720 727 902
99 100 101 503 504
377 378 379 521
274 275 276 277 278 339 340 341 342 377 378 379 380 381 398 488 489 490 753 795 796
324 647 648 649
178 179 720 728 729
177 179 181 720
181 720 727 902
383 772 773 774
57 58 59 60 120 121 323 949
131 132 524 585 586
46 47 48 49
51 78 410 564
44 45 58 85 449
177 178 179 720 728 729
177 178 179 181 251 252 552 703 725
530 531 809 810
965 966
51 52 132 410
275 276 277 278 382 384 385 386 548
407 409
177 178 179 720 729
57 58
257 818 819 866 867
318 328
94 583 584
177 178 179 180 181 700 714 730 731 732 733 734 735 736
228 229 230 279 280
178 179 181 720 902
177 181 700 701 703 740
351 352 353 354
50 522
177 178 179 180 181 327 328 622 623 624 700 701 702 703 714 725 732 733 739
78 284 321 322 323 410 633
103 104 105 184 185
177 178 179 181 874
44 45 113 288 289
275 276 277 278 383 384 385 386 548
116 118 533 535 591 592 593 594 595
177 178 181 274 275 276 277 278 339 340 341 342 377 378 379 380 381 398 488 489 490 795 796
182 183
177 178 700 701 702 703 740
177 178 179 181 273 274 304 434 700 701 702 703 725 770 839 840 841 842
177 720 727 902
271 272 274 304 753 839 840 841 842
196 631 632 992 993
52 73
51 132 410
972 973
177 178 181 746
253 254 255 256 257
10 12 220
225 306 307 799 1056 1057
196 474 488 631
722 916 1159 1160
177 178 179 181 716 721 722 723 730 731 734 735 736 943
191 294 362 363
68 69 1068 1069
50 51 78 132 410
177 181 702 743
23 24 25 40 52 580 680
518 519
275 276 277 382 383 384 385 386 547
57 58 59 60 121 949
649 856 857
388 409
401 402 403 404
103 104 105 861 862 863 864 930 931
577 833
177 178 179 181 275 276 277 278 338 399 530 531 532 700 701 702 703 725 741
44 45 292 293 362 363
178 179 181
118 119 235 236 533 535 591 592 593 594 595
772 1123 1124 1125
179 720 727
44 45 283 284
177 178 653 701 702 726
10 11 12 220
45 362 363 569
177 178 179 181 251 552 700 703 725
40 149 284 387 388
68 1068
177 178 179 181 304 382 383 384 385 386 700 701 702 703 725 732 733 739 770 839 840 841 842
314 315
4 78 467
178 179 720
177 178 181 251 252 552 700 703 725
57 60 120 121 323 949
276 277 278 709 710
388 434 522
176 177 178 179 180 181 327 621 622 623 624 714 732 733
2 4 40 52 77 410
1117 1118 1119
2 821 823 824
177 181 727 902
324 1047 1049
213 275 276 277 278 409
44 58 85
196 494 495
178 181 701 702 743
103 104 934 935
177 179 181 278 873 874
177 178 179 720 728
228 378 379
177 178 720 902
456 457 479
819 865
73 74 132 777
177 179 720 727
383 772 774
177 179 720
906 907 908
50 51 52 78 323 410
179 181 720 728 729
132 410 523
308 318 614 615
118 119 559 560
215 1063 1064 1065
41 42 43 50 51 131 132 468 523 524 578 579
292 325 329 330 331
177 178 181 727
176 177 178 179 180 181 327 328 621 622 623 624 714 732 733
642 643 644
322 379 475 476
177 178 179 181 720
308 309 456 813
45 125 618
177 178 181 701 702 703 740
676 1019 1020
87 88 99 100 101 312 387 388 492 493
177 178 179 181 729
373 374
178 181 702 743
378 379 520
103 104 184 185
177 178 181 653 654 701 702 726
257 818 819 820
314 316 317 637
45 292 293 363
213 275 278 409
177 178 179 181 304 434 551 552 700 701 702 703 725 770 839 840 841 842
99 100 101 308 309 327
178 179 720 902
178 181 274 275 276 277 278 377 378 379 380 381 398 488 489 490 770 835 836
16 347 348 349 350 453 454
275 276 277 278 382 383 384 385 386 547 548
379 1136 1137 1138
222 269 491
132 409 410 525 996 997
308 318 482 614 615
275 276 277 278 382 383 384 385 386 398 399 400 488 489 490 707 708 712 713
2 3 4 821 822 823 824
5 6 7 28 29
213 214 278
453 454 472
61 62 63
228 324 378 379
44 125 618
51 215
177 178 179 181 275 276 277 278 399 400 488 551 552 700 701 702 703 704 725 741 770 873 874
40 118 119 767
52 407 408 409 410
44 45 327 328 621 622 623 624 814 815
177 178 179 181 382 383 384 385 386 700 701 702 703 725 732 733 770 873 874
136 191 294 671
270 1022
322 379 476 674
177 178 720 727 902
177 181 701 702 743
177 178 179 181 327 328 621 622 623 624 700 701 702 703 714 725 732 733 739
51 52 78 132 410
83 545 546
496 987 988 989
177 178 179 181 715 716 721 722 723 730 734 735 736 943
51 52 78 410
178 181 727 902
3 823 824
40 129 441
177 178 179 720 727 902
272 839
492 604
298 299 300 301 471 486 487
247 248
52 178 181
177 178 179 181 700 701 702 703 732 733 741 742 749
50 52 132 410
178 179 181 732 733 942
177 178 181 702 743
196 197 198
51 132 410 564
1047 1048 1049 1094 1095
40 77 371 372
177 178 727
41 1082
78 322 410 633
52 57 58 59 60 409 410 464 465 466 467 468
453 454 1105
132 300 388 463 596
149 191 294 327 328
177 181 720 727
125 126 377 378 379 380 381 675 676 677 678 679 835 836
51 78 132 410
262 263
178 179 181 720 729
50 51 52 132 410
327 621
177 179 728
104 105 184 185
179 732
841 842
4 40 41 42 43 57 58 59 60 77 79 120 121 131
104 1096 1097
4 802 803
226 234 305
51 78 410
284 437 438 646
40 564
228 324 379
275 276 277 278 382 383 384 385 548
135 136 139 371 446 447
50 51 78 410 564
196 474 631 632
23 24 25 78
275 276 277 278 382 383 384 385 386
177 178 181 701 746
116 117 533 535 591 592 593 594 595
275 278 409
131 387 468
177 178 179 181 715 716 721 722 730 731 734 735 736 943
44 45 125 618
178 179 181 727
4 40 77 323 920
177 178 181 314 315 316 317 551 552 700 701 702 703 704 726 741 744 745 747 748 770
177 178 181 727 902
363 445
850 851 852
178 179 181 728 729
213 214 276 278 409
300 315 462 463
176 177 178 179 180 181 714 716 717 718 719 720 727 730 731 732 733 734 735 736 943
181 727 902
177 178 179 181 252 551 552 700 703
439 440
40 52 1155 1156
44 755 757
177 178 179 181 382 383 385 386 700 701 702 703 725 732 733 741 770 873 874
26 649 1021
52 323 407 408
177 178 181 275 276 277 278 377 378 379 380 381 398 488 489 490 770 835 836
177 178 179 181 274 275 276 277 278 304 488 700 701 702 703 725 770 839 840 841 842
177 178 179 181 732 733 942
177 178 181 720 728
100 101 504
177 178 181 703
110 111
214 275 276 277 278 409
819 982 983 984
177 178 179 180 181 338 700 701 702 703 714 725
102 103 104 105 106 107
4 1085 1086
177 179 720 727 902
275 276 277 278 710
16 347 348 349 350
377 378 379 520 521
68 69 357 358
177 178 179 181 715 716 721 723 730 731 734 735 736 943
58 84 85 86
213 214 275 278 409
650 651 652
73 74 777
274 753
2 294
136 294
77 1111
68 69 1037 1038
99 100 101 308 312 318
496 805 806
104 105 155
278 428 430 431
129 130 131 132
136 137 561 671 1070
50 78 410
446 447
40 50 51 52 78 410
177 720 902
178 179 181 732 733 941
148 149 284
177 178 181 701 702 743
50 52 78 410
110 371 446 447
137 177 178 179 181 873 874
379 1157 1158
308 318 483 614 615
178 181 720 727
378 379 520 521
40 540 541
45 280 756
218 219 226 227 304
103 104 166 939 940
78 284 322 410 633
308 456 813
4 323 920
178 179 181 720 728
772 773 774 1123 1124 1125 1126
110 111 137 138 139 371 446 447 561
178 718 1062
78 410
2 100 287 469 470 471
78 132 562 563 564
668 669 670
77 323 920
137 138 139 177 178 179 181 192 193 366 367 873 874
228 324 378
177 178 179 181 715 716 721 722 723 730 731 735 736 943
302 303
40 77 108 109
103 104 166 1096 1097
275 277 278 409
177 178 181 274 275 276 277 278 341 342 377 378 379 398 488 489 490 700 701 702 703 795 796
531 532 810
453 472
4 446 447
43 52 441
379 475 674
177 179 181 727 902
177 179 181 720 727 902
177 178 179 181 275 276 277 278 338 399 400 530 531 532 700 701 702 703 725
627 628 629
13 14 17
78 284 322 323
926 927 928
45 125
177 178 181 701 702 747
177 178 701 702
467 639 640 764 765
136 137 191 294 671
99 482 483
401 403
4 78 410
177 179 181 720 728
87 88 99 100 101 312
177 178 179 181 732 733 941
177 178 181 720 727
179 181 720 902
914 915
178 181 700 701 702 703 740
2 4 410 564
177 178 179 181 715 716 721 722 723 730 731 734 735 736
181 720 727
87 88 363
2 52 177 178 181
178 179 181 874
178 181 727
45 58 85
177 178 181 720 728 729
99 100 101 308 309 318 327 328
178 179 181 703
177 178 179 181 733 941 942
237 238 241 876
423 424 425 426 427
944 945 946
40 118 766
178 720 727 902
177 178 701 702 743
104 900 901
40 118 119
177 178 179 181 727 902
44 45 281 282 319 320
2 99 100 101 287 469 470 471
452 453 454 472 787
213 278 409
2 4 821 823
68 69 681 682
103 104 105 861 862 863 864 932 933
177 178 181 700 701 702 740
40 149 284 388
1039 1040 1041
101 312 369
298 300 471
40 118 119 766 767
50 51 52 78 410
178 179 181 733 941 942
104 938
1009 1044
388 468
178 896
295 296 297
177 178 179 181 251 551 552 700 725
700 703
177 181 701 702
177 178 179 1002
274 275 276 277 278 304 341 342 377 378 379 380 381 488 753 795 796 835 836 839 840 841 842
103 104 166 901 921
179 181 728
51 78 132 410 564
99 100 101 312 409
177 178 179 181 720 727
177 178 181
177 178 181 700 701 703
1106 1107
176 177 178 179 180 181 327 328 621 623 624 714 732 733
530 532 809 810
275 277 278 382 383 384 385 386 547
213 276 278 409
136 137 294 671
101 287 482 483
177 178 181 274 275 276 277 278 339 340 341 342 377 378 379 398 488 489 490 700 703 795 796
177 178 179 732 733 942
103 105 184 185
308 309
177 178 702
137 139 565 566
101 504
228 284 437 438 633 646
837 838
28 38 327 328 621 622 623 624
300 314 315 461 462 463
77 323
4 40 41 42 43 52 73 74 75 76 77 78 79
377 378 379 520
26 27 249
177 179 181 720 727
103 159 954 955
131 387 388 434 468 522
222 281 282
50 51 52 410
177 178 179 181 251 551 700 703 725
87 88 99 100 101 308 309 318
50 410 571
177 178 179 181 251 551 552 703 725
177 178 179 727 902
2 52 410 564
2 40 410 564
1113 1114
43 684
244 445
116 117 118 533 535 591 592 593 595
135 136 137 138 139 191 294
78 319 320 321 322 323
44 45 58 85 448
177 178 179 181 732 733
315 316
177 178 179 180 181 327 328 621 622 623 624 700 701 702 703 714 725 733 739
26 27 58 86 1098 1099
177 179 181 1002
213 214 277 278 409
936 938
275 276 277 278 382 384 385 386 547
88 99 100 101 312 318
789 790 791 792 793 794
243 244 361
52 142 143 580
177 178 181 700 701 702 703
327 328 350 621 868
178 179 181 720
322 379 476
403 404 589 590
52 142 143
137 138 139
148 149 294 327
99 100 101 308 318 327 328 469 470 471
791 963 964
176 177 178 179 180 181 328 621 622 623 624 714 732 733
791 964
4 77 323
284 437 438
12 219 220 221
177 178 179 727
482 614
547 548 672 673
125 126 275 276 277 278 377 378 379 398 488 489 490 545 546 789
275 276 277 278 383 384 385 386 547
178 181 728
23 24 580 680
103 104 166 418 419 420 421 422
177 179 181 732 733 941 942
178 181 701 702
274 275 276 277 278 341 342 377 378 379 380 381 398 488 489 490 753 795 796 835 836
314 315 316 637
82 83 616
177 178 179 181 732 941 942
40 50 77 323 507 526 527
116 117 118 119 533 535 591 592 593 594 595
179 181 727
82 616
275 276 277 709 710
177 178 181 700 701 702
213 214 275 277 278 409
104 155
44 45 177 178 179 181 327 328 382 383 384 385 386 621 622 623 624 700 703 725 770
177 178 181 700 701 702 703 740
922 923 924
50 77 410 467 571
818 819 1129 1130
187 188 189 190 191
82 83 616 617
960 961 962
103 104 105 861 862 863 864 930 931 932 933
177 179 720 902
177 178 179 732 733 941
2 821 823
383 773 774
178 179 181 720 728 729
103 104 165 166 167 168 169 170 171 172 173 174 175
957 958 959
178 894 895 897
148 149 327 328
99 100 101 312 368 369 370
178 179 181 278 873 874
177 178 181 902
178 179 720 727 902
52 177 178 181 638 700 701 702 703 704
843 844
85 448 449
276 278 709 710
177 181 702
177 179 181 727
772 773 774 1124
228 377 378 379
298 300 471 487
177 178 179 181 252 551 700 703 725
44 45 362 363 569 570
178 179 728
177 181 720
177 178 179 181 724
181 873
44 113 289
78 132 409 410
177 178 179 180 181 327 328 621 622 624 700 701 702 703 714 725 732 733 739
177 178 181 274 275 276 277 278 377 378 379 380 381 398 489 490 770 835 836
136 561 671 1070
177 181 702 746
177 178 181 701 703 740
26 27 195 249 250
177 178 179 720 727
177 178 274 275 276 277 278 377 378 379 380 381 398 488 489 490 770 835 836
177 178 179 181 252 552 700 703 725
530 531 532 809 810
103 104 105 911 912
275 276 277 278 397 552
292 293 308 309 318 327 328
314 315 316 317
471 480 481 781
87 88 455
23 78 409
40 77 323 920
23 99 100 101 308 312 313 314 315 316 317 318 391 392
177 179 181 732 733 942
383 772 773
177 178 181 654 701 702
530 531 532 810
177 178 179 181 275 276 277 278 399 400 530 531 532 700 701 702 703 725 741
152 153 154 557 558 1015 1016
44 45 125 177 178 181 382 383 384 385 386 770
85 1041 1149 1150
298 300 301 471
177 178 179 181 275 276 277 338 399 400 530 531 532 700 701 702 703 725 741
78 371 409 447
78 284 322 410
177 178 179 181 715 716 721 722 723 731 734 735 736 943
352 354
135 136 137 138 139
177 178 179 181 720 728 729
2 177 178 181 469 470 471 486 487 770
2 470
112 113
178 181 700 701 702 703
228 324 377 378 379
379 520 521
191 294 671
975 976
177 178 179 181 728
4 78 409 410 467
177 181 274 275 276 277 278 377 378 379 380 381 398 488 489 490 770 835 836
177 178 179 181 251 252 551 552 700 703 725
298 299 300 471 487
177 178 179 251 551 552 700 703 725
791 924 963 964
103 104 105 900 901
226 227 234 304 305
103 104 105 161 162
178 718 903 904 905
219 227 304
377 378 520
177 178 179 181 1002
300 461 462 463
2 177 178 181 377 378 379 469 470 471 770 811 812
177 181 720 902
257 819 865
889 890 891
131 387 522
2 40 52 410 564
230 279 280
469 471
177 178 179 703
177 178 181 874
44 45 113 289
177 178 179 181 732 733 941 942
68 69 182 183
772 773 774
50 52 78 410 564
177 178 179 181 275 276 277 278 338 400 530 531 532 700 701 702 703 725 741
4 40 854 855
471 480 781
1042 1043
40 118 119 766
43 50 77 508
213 214 278 409
324 1046 1047 1048 1049
52 177 178 181
292 308 309
178 179 727
177 178 179 180 181 327 328 621 622 623 624 700 701 702 703 714 725 732 733
44 45 231 281 282 319 320
177 178 179 181 732 942
278 430 431
178 179 181 902
243 244 362 363 444 445
87 88 362 363 693 694 695
243 244 361 362 363
99 100 101 504
26 58 498 641
177 178 179 181 278 873 874
2 4 40 564
43 50 77 508 522
4 87 88
44 45 58 85 448 449 450
177 179 181 732 733 941
177 178 179 181 252 551 552 700 725
140 141 410
177 178 179 181 278 874
99 100 504
177 179 727
177 720 727
136 671 1070
177 179 181 703
39 40 41 42 43 77 142 143
275 276 277 278 382 383 384 385 547
4 40 77 920
179 181 732 733 941 942
78 319 320 323
1029 1030 1031 1032
314 317
177 178 181 743
176 177 178 179 180 181 327 328 621 622 623 714 732 733
99 100 101 312 388
819 984
179 181 720 727 902
177 178 179 181 727
44 45 58 85 448 450
177 178 179 181 251 252 700 703 725
2 101 287 469 470 471
482 483 614 615 821 822 823 824
50 51 52 215 216 217
44 45 293 363
177 178 181 274 275 276 277 278 377 378 379 398 488 489 490 700 701 702 703
103 104 105 936 937 938
96 97 98
177 178 179 181 700 721 722 723 730 731 734 735 736
278 429 430 431
237 238 239 240 241 242
177 178 181 653 701 702
177 178 181 702 746
178 181 720 902
344 346 443
45 281 320
177 178 181 274 275 276 277 278 377 378 379 380 381 398 488 489 490 835 836
40 43 52 129 130 441 442
275 276 277 396 397 552
177 178 179 732 733 941 942
298 299 300 301 471 487
325 329 330
377 379 520
2 4 40 410 564
278 428 429 430 431
82 83 546
177 178 700 701 702 703
82 83 371 446 447
68 69 80 81 833 834 969
177 178 181 702
2 4 823 824
195 249 250
343 344 345 346
52 73 777
257 819 865 866 867
978 979
177 178 181 720
276 277 278 382 383 384 385 386 547
178 181 720 727 902
177 178 179 181 715 716 721 722 723 730 731 734 735 943
275 276 277 278 709
52 177 178
177 181 701 743
275 276 277 278 396 397
45 292 293 362 363
