40 766 767
178 718 903 905
52 302 303
218 219 304
177 178 181 746 747
213 277 278 409
77 508
52 323 407 408 410
4 40 41 42 43 52 73 74 77 78 79 131 468 524
177 178 181 720 902
137 138 603
52 680
70 71 72
178 179 181 720 727
377 378 379
228 229 280
114 115 187 190
2 4 40 410
226 227 304
177 178 179 181 274 275 276 277 278 398 488 489 490 700 701 702 703 725 770
177 178 179 181 874 1002
774 1123 1125
1115 1116
177 178 179 181 382 384 385 386 700 701 702 703 725 732 733 741 770 873 874
4 40 50 51 52 215 216 217
176 177 178 179 180 181 327 328 621 622 624 714 732 733
50 410 467 571
159 955
178 179 727 902
314 315 316 317 637
894 897
275 276 277 409
99 100 101 122 123 124
178 718 903 1062
103 104 166 937 1139
4 87
23 100
387 388 468
218 219 226 227 234 304 305
177 178 181 700 702 703 740
178 179 181 727 902
346 1131 1132
846 847
177 178 181 732 733 942
177 178 181 701 702 746
218 219 227 304 305
177 178 720
52 110 111 446 447
177 178 181 700 702 703
722 1055
292 293 308 309 327 328
34 35 68 69
1047 1049 1094 1095
314 315 316 317 636 637
177 178 179 181 551 552 700 703 725
177 181 720 727 902
28 327
40 284 438
39 40 41 43 58
4 217
44 45 279 280 755 756 757
89 90 125 126
103 1144
177 178 181 701
4 133 134
177 178 179 181 382 383 384 385 700 701 702 703 725 732 733 741 770 873 874
10 11 12 44 45 177 178 179 180 181 338 375 376 414 415 700 703 714 725
177 178 179 181 720 902
485 587 804
177 178 181 732 733 941 942
99 100 101 308 318 482 483
103 104 166 901
547 548 672
324 377 379
177 178 181 274 275 276 277 278 377 378 379 380 381 398 488 489 490 770 836
196 474 488 631 632
137 138 139 603 604
177 178 179 181 703
528 529 683 684
2 44 45 177 178 181 327 328 382 383 384 385 386 469 470 471 621 622 623 624 770
44 281 319
262 263 264 265
177 178 179 181 703 724
40 52 302 303
52 407 408 410
2 294 588
135 136 574 575
55 56
292 293 308 482 483
660 661
347 348 350
178 718 903 904
103 911 912
149 284 388
40 119 766
789 793
40 52 438
4 40 50 51 52 78 410 564
43 245 246
978 979
177 178 179 181 715 716 722 723 730 731 734 735 736 943
4 40 41 43 52 73 74 77 79 131 467 468 522 524 539
132 300 388 409 463 596
177 179 181 720 902
177 178 720 727
52 323 407 410
44 283 284
178 718 904 905
2 99 100 101 287 470 471
177 178 181 700 701 703 740
177 178 181 720 727 902
275 276 277 278 429
77 108 109
970 971
103 104 900 901
44 284
228 377 379
560 853
40 119 766 767
52 177 181
10 11 12 218 219 220 221
23 99 100 101 308 310 311 312 313 314 315 316 317 318
131 387 388 467 468 522 523 524 525
314 315 316 317 636
177 178 181 701 743
516 517
177 178 181 274 275 276 277 278 377 379 398 488 489 490 700 701 702 703 770
542 543 544
45 281 282
56 198 631 919
177 179 181
218 219 226 304
178 179 181 724
213 214 409
177 178 181 274 275 276 277 278 341 342 377 378 379 380 381 398 488 489 490 795 796 835 836
196 474 488 631 632 771
40 52 77 371 372
177 178 179 902
177 178 181 732 733 941
50 467
436 656 657
178 179 181 732 733 941 942
23 24 40 78
10 11 12
219 226 304 305
99 100 101 287 470 471
178 179 720 727
531 532 809 810
474 488 631 632 771
177 178 179 703 724
41 43 75 199 200 201 202 203 204 205 206 207 208
177 178 179 181 382 383 384 385 386 700 702 703 725 732 733 741 770 873 874
308 318 453 454
4 409 446
474 632
1101 1102 1103 1104
213 214 276 409
40 50 526
722 895 913 914 915 916 917 918
324 377 378 379
40 52 77 110 111 371 372
177 178 181 701 702
228 324 377 379
152 153 154 1015 1016
50 78 410 564
576 577 816 817
44 45 282 319 320
40 52 77 437 438
118 119 533 535 591 592 593 594 595
45 407 408
177 181 747
44 279 757
276 277 278 429
20 762 763
131 388 434
177 178 181 252 551 552 700 703 725
52 407 408 409
179 720 727 902
103 104 105 163 164
44 45 407 408
474 771
177 178 179 181 873 874
4 52 78 371 409 446 447
177 178 181 701 702 740
99 100 101 312
347 348 349 350
103 105 937 938
117 118 119 767
40 52 407 580
275 278 396 397 551 552
508 522
243 244 275 276 277 278 362 363 398 488 489 490
103 104 105 155 156
219 304 305
103 161 162
213 214 275 276 277 278 409
177 179 181 902
103 104 157 158 159 160
99 100 312
177 178 181 720 729
39 40 41 42 43 58 1080 1081 1082
2 177 178 181 275 276 277 278 327 328 382 383 384 385 386 469 470 471 621 622 623 624 770
110 111 446 447
2 4 40 52 410 564
176 177 178 179 180 181 714 716 734 735 736 737 738 943
177 178 181 275 276 277 278 377 378 379 398 488 489 490 700 701 702 703 770
177 178 179 181 275 276 277 278 338 399 400 531 532 700 701 702 703 725 741
103 105 911 912
228 377 378
177 178 179
178 181 720
536 537 538
68 69 576 577 833 834
177 178 179 720 902
451 452 453 454
77 438
45 279 757
275 276 277 278 429 709 710
275 276 278 382 383 384 385 386 547
196 488 631 632
218 219 226 227 304 305
117 767
177 178 179 874
329 330 362 363
455 614 615
104 911 912
377 378 520 521
531 809 810
144 145 146 147
196 275 276 277 278 379 474 475 476 488 631 632 1000 1001
177 178 179 181 251 252 552 700 703
179 181 727 902
4 40 50 51 52 78 323 410
444 445 775 776
44 45 279 757
103 104 105 934 935
177 179 181 720 728 729
2 327 328 469 470 471 821 822 823 824
23 24 40 580
4 14 16 18
40 52 77 78 131 410 467 468 523 524 990 991
177 178 179 181 382 383 384 385 386 700 701 702 703 725 732 733 741 873 874
82 545 546
102 103 104 105 106
177 178 179 181 275 276 277 278 338 399 400 530 531 532 700 701 703 725 741
88 362 693
52 73 74 132 777
50 51 78 564
225 307 799 1057
228 324 377 378
292 308 327
274 304
16 18
50 51 78
177 178 179 181 720 729
368 369 370
277 278 382 383 384 385 386 547 548
218 219 220 221 226 227
387 468 524
118 119 235 236 591 592 593 594 595
137 138 139 565 566
176 177 178 179 180 181 327 328 622 623 624 714 732 733
177 178 181 701 702 703
177 178 179 733 941 942
1133 1134 1135
378 379
36 177 178 179 181 382 383 384 385 386 873 874 925
178 720 727
315 316 317 636
631 992
292 293 327 328 821 822 823 824
1058 1059
39 1080
177 178 179 181 733 942
295 322 338
532 658 659
103 104 105 901 1144
177 178 179 181 275 276 277 278 382 383 384 385 386 398 399 400 488 489 490 705 706 707 708
177 178 179 181 716 722 723 735 943 1100
530 531 532 809
177 179 181 733 941 942
87 362 693
177 179 181 874
50 77 526
148 149 191 294 327 328
40 52 323 407 408
52 77 438
260 261
100 309
275 276 277 278 409
19 20 218 219 220 221
159 160 954 955
379 1140 1141
320 321
471 481
177 178 179 181 728 729
177 179 181 720 729
50 410 564
178 722 894 895 896 897
66 67 68 69
196 509 510 511
178 179 902
40 52 407 408 580
69 833 834
118 236 533 535 591 592 593 594 595
177 178 179 181 715 716 721 722 723 730 731 734 736 943
177 178 181 703 724
2 4 40 77 410
44 45 58 85 450
82 83 545 546
178 718 905
177 178 179 181
78 562 563
177 178 181 251 252 551 700 703 725
40 118 767
103 104 901 921
137 177 178 179 181 278 873 874
257 818 819 845
407 408 409
178 179 181 720 727 902
257 818 819
44 45 485 587
99 122 123 124
99 101 504
57 58 59 60 323 949
44 45 113 288
304 839
103 1096
177 178 179 720
362 363 520 521
177 178 179 181 434 623 624 700 701 702 703 725 770
177 178 179 181 715 716 721 722 723 730 731 734 735 736 943
23 99 100 101 213 214 312 313 409
411 412 413
177 743
40 43 680 1128
4 40 43 130 131
177 178 179 181 902
685 686 687 688 689
177 178 179 181 732 941
116 117 118 119 766 767
177 178 181 747
179 181 720
177 181 727
196 474 488 632
179 181 720 727
308 454
177 178 179 181 720 728
4 78 371 409 446 447
292 293 308 309 327
77 1111 1112
103 104 163 164
322 379 475 476 674
4 78 1033 1034
275 276 277 382 383 384 385 386 548
308 309 327
50 132 410 564
275 277 278 382 383 384 385 386 548
213 214 613
103 161
177 178 179 181 700 703 725 825 826 827 828 829 830 831
332 333 377 378 379 380 381 675 676 677 678 679
68 832 833 834
157 159
177 178 179 181 733 941
177 178 181 700 703 740
152 153 154
530 531 809
2 52 177 178
27 58
1080 1082
178 903 905
4 1085
196 474 488 771
44 45 672 673
78 409 446
722 895 896 1054 1055
177 178 179 181 720 727 902
99 100 101 503 504
274 275 276 277 278 339 340 341 342 377 378 379 380 381 398 488 489 490 753 795 796
324 647 648 649
177 179 181 720
456 457
383 772 773 774
28 624
57 58 59 60 120 121 323 949
131 132 524 585 586
46 47 48 49
562 563 564
324 378 379
275 276 277 278 382 383 384 386 547
177 179 727 902
177 178 179 720 728 729
530 531 809 810
965 966
131 524 585 586
275 276 277 278 382 384 385 386 548
177 178 179 720 729
118 559 560
257 818 819 866 867
94 583 584
177 178 179 180 181 700 714 730 731 732 733 734 735 736
228 229 230 279 280
178 179 181 720 902
99 100 101 312 388 409
300 314 315 463
26 27 58 1099
131 524 525
2 177 178 181
351 352 353 354
327 821
177 178 179 180 181 327 328 622 623 624 700 701 702 703 714 725 732 733 739
78 284 321 322 323 410 633
137 177 178 179 181 278 874
103 104 105 184 185
177 178 179 181 874
44 45 113 288 289
275 276 277 278 383 384 385 386 548
177 178 181 274 275 276 277 278 339 340 341 342 377 378 379 380 381 398 488 489 490 795 796
218 219 304 305
177 178 700 701 702 703 740
177 178 179 181 273 274 304 434 700 701 702 703 725 770 839 840 841 842
271 272 274 304 753 839 840 841 842
196 631 632 992 993
972 973
177 178 181 746
253 254 255 256 257
225 306 307 799 1056 1057
52 129 130 131 132
196 474 488 631
64 65
722 916 1159 1160
292 330 331
177 178 179 181 716 721 722 723 730 731 734 735 736 943
191 294 362 363
68 69 1068 1069
275 278 429
518 519
23 24 25 40 52 580 680
275 276 277 382 383 384 385 386 547
57 58 59 60 121 949
44 45 407
649 856 857
16 349 453 454
401 402 403 404
103 104 105 861 862 863 864 930 931
243 244 361 362
177 178 179 181 275 276 277 278 338 399 530 531 532 700 701 702 703 725 741
44 45 292 293 362 363
178 179 181
118 119 235 236 533 535 591 592 593 594 595
178 903 904 905
177 178 181 701 702 746 747
300 314 315 462 463
196 474 488 631 771
4 410
179 720 727
44 45 283 284
45 362 363 569
19 218 219 221
132 586
177 178 179 181 251 552 700 703 725
40 149 284 387 388
99 100 101 312 368
68 1068
895 896 1054
177 178 179 181 304 382 383 384 385 386 700 701 702 703 725 732 733 739 770 839 840 841 842
314 315
4 78 467
178 179 720
733 942
821 822 823 824
176 177 178 179 180 181 327 621 622 623 624 714 732 733
1117 1118 1119
152 153 154 557 558 1015
177 181 727 902
4 854 855
178 179 181 703 724
324 1047 1049
43 77 508 522
213 275 276 277 278 409
2 3 4 821
196 494 495
532 659
275 276 278 409
103 104 934 935
177 178 179 720 728
177 178 720 902
228 378 379
379 1136 1137
118 119 236 533 535 591 592 593 595
456 457 479
26 27 58 1098
177 179 720 727
177 179 720
906 907 908
308 318 454
308 318 614 615
40 854 855
118 119 559 560
44 362 569 570
215 1063 1064 1065
41 42 43 50 51 131 132 468 523 524 578 579
292 325 329 330 331
177 178 181 727
177 178 181 274 275 276 277 278 377 378 379 380 381 398 488 489 490 770 835
176 177 178 179 180 181 327 328 621 622 623 624 714 732 733
642 643 644
103 104 160 954 955
52 407 408 580
177 178 179 181 720
308 309 456 813
45 125 618
177 178 179 180 181 327 328 621 622 623 624 700 701 702 703 714 725 732 739
177 178 181 701 702 703 740
87 88 99 100 101 312 387 388 492 493
676 1019 1020
218 219 227 304
177 178 179 181 729
718 903 905
68 69 1069
832 833 834
373 374
378 379 520
52 77 372
77 132 508 522
177 178 181 653 654 701 702 726
257 818 819 820
293 309 327
213 275 278 409
177 178 179 181 304 434 551 552 700 701 702 703 725 770 839 840 841 842
178 179 720 902
99 100 101 308 309 327
471 480 481
178 181 274 275 276 277 278 377 378 379 380 381 398 488 489 490 770 835 836
16 347 348 349 350 453 454
275 276 277 278 382 383 384 385 386 547 548
379 1136 1137 1138
130 131
222 269 491
132 409 410 525 996 997
308 318 482 614 615
404 590
103 900
275 276 277 278 382 383 384 385 386 398 399 400 488 489 490 707 708 712 713
2 3 4 821 822 823 824
198 631 919
5 6 7 28 29
213 214 277 409
40 77 110 372
177 178 181 653 654 726
213 214 278
61 62 63
228 324 378 379
177 178 179 181 275 276 277 278 399 400 488 551 552 700 701 702 703 704 725 741 770 873 874
4 371 409 446 447
99 100 101
99 100 503 504
40 118 119 767
52 407 408 409 410
44 45 327 328 621 622 623 624 814 815
177 178 179 181 382 383 384 385 386 700 701 702 703 725 732 733 770 873 874
103 105 163 164
270 1022
177 178 720 727 902
177 181 701 702 743
177 178 179 181 327 328 621 622 623 624 700 701 702 703 714 725 732 733 739
496 987 988 989
177 178 179 181 715 716 721 722 723 730 734 735 736 943
177 178 179 720 727 902
213 275 409
492 604
298 299 300 301 471 486 487
247 248
52 178 181
177 178 179 181 700 701 702 703 732 733 741 742 749
137 138
50 78 132 410 564
178 179 181 732 733 942
177 178 181 702 743
4 40 410 564
196 197 198
4 130 131
177 178 727
371 409 447
533 534 535
52 57 58 59 60 409 410 464 465 466 467 468
453 454 1105
132 300 388 463 596
177 181 720 727
125 126 377 378 379 380 381 675 676 677 678 679 835 836
45 281 282 319 320
178 179 181 720 729
179 732
841 842
4 40 41 42 43 57 58 59 60 77 79 120 121 131
1052 1053
4 802 803
40 564
228 324 379
275 276 277 278 382 383 384 385 548
135 136 139 371 446 447
50 51 78 410 564
196 474 631 632
23 24 25 78
1133 1135
275 276 277 278 382 383 384 385 386
177 178 181 701 746
275 276 277 278 383 384 385 547 548
275 278 409
177 178 732 733 941 942
308 318 327
177 178 179 181 715 716 721 722 730 731 734 735 736 943
177 181 700 702 703 740
44 45 125 618
178 179 181 727
4 40 77 323 920
177 178 181 314 315 316 317 551 552 700 701 702 703 704 726 741 744 745 747 748 770
177 178 181 727 902
275 276 277 429
4 40 50 51 215 217
850 851 852
314 316 317 636
213 214 276 278 409
177 181 746 747
176 177 178 179 180 181 714 716 717 718 719 720 727 730 731 732 733 734 735 736 943
177 178 179 181 252 551 552 700 703
439 440
40 52 1155 1156
177 178 179 181 382 383 385 386 700 701 702 703 725 732 733 741 770 873 874
26 649 1021
52 323 407 408
23 214
43 50 77 132 508 522
177 178 181 275 276 277 278 377 378 379 380 381 398 488 489 490 770 835 836
177 178 179 181 274 275 276 277 278 304 488 700 701 702 703 725 770 839 840 841 842
177 178 179 181 732 733 942
177 178 181 720 728
100 101 504
188 190 191
50 77 571
131 524 585
275 276 277 278 429 710
276 277 278 382 383 384 385 386 548
214 275 276 277 278 409
177 178 179 180 181 338 700 701 702 703 714 725
102 103 104 105 106 107
819 982 983 984
177 179 720 727 902
4 1085 1086
84 86
377 378 379 520 521
68 69 357 358
177 178 179 181 715 716 721 723 730 731 734 735 736 943
58 84 85 86
213 214 275 278 409
650 651 652
314 315 317 636
2 294
136 294
77 1111
87 100
68 69 1037 1038
496 805 806
87 99 100 101 312 318
87 694 695
103 104 184
50 78 410
136 137 561 671 1070
474 488 631 632
117 118 119 535 591 592 593 594 595
50 51 52 78 564
178 179 181 732 733 941
148 149 284
99 101
16 347 348 349 453
177 178 181 701 702 743
132 525
379 1157 1158
137 177 178 179 181 873 874
178 181 720 727
4 50 51 78 410 564
10 11 218 219 221
40 540 541
2 177
103 104 166 939 940
308 456 813
178 179 181 720 728
350 622
772 773 774 1123 1124 1125 1126
110 111 137 138 139 371 446 447 561
178 718 1062
321 323 410 633
44 45 58 85 449 450
177 178 179 181 383 384 385 386 700 701 702 703 725 732 733 741 770 873 874
78 132 562 563 564
668 669 670
2 100 287 469 470 471
137 138 139 177 178 179 181 192 193 366 367 873 874
228 324 378
453 454
45 279 756 757
300 471 486 487
40 77 108 109
103 104 166 1096 1097
214 275 278 409
177 178 181 274 275 276 277 278 341 342 377 378 379 398 488 489 490 700 701 702 703 795 796
275 277 278 409
292 309 327
531 532 810
278 429 430
177 178 181 700 701 740
177 179 181 727 902
177 179 181 720 727 902
177 178 179 181 275 276 277 278 338 399 400 530 531 532 700 701 702 703 725
627 628 629
13 14 17
926 927 928
45 125
177 178 181 701 702 747
177 178 701 702
467 639 640 764 765
2 410
137 138 139 603
401 403
4 78 410
177 179 181 720 728
225 306 307 1057
177 178 179 181 732 733 941
177 178 181 720 727
179 181 720 902
178 181 700 701 702 703 740
2 4 410 564
181 720 727
2 52 177 178 181
178 179 181 874
178 181 727
78 320 321 322
292 308 309 318 327
300 463
452 472 473
52 132
177 178 179 181 733 941 942
237 238 241 876
423 424 425 426 427
944 945 946
78 562 563 564
99 100 101 287
78 320 322 323
40 118 119
177 178 179 181 727 902
44 45 281 282 319 320
2 99 100 101 287 469 470 471
452 453 454 472 787
213 278 409
137 139 294
68 69 681 682
103 104 105 861 862 863 864 932 933
177 178 181 700 701 702 740
40 119 767
1039 1040 1041
58 59
40 118 119 766 767
178 179 181 733 941 942
104 938
99 101 503 504
1009 1044
4 78 409 447
178 896
295 296 297
4 40 43 129 130 131
700 703
4 40 131
274 275 276 277 278 304 341 342 377 378 379 380 381 488 753 795 796 835 836 839 840 841 842
103 104 166 901 921
179 181 728
99 100 101 312 409
177 178 179 181 720 727
177 178 181
177 178 181 700 701 703
1106 1107
176 177 178 179 180 181 327 328 621 623 624 714 732 733
530 532 809 810
292 293 309
275 277 278 382 383 384 385 386 547
213 276 278 409
4 40 43 52 73 74 77 79 131 467 468 522 524 539
308 309
467 640 764
177 178 179 732 733 942
103 105 1144
45 362
228 284 437 438 633 646
837 838
327 328 350 621 622 868
28 38 327 328 621 622 623 624
300 314 315 461 462 463
213 214 275 409
622 868
190 191
4 40 41 42 43 52 73 74 75 76 77 78 79
377 378 379 520
4 78 409
177 179 181 720 727
39 40
222 281 282
530 532 809
177 178 179 181 251 551 700 703 725
87 88 99 100 101 308 309 318
137 177 178 179 181 874
177 178 179 727 902
50 410 571
253 256
2 40 410 564
213 275 277 278 409
43 684
1113 1114
135 136 137 138 139 191 294
78 319 320 321 322 323
177 178 179 181 732 733
315 316
26 27 58 86 1098 1099
213 214 277 278 409
789 790 791 792 793 794
11 218 219
52 142 143 580
177 178 181 700 701 702 703
40 50 51 52 215 216 217
178 179 181 720
403 404 589 590
482 483 614 615 821 822
292 293 308 309 318 327
137 138 139
99 100 101 308 318 327 328 469 470 471
179 720 902
176 177 178 179 180 181 328 621 622 623 624 714 732 733
181 746 747
213 275 276 278 409
177 178 181 653 654 701 702
2 52 177 181
791 924 963
177 178 179 727
482 614
1120 1121
547 548 672 673
125 126 275 276 277 278 377 378 379 398 488 489 490 545 546 789
275 276 277 278 383 384 385 386 547
4 78 409 446
103 104 166 418 419 420 421 422
541 956
177 179 181 732 733 941 942
138 139 603
178 181 701 702
274 275 276 277 278 341 342 377 378 379 380 381 398 488 489 490 753 795 796 835 836
379 1141
177 178 179 181 732 941 942
40 50 77 323 507 526 527
116 117 118 119 533 535 591 592 593 594 595
179 181 727
132 562 563 564
177 178 181 700 701 702
23 25 40 580
213 214 275 277 278 409
104 155
44 45 177 178 179 181 327 328 382 383 384 385 386 621 622 623 624 700 703 725 770
24 40 580
177 178 181 700 701 702 703 740
922 923 924
818 819 1129 1130
187 188 189 190 191
118 235 236 533 535 591 592 593 595
82 83 616 617
177 179 732 733 941 942
895 913
960 961 962
103 104 105 861 862 863 864 930 931 932 933
177 179 720 902
177 178 179 732 733 941
181 743
148 328
137 138 139 565
178 179 181 720 728 729
304 841
103 104 165 166 167 168 169 170 171 172 173 174 175
177 178 181 702 703 740
957 958 959
196 198 631
99 100 101 312 368 369 370
177 178 181 902
40 43 442
40 118 766 767
105 1144
178 179 720 727 902
52 177 178 181 638 700 701 702 703 704
843 844
100 101 312
379 1136
177 179 181 727
23 40
228 377 378 379
177 178 179 181 252 551 700 703 725
44 45 362 363 569 570
177 181 720
177 178 179 181 724
177 178 179 180 181 327 328 621 622 623 700 701 702 703 714 725 732 733 739
136 561 671 1070
131 387 434 468 522 524
177 178 181 701 703 740
26 27 195 249 250
785 786
131 132 468 522 524 525
177 178 179 720 727
177 178 274 275 276 277 278 377 378 379 380 381 398 488 489 490 770 835 836
177 178 179 181 252 552 700 703 725
530 531 532 809 810
103 104 105 911 912
275 276 277 278 397 552
292 293 308 309 318 327 328
314 315 316 317
471 480 481 781
177 178 181 701 746 747
87 88 455
23 78 409
23 99 100 101 308 312 313 314 315 316 317 318 391 392
4 40 50 78 410 564
177 178 179 181 251 252 551 700 703
177 179 181 732 733 942
99 101 312
383 772 773
177 178 179 181 275 276 277 278 338 399 400 530 531 700 701 702 703 725 741
177 178 181 654 701 702
177 178 179 181 275 276 277 278 399 400 530 531 532 700 701 702 703 725 741
152 153 154 557 558 1015 1016
44 45 125 177 178 181 382 383 384 385 386 770
228 284 437 438
99 100 101 123
225 799
85 1041 1149 1150
343 344 655
218 219 226 304 305
68 577
177 178 179 181 715 716 721 722 723 731 734 735 736 943
129 441 442
135 136 137 138 139
177 178 179 181 720 728 729
2 177 178 181 469 470 471 486 487 770
2 470
112 113
228 324 377 378 379
191 294 671
975 976
4 40
52 407 408
177 178 179 181 728
4 78 409 410 467
177 181 274 275 276 277 278 377 378 379 380 381 398 488 489 490 770 835 836
177 178 179 181 251 252 551 552 700 703 725
528 683
791 924 963 964
103 104 105 900 901
377 378 520
103 104 105 161 162
178 718 903 904 905
178 181 701 702 746
177 178 179 181 1002
701 746 747
530 531 532
2 177 178 181 377 378 379 469 470 471 770 811 812
889 890 891
913 914 915 916 917 918
722 917
469 471
177 178 181 874
177 178 179 181 732 733 941 942
68 69 182 183
104 163 164
218 219 226 227 234 304
44 45 279
177 178 179 181 275 276 277 278 338 400 530 531 532 700 701 702 703 725 741
4 40 854 855
77 132
44 45 288
292 308 309 327 328
471 480 781
1042 1043
178 700
213 214 278 409
40 118 119 766
177 178 179 181 275 276 277 278 338 399 400 530 531 532 700 702 703 725 741
324 1046 1047 1048 1049
52 177 178 181
292 308 309
118 119 235 236 533 535 591 592 595
178 179 727
177 178 179 180 181 327 328 621 622 623 624 700 701 702 703 714 725 732 733
44 45 231 281 282 319 320
177 178 179 181 732 942
178 179 732 733 941 942
178 179 181 902
243 244 362 363 444 445
292 308 309 318 327 328
4 40 51 78 410 564
87 88 362 363 693 694 695
243 244 361 362 363
99 100 101 504
26 58 498 641
237 242
52 178
177 178 179 180 181 327 328 621 623 624 700 701 702 703 714 725 732 733 739
2 4 40 564
45 85 450
308 309 813
44 45 58 85 448 449 450
177 179 181 732 733 941
177 178 179 181 252 551 552 700 725
140 141 410
99 100 504
177 178 179 181 278 874
177 179 727
177 720 727
44 45 362 570
177 179 181 703
45 58 450
39 40 41 42 43 77 142 143
103 104 911 912
275 276 277 278 382 383 384 385 547
4 40 77 920
179 181 732 733 941 942
40 52 407 408
103 104 166 1096
1029 1030 1031 1032
388 523
314 317
522 523
177 178 181 743
176 177 178 179 180 181 327 328 621 622 623 714 732 733
135 137 138 139 191
177 181 701 702 746
819 984
179 181 720 727 902
750 875
177 178 179 181 727
275 276 277 278 382 383 384 386 548
482 483 614 615 821 822 823 824
177 178 181 274 275 276 277 278 377 378 379 398 488 489 490 700 701 702 703
103 104 105 936 937 938
96 97 98
177 178 179 181 700 721 722 723 730 731 734 735 736
237 238 239 240 241 242
177 178 181 653 701 702
196 474
103 104 1096 1097
344 346 443
45 281 320
177 178 181 274 275 276 277 278 377 378 379 380 381 398 488 489 490 835 836
40 43 52 129 130 441 442
177 178 179 732 733 941 942
195 249
275 276 278 429
0 1
2 4 40 410 564
377 379 520
278 428 429 430 431
275 278 382 383 384 385 386 547 548
52 438
82 83 371 446 447
68 69 80 81 833 834 969
177 178 179 181 252 551 552 703 725
219 227 304 305
177 178 181 700 702 740
923 924
4 78 409 410 467 468
195 249 250
343 344 345 346
257 819 865 866 867
177 178 181 720
125 126
196 474 632 771
178 181 720 727 902
52 177 178
177 181 701 743
603 604 671
275 277 429
4 40 855
772 773 774 1124 1125
275 276 277 278 396 397
50 51 410 564
135 136 574
