82 447
40 766 767
213 277 278 409
77 508
243 244 361 363
4 40 41 42 43 52 73 74 77 78 79 131 468 524
177 178 181 720 902
218 227
52 680
103 104 155 156
70 71 72
178 179 181 720 727
292 325 329
131 132 585 586
40 52 580 680
103 104 159 160 954 955
114 115 187 190
377 378 379
51 217
177 178 179 181 274 275 276 277 278 398 488 489 490 700 701 702 703 725 770
177 178 179 181 874 1002
774 1123 1125
228 324 377
790 794
1115 1116
177 178 179 181 382 384 385 386 700 701 702 703 725 732 733 741 770 873 874
4 40 50 51 52 215 216 217
78 319 320 322
177 178 179 252 551 552 700 703 725
176 177 178 179 180 181 327 328 621 622 624 714 732 733
177 181 700 701 702 703 740
159 955
314 315 316 317 637
116 117 118 119 533 591 593 594 595
275 276 277 409
99 100 101 122 123 124
178 718 903 1062
103 104 166 937 1139
4 87
23 100
218 219 226 227 234 304 305
177 178 181 700 702 703 740
178 179 181 727 902
346 1131 1132
846 847
177 178 181 732 733 942
219 234 304 305
177 178 181 701 702 746
177 178 720
166 1097
387 434 468 524
177 178 181 700 702 703
243 244 362 363 444
275 277 278 709
34 35 68 69
314 315 316 317 636 637
177 178 179 181 551 552 700 703 725
177 181 720 727 902
28 327
40 43 52 129 130 441
44 45 279 280 755 756 757
89 90 125 126
4 217
103 1144
4 133 134
137 603 604 671
10 11 12 44 45 177 178 179 180 181 338 375 376 414 415 700 703 714 725
177 178 179 181 720 902
485 587 804
99 100 101 308 318 482 483
324 377 379
177 178 179 181 703
196 474 488 631 632
137 138 139 603 604
528 529 683 684
78 321 633
257 865 866 867
262 263 264 265
213 275 277 409
177 178 179 181 703 724
718 904
40 52 302 303
2 294 588
378 379 521
135 136 574 575
55 56
177 178 179 874 1002
292 293 308 482 483
660 661
178 718 903 904
177 178 720 728 729
40 52 438
789 793
978 979
43 245 246
177 178 179 181 715 716 722 723 730 731 734 735 736 943
4 40 41 43 52 73 74 77 79 131 467 468 522 524 539
132 300 388 409 463 596
177 179 181 720 902
177 178 720 727
178 718 904 905
2 99 100 101 287 470 471
177 178 181 700 701 703 740
177 178 181 720 727 902
275 276 277 278 429
40 149 388
77 108 109
281 282 319
322 379 475 674
722 896 1054
970 971
177 181 700 701 702 703
277 278 709
5 7 29
228 377 379
560 853
40 119 766 767
116 117 118 767
177 179 720 728 729
52 177 181
4 40 51 52 215 217
379 521
10 11 12 218 219 220 221
23 99 100 101 308 310 311 312 313 314 315 316 317 318
10 11 12 220 221
214 277 278 409
131 387 388 467 468 522 523 524 525
314 315 316 317 636
177 178 181 701 743
52 73 74 777
542 543 544
516 517
177 179 181
56 198 631 919
105 156
284 387
181 703
177 178 181 274 275 276 277 278 341 342 377 378 379 380 381 398 488 489 490 795 796 835 836
177 178 179 181 275 276 277 278 338 399 400 530 531 532 700 701 702 703 741
196 474 488 631 632 771
177 178 181 732 733 941
436 656 657
178 179 181 732 733 941 942
177 178 728
10 11 12
178 179 720 727
225 306 307 799
41 43 75 199 200 201 202 203 204 205 206 207 208
177 178 181 728 729
308 318 453 454
1101 1102 1103 1104
276 397
275 277 278 397 551 552
722 895 913 914 915 916 917 918
324 377 378 379
40 52 77 110 111 371 372
177 178 181 701 702
228 324 377 379
45 407 408
276 277 278 396 397 551
576 577 816 817
40 52 77 437 438
324 377 378
557 1015 1016
20 762 763
213 214 276 277 409
371 446 447
177 178 181 252 551 552 700 703 725
179 720 727 902
103 104 105 163 164
44 45 407 408
177 179 181 728 729
315 316 317 637
177 178 179 181 873 874
4 52 78 371 409 446 447
177 178 181 701 702 740
99 100 101 312
117 118 119 767
40 52 407 580
44 407 408
178 179 181 1002
102 104 105 107
243 244 275 276 277 278 362 363 398 488 489 490
103 104 105 155 156
219 304 305
178 894
213 214 275 276 277 278 409
40 129 131
103 104 157 158 159 160
177 178 181 720 729
39 40 41 42 43 58 1080 1081 1082
328 350 622 868
2 177 178 181 275 276 277 278 327 328 382 383 384 385 386 469 470 471 621 622 623 624 770
40 52 302
914 917
2 4 40 52 410 564
40 43 52 680
176 177 178 179 180 181 714 716 734 735 736 737 738 943
277 278 429 709
177 178 181 275 276 277 278 377 378 379 398 488 489 490 700 701 702 703 770
178 181 720
177 178 179
536 537 538
68 69 576 577 833 834
177 178 179 720 902
275 276 277 278 429 709 710
275 276 278 382 383 384 385 386 547
196 488 631 632
214 276 277 409
218 219 226 227 304 305
218 226 227 304
388 596
117 767
329 330 362 363
455 614 615
137 278 711
177 178 181 701 702 726
685 687 697
144 145 146 147
196 275 276 277 278 379 474 475 476 488 631 632 1000 1001
177 178 179 181 251 252 552 700 703
324 1047 1048 1049
177 178 179 181 251 252 551 700 725
4 40 50 51 52 78 323 410
444 445 775 776
44 45 362 569 570
104 940
103 104 105 934 935
177 178 181 874 1002
177 179 181 720 728 729
2 327 328 469 470 471 821 822 823 824
4 14 16 18
40 52 77 78 131 410 467 468 523 524 990 991
177 178 179 181 382 383 384 385 386 700 701 702 703 725 732 733 741 873 874
177 178 179 181 275 276 277 278 338 399 400 530 531 532 700 701 703 725 741
52 73 74 132 777
177 178 179 181 276 277 278 338 399 400 530 531 532 700 701 702 703 725 741
228 324 377 378
177 181 728
274 304
278 428 430
177 178 179 181 720 729
218 219 220 221 226 227
275 276 382 383 384 385 386 547 548
137 138 139 565 566
176 177 178 179 180 181 327 328 622 623 624 714 732 733
327 328 621 622 623 624
177 178 181 701 702 703
196 631 632 992
1133 1134 1135
276 277 382 383 384 385 386 547 548
378 379
36 177 178 179 181 382 383 384 385 386 873 874 925
178 720 727
589 590
275 276 277 278 382 383 385 386 548
292 293 327 328 821 822 823 824
322 475
88 308
177 178 179 181 733 942
295 322 338
532 658 659
177 178 179 181 275 276 277 278 382 383 384 385 386 398 399 400 488 489 490 705 706 707 708
1058 1059
177 178 179 181 716 722 723 735 943 1100
39 1080
103 104 921
40 52 323 407 408 410
100 309
148 149 191 294 327 328
40 52 323 407 408
119 560
260 261
275 276 277 278 409
19 20 218 219 220 221
159 160 954 955
379 1140 1141
78 319 321 322 323
117 118 119 766 767
387 388 434 468
177 178 179 181 728 729
23 25
177 179 181 720 729
178 722 894 895 896 897
66 67 68 69
196 509 510 511
819 983 984
40 52 407 408 580
276 277 278 397 551 552
23 52 409
177 178 181 703 724
322 475 476 674
40 52 130
343 655
102 103 104 106
82 83 545 546
178 718 905
177 178 179 181
40 388
244 363 444 445
177 178 181 251 252 551 700 703 725
116 117 119 533 535 591 593 594 595
298 300 301 471 487
40 118 767
407 408 409
257 818 819 845
178 179 181 720 727 902
39 42 43 58 77
44 45 485 587
4 40 41 43 50 52 77 131 467 468 522 524
177 178 654 701 702 726
304 839
177 178 702 743
57 58 59 60 323 949
44 45 113 288
99 100 101 312 368 370
177 178 179 720
362 363 520 521
177 178 179 181 434 623 624 700 701 702 703 725 770
177 178 179 181 715 716 721 722 723 730 731 734 735 736 943
23 99 100 101 213 214 312 313 409
89 125 126
136 137 139
480 781
52 371 446 447
411 412 413
78 319 321 323
177 743
40 43 680 1128
177 178 179 181 902
196 631 632
685 686 687 688 689
116 117 118 119 766 767
177 178 179 181 732 941
179 181 720
77 110 111
177 181 727
215 217
196 474 488 632
179 181 720 727
507 526 527
276 277 278 409
177 178 179 181 720 728
100 312 368
118 119 235 236 533 535 591 593 595
77 1111 1112
308 309 318
322 379 475 476 674
4 78 1033 1034
275 276 277 382 383 384 385 386 548
177 178 179 728 729
99 100 101 503
237 238 876
135 136 137 138 139 371 446 447
275 277 278 382 383 384 385 386 548
379 475 476
116 117 118 766 767
103 161
177 178 179 181 700 703 725 825 826 827 828 829 830 831
332 333 377 378 379 380 381 675 676 677 678 679
68 832 833 834
177 873
25 52 680
275 276 277 278 382 383 385 386 547
178 179 181 874 1002
177 178 179 181 733 941
177 178 181 700 703 740
152 153 154
177 178 179 181 278 873
213 277 409
50 51
2 52 177 178
253 257 754
27 58
1080 1082
44 45 282
196 632 992
44 45 672 673
177 178 181 274 275 276 277 278 377 379 380 381 398 488 489 490 770 835 836
722 895 896 1054 1055
99 100 101 503 504
177 178 179 181 720 727 902
377 378 379 521
274 275 276 277 278 339 340 341 342 377 378 379 380 381 398 488 489 490 753 795 796
324 647 648 649
178 179 720 728 729
177 179 181 720
40 323 507
456 457
181 720 727 902
177 178 181 654 701 702 726
383 772 773 774
57 58 59 60 120 121 323 949
46 47 48 49
407 408 409 410
324 378 379
275 276 277 278 382 383 384 386 547
243 244 363 444
177 178 179 720 728 729
275 276 277 278 396 397 551
965 966
275 276 277 278 382 384 385 386 548
407 409
177 178 179 720 729
57 58
257 818 819 866 867
213 275 276 277 409
213 276 277 409
94 583 584
177 178 179 180 181 700 714 730 731 732 733 734 735 736
228 229 230 279 280
178 179 181 720 902
99 100 101 312 388 409
482 483 614 615 821 823
178 179 874 1002
2 177 178 181
351 352 353 354
50 522
327 821
78 284 321 322 323 410 633
103 104 105 184 185
177 178 179 181 874
44 45 113 288 289
275 276 277 278 383 384 385 386 548
178 181 654 701 702 726
177 178 181 274 275 276 277 278 339 340 341 342 377 378 379 380 381 398 488 489 490 795 796
177 178 179 181 251 252 551 703 725
78 319 321 322
177 720 727 902
177 178 179 181 273 274 304 434 700 701 702 703 725 770 839 840 841 842
182 183
271 272 274 304 753 839 840 841 842
196 631 632 992 993
52 73
972 973
177 178 181 274 275 276 277 278 377 378 379 380 381 398 488 489 770 835 836
253 254 255 256 257
488 631
225 306 307 799 1056 1057
196 474 488 631
64 65
722 916 1159 1160
177 178 181 1002
177 178 179 181 716 721 722 723 730 731 734 735 736 943
191 294 362 363
68 69 1068 1069
177 181 702 743
518 519
23 24 25 40 52 580 680
44 45 407
237 240
649 856 857
388 409
78 321 322 410
401 402 403 404
103 104 105 861 862 863 864 930 931
177 178 179 181 275 276 277 278 338 399 530 531 532 700 701 702 703 725 741
44 45 292 293 362 363
178 179 181
118 119 235 236 533 535 591 592 593 594 595
137 138 139 566
177 178 181 701 702 746 747
89 90 126
322 475 674
179 720 727
44 45 283 284
132 586
40 149 284 387 388
99 100 101 312 368
189 190 191
52 77 437 438
177 178 179 181 304 382 383 384 385 386 700 701 702 703 725 732 733 739 770 839 840 841 842
177 178 181 251 252 551 552 703 725
213 276 277 278 409
314 315
178 179 720
88 99 100 101 308 312
177 1002
176 177 178 179 180 181 327 621 622 623 624 714 732 733
1117 1118 1119
300 388 409 596
152 153 154 557 558 1015
4 854 855
324 1047 1049
40 323 407 408
292 293 482 483
213 275 276 277 278 409
276 277 409
178 181 720 728 729
196 494 495
87 309
532 659
177 178 179 720 728
50 51 52 132 564
16 347 348 453 454
177 178 720 902
228 378 379
324 648
456 457 479
409 463
177 179 720 727
40 52 408 580
177 179 720
906 907 908
179 181 720 728 729
308 318 614 615
118 119 559 560
215 1063 1064 1065
41 42 43 50 51 131 132 468 523 524 578 579
292 325 329 330 331
177 178 181 727
177 178 181 274 275 276 277 278 377 378 379 380 381 398 488 489 490 770 835
176 177 178 179 180 181 327 328 621 622 623 624 714 732 733
642 643 644
235 236 533 535 591 592 593 594 595
322 379 475 476
177 178 179 181 720
308 309 456 813
45 125 618
177 178 179 180 181 327 328 621 622 623 624 700 701 702 703 714 725 732 739
177 178 181 701 702 703 740
87 88 99 100 101 312 387 388 492 493
177 178 179 181 729
213 214 276 277 278 409
676 1019 1020
218 219 227 304
373 374
293 309 318
77 132 508 522
136 139 191
177 178 181 653 654 701 702 726
257 818 819 820
40 52 77 110 372
314 316 317 637
45 292 293 363
177 178 179 181 304 434 551 552 700 701 702 703 725 770 839 840 841 842
117 118 766 767
178 179 720 902
178 181 274 275 276 277 278 377 378 379 380 381 398 488 489 490 770 835 836
16 347 348 349 350 453 454
275 276 277 278 382 383 384 385 386 547 548
379 1136 1137 1138
222 269 491
132 409 410 525 996 997
308 318 482 614 615
39 58 77
103 900
275 276 277 278 382 383 384 385 386 398 399 400 488 489 490 707 708 712 713
2 3 4 821 822 823 824
213 214 277 409
5 6 7 28 29
44 125 618
453 454 472
61 62 63
228 324 378 379
300 315 645
40 52 1156
177 178 179 181 275 276 277 278 399 400 488 551 552 700 701 702 703 704 725 741 770 873 874
284 437 438 633
77 467 571
40 118 119 767
44 45 327 328 621 622 623 624 814 815
177 178 179 181 382 383 384 385 386 700 701 702 703 725 732 733 770 873 874
270 1022
177 178 720 727 902
322 379 476 674
177 181 701 702 743
177 178 179 181 327 328 621 622 623 624 700 701 702 703 714 725 732 733 739
231 281 282 319 320
496 987 988 989
177 178 179 181 715 716 721 722 723 730 734 735 736 943
104 157 158 160
177 178 179 720 727 902
213 275 409
492 604
298 299 300 301 471 486 487
247 248
52 178 181
177 178 179 181 700 701 702 703 732 733 741 742 749
149 191 294 328
50 51 564
178 179 181 732 733 942
177 178 181 702 743
196 197 198
4 130 131
1047 1048 1049 1094 1095
40 507 527
387 434 468 522
100 503
177 178 727
371 409 447
349 350 454
533 534 535
52 57 58 59 60 409 410 464 465 466 467 468
453 454 1105
177 181 720 727
125 126 377 378 379 380 381 675 676 677 678 679 835 836
262 263
178 179 181 720 729
104 155 156
177 179 728
179 732
841 842
4 40 41 42 43 57 58 59 60 77 79 120 121 131
1052 1053
243 363 444 445
4 802 803
789 790 793 794
228 324 379
275 276 277 278 382 383 384 385 548
196 474 631 632
40 52 580
179 181 874 1002
23 24 25 78
100 287 482 483
275 276 277 278 382 383 384 385 386
40 407 408
177 178 179 181 715 716 721 722 730 731 734 735 736 943
44 45 125 618
178 179 181 727
4 40 77 323 920
177 178 181 314 315 316 317 551 552 700 701 702 703 704 726 741 744 745 747 748 770
177 178 181 727 902
850 851 852
178 179 181 728 729
176 177 178 179 180 181 714 716 717 718 719 720 727 730 731 732 733 734 735 736 943
118 119 236 533 591 592 593 594 595
177 178 179 181 252 551 552 700 703
439 440
40 52 1155 1156
213 613
177 178 179 181 382 383 385 386 700 701 702 703 725 732 733 741 770 873 874
26 649 1021
23 214
43 50 77 132 508 522
177 178 181 275 276 277 278 377 378 379 380 381 398 488 489 490 770 835 836
177 181 720 728 729
177 178 179 181 274 275 276 277 278 304 488 700 701 702 703 725 770 839 840 841 842
177 178 179 181 732 733 942
177 178 181 720 728
188 190 191
300 301 471
177 178 181 703
110 111
214 276 277 278 409
901 1144
276 277 278 382 383 384 385 386 548
819 982 983 984
177 178 179 180 181 338 700 701 702 703 714 725
102 103 104 105 106 107
4 1085 1086
177 179 720 727 902
178 181 728
1033 1034
377 378 379 520 521
68 69 357 358
177 178 179 181 715 716 721 723 730 731 734 735 736 943
58 84 85 86
650 651 652
103 104 166 921
2 294
77 1111
87 100
68 69 1037 1038
99 100 101 308 312 318
496 805 806
50 77 467 571
278 428 430 431
136 137 561 671 1070
474 488 631 632
229 279 280
58 85 450
105 163
177 720 902
178 179 181 732 733 941
137 561 671
177 178 181 701 702 743
110 371 446 447
137 177 178 179 181 873 874
44 45 279 280
379 1157 1158
196 474 631 632 771
178 181 720 727
2 177
40 540 541
218 219 226 227 304
103 104 166 939 940
78 284 322 410 633
461 462
178 179 181 720 728
350 622
772 773 774 1123 1124 1125 1126
110 111 137 138 139 371 446 447 561
99 100 101 308 318 482
178 179 181 252 551 552 700 703 725
177 178 179 181 383 384 385 386 700 701 702 703 725 732 733 741 770 873 874
78 132 562 563 564
668 669 670
137 138 139 177 178 179 181 192 193 366 367 873 874
148 149 294 327 328
228 324 378
453 454
99 469
302 303
40 77 108 109
103 104 166 1096 1097
275 277 278 409
177 178 181 274 275 276 277 278 341 342 377 378 379 398 488 489 490 700 701 702 703 795 796
453 472
177 179 181 727 902
177 179 181 720 727 902
177 178 179 181 275 276 277 278 338 399 400 530 531 532 700 701 702 703 725
40 149 387 388
627 628 629
13 14 17
926 927 928
45 125
177 178 181 701 702 747
177 178 701 702
467 639 640 764 765
39 40 43 58 77
2 4 77 410
44 407
2 410
136 137 561 1070
178 654
177 179 181 720 728
101 123
87 88 99 100 101 312
100 101 503
177 178 181 720 727
177 178 179 181 732 733 941
179 181 720 902
178 181 700 701 702 703 740
2 4 410 564
40 407 408 580
181 720 727
2 52 177 178 181
178 181 727
178 718 904
177 178 181 720 728 729
178 179 181 703
135 139
177 178 179 181 733 941 942
237 238 241 876
423 424 425 426 427
944 945 946
40 118 766
722 895 896 1054
178 720 727 902
137 561 1070
856 857
5 29
40 118 119
177 178 179 181 727 902
44 45 281 282 319 320
2 99 100 101 287 469 470 471
452 453 454 472 787
104 161 162
68 69 681 682
103 104 105 861 862 863 864 932 933
177 178 181 700 701 702 740
40 149 284 388
277 278 409
1039 1040 1041
40 52 142 580
58 59
40 118 119 766 767
177 179 874 1002
243 361 362 363
1009 1044
178 896
295 296 297
4 40 43 129 130 131
700 703
177 181 701 702
177 178 179 1002
4 50 51 215 216 217
274 275 276 277 278 304 341 342 377 378 379 380 381 488 753 795 796 835 836 839 840 841 842
78 319 322 323
103 104 166 901 921
179 181 728
4 40 51 215 216 217
44 45 292 293 362
177 178 179 181 720 727
177 178 181
177 178 181 700 701 703
160 954
1106 1107
176 177 178 179 180 181 327 328 621 623 624 714 732 733
77 410 467 571
2 4 40 77
292 293 309
275 277 278 382 383 384 385 386 547
177 178 874 1002
177 178 181 274 275 276 277 278 339 340 341 342 377 378 379 398 488 489 490 700 703 795 796
177 178 179 732 733 942
103 105 1144
45 362
228 284 437 438 633 646
837 838
24 25 40 52 580 680
327 328 350 621 622 868
28 38 327 328 621 622 623 624
300 314 315 461 462 463
4 40 52 215 216 217
177 178 179 180 181 328 621 622 623 624 700 701 702 703 714 725 732 733 739
622 868
4 40 41 42 43 52 73 74 75 76 77 78 79
377 378 379 520
177 179 181 720 727
78 319 320 321 322
222 281 282
530 532 809
177 178 179 181 251 551 700 703 725
87 88 99 100 101 308 309 318
1123 1124 1126
177 178 179 727 902
78 132 563
1113 1114
118 766 767
213 275 277 278 409
43 684
135 136 137 138 139 191 294
78 319 320 321 322 323
177 178 179 181 732 733
315 316
26 27 58 86 1098 1099
177 179 181 1002
213 214 277 278 409
936 938
789 790 791 792 793 794
11 218 219
131 132 388 434 522
177 178 181 700 701 702 703
178 179 181 720
403 404 589 590
52 142 143
39 1082
177 179 181 252 551 552 700 703 725
137 138 139
791 963 964
99 100 101 308 318 327 328 469 470 471
179 720 902
176 177 178 179 180 181 328 621 622 623 624 714 732 733
329 363
177 178 181 653 654 701 702
2 52 177 181
177 181 874 1002
177 178 179 727
772 773 1124 1126
1120 1121
547 548 672 673
125 126 275 276 277 278 377 378 379 398 488 489 490 545 546 789
275 276 277 278 383 384 385 386 547
119 235 533 535 591 592 593 594 595
104 166 921
40 43 52 130 441
58 323
103 104 166 418 419 420 421 422
541 956
138 139 603
178 181 701 702
274 275 276 277 278 341 342 377 378 379 380 381 398 488 489 490 753 795 796 835 836
44 45 292 293
314 315 316 637
82 83 616
177 178 179 181 732 941 942
40 50 77 323 507 526 527
116 117 118 119 533 535 591 592 593 594 595
179 181 727
137 561
275 277 278 396 397 551
177 178 181 700 701 702
104 155
44 45 177 178 179 181 327 328 382 383 384 385 386 621 622 623 624 700 703 725 770
177 178 181 700 701 702 703 740
922 923 924
818 819 1129 1130
187 188 189 190 191
895 913
82 83 616 617
275 276 278 382 383 384 385 386 548
960 961 962
103 104 105 861 862 863 864 930 931 932 933
177 179 720 902
177 178 179 732 733 941
40 408 580
181 743
383 773 774
178 179 181 720 728 729
148 328
649 857
304 841
103 104 165 166 167 168 169 170 171 172 173 174 175
957 958 959
196 198 631
178 894 895 897
148 149 327 328
99 100 101 312 368 369 370
78 321 322
40 118 766 767
105 1144
178 179 720 727 902
52 177 178 181 638 700 701 702 703 704
137 138 139 191 294
843 844
85 448 449
40 52 142 143 580
177 181 702
137 177 178 179 181 873
379 1136
177 179 181 727
228 377 378 379
177 178 179 181 252 551 700 703 725
44 45 362 363 569 570
178 179 728
177 181 720
177 178 179 181 724
181 873
44 113 289
177 178 179 180 181 327 328 621 622 623 700 701 702 703 714 725 732 733 739
177 178 181 274 275 276 277 278 377 378 379 380 381 398 489 490 770 835 836
292 327 328 822 823 824
26 27 195 249 250
785 786
177 178 179 720 727
177 178 274 275 276 277 278 377 378 379 380 381 398 488 489 490 770 835 836
177 178 179 181 252 552 700 703 725
530 531 532 809 810
103 104 105 911 912
314 315 316 317
292 293 308 309 318 327 328
471 480 481 781
322 379 475
293 821
103 163
27 1098
23 99 100 101 308 312 313 314 315 316 317 318 391 392
177 178 179 181 251 252 551 700 703
177 179 181 732 733 942
40 284 387
383 772 773
177 178 179 181 275 276 277 278 338 399 400 530 531 700 701 702 703 725 741
177 178 181 654 701 702
177 178 179 181 275 276 277 278 399 400 530 531 532 700 701 702 703 725 741
152 153 154 557 558 1015 1016
44 45 125 177 178 181 382 383 384 385 386 770
178 181 874 1002
225 799
177 720 728
772 774 1125
85 1041 1149 1150
68 577
298 300 301 471
177 178 179 181 715 716 721 722 723 731 734 735 736 943
26 27 58 1098 1099
135 136 137 138 139
132 388 409 463
177 178 179 181 720 728 729
2 177 178 181 469 470 471 486 487 770
2 470
112 113
178 181 700 701 702 703
228 324 377 378 379
298 299 300 301
137 191 671
975 976
40 52 77 372
177 178 179 181 728
177 181 274 275 276 277 278 377 378 379 380 381 398 488 489 490 770 835 836
177 178 179 181 251 252 551 552 700 703 725
528 683
344 346
132 463
791 924 963 964
103 104 105 900 901
103 104 105 161 162
178 718 903 904 905
45 292 293 362
177 178 179 181 1002
701 746 747
300 461 462 463
2 177 178 181 377 378 379 469 470 471 770 811 812
257 819 865
889 890 891
177 181 720 902
323 408
82 371 447
469 471
177 178 179 703
44 45 113 289
177 178 179 181 732 733 941 942
68 69 182 183
104 105 1144
177 178 179 181 275 276 277 278 338 400 530 531 532 700 701 702 703 725 741
4 40 854 855
44 45 288
178 700
471 480 781
1042 1043
40 118 119 766
324 1046 1047 1048 1049
52 177 178 181
218 227 304
178 179 727
177 178 179 180 181 327 328 621 622 623 624 700 701 702 703 714 725 732 733
44 45 231 281 282 319 320
177 178 179 181 275 276 278 338 399 400 530 531 532 700 701 702 703 725 741
177 178 179 181 732 942
99 100 101 287 469 470 471
45 283
45 292
243 244 362 363 444 445
24 40 52 580
87 88 362 363 693 694 695
26 58 498 641
387 434 468
40 507 526
52 178
275 276 277 278 397 551
177 178 179 181 278 873 874
308 309 813
44 45 58 85 448 449 450
177 179 181 732 733 941
177 178 179 181 252 551 552 700 725
116 117 118 533 535 591 593 594 595
140 141 410
137 561 671 1070
177 179 727
177 178 179 180 181 327 328 621 622 623 624 700 701 702 703 725 732 733 739
177 720 727
44 45 362 570
179 720 729
137 191 294 671
177 179 181 703
39 40 41 42 43 77 142 143
116 117 118 119 591 592 593 594 595
103 104 911 912
40 52 407 408
178 942
1029 1030 1031 1032
314 317
177 178 181 743
176 177 178 179 180 181 327 328 621 622 623 714 732 733
451 453 454
179 181 720 727 902
750 875
177 178 179 181 727
177 178 179 181 251 252 700 703 725
482 483 614 615 821 822 823 824
275 276 277 278 382 383 384 386 548
177 178 181 274 275 276 277 278 377 378 379 398 488 489 490 700 701 702 703
103 104 105 936 937 938
96 97 98
177 178 179 181 700 721 722 723 730 731 734 735 736
237 238 239 240 241 242
40 43 130
647 648
153 154 1016
178 181 720 902
344 346 443
177 178 181 274 275 276 277 278 377 378 379 380 381 398 488 489 490 835 836
40 43 52 129 130 441 442
177 178 179 732 733 941 942
52 438
278 428 429 430 431
82 83 371 446 447
177 178 700 701 702 703
68 69 80 81 833 834 969
177 178 179 181 252 551 552 703 725
923 924
177 178 181 702
275 276 277 278 429 709
177 179 181 874 1002
343 344 345 346
177 178 181 720
125 126
178 181 720 727 902
275 276 277 278 709
52 177 178
177 181 701 743
50 77 508 522
292 293 308 309 318
44 45 292 362
275 276 277 278 396 397
40 52 372
2 99 100 469 470 471
