0,1,2,3,4,5,6,7,8
8,9,10,11,12,13
7,14,15,16,17,18,19,12,20,21,22,23,24,25
26,27,28,29,30,31,1,32,33
34,35
36,1,24,5,37,38,39,40,4,41,42,43,44,45
46,47
9,48,49
50,51,52,53,54,55,56,57,45,58,59,60,61
62,58,63,64
65,66,58,67
68,7,45,4
69,70,71,72
2,73
74,75
20,62,76,77,60,78,79,80,81,58,54,82,67,23,66,83,4,84,85,86,87,88,26,89,1,90,64
62,91,92
80,93
94,93,48,72,26,95,96,97,98,99,100,73,101,102,103,104,105,7,106
107,108,109,110
111,110
112,113,114,115,100,116
73,117
118,1,4,119,120,8,121,122,21
123,124,125,126,110,127,128,129,130,99,131,96,132,133,134,135,136,137
138,139
140,46
141,126,142,99,143,110,98,144,137,145,146
147,148
57,149,150,151,152,153,154,148,155,58,156,157,158,159,62,77,160,84,161
162,140,163,164
165,164,73,166
167,84,168,58,169,160,151,170
171,110
172,8,173,6,45,122,174,175,176,1,119,4,5,7,23
66,7,46,137,151,140,177,148,178,179
55,180
181,182,183,184,185,26,186,187,188,40
189,190,191,192,193,48,29,194,195,196,95,27,197
198,199,62,58,200
201,202,27
203,164
93,204,205,65,206,207,208,80
191,129
209,100
210,140,211
78,212,213,214
40,84,215,151
29,73,216,217,167,218,212
46,219
220,73,186,80,96,221,101,27,222,223
1,224,42
225,226,54,227,81,228,229,65,230,231,232,212,93
71,233,234
235,84
203,72,114,100,236,237,33,164,238
69,110,73,212,109,140,104,239,96,46,7,77,29,240,45
241,57
65,242,243,53,106,244,205,66,80,93,207,245
246,247,248,164,95,249,121
250,12,92,81,7,8,61,160,77,5,93,1,251,67,51
54,252,253,254,255,256,212,52,229,93,257,258,225,259,205,230,106,81,228,80
255,66,257,52,225,205,60
260,77,261
62,262,148,263,40,151,5,204
264,93
265,73
266,80,242,267
268,140,269,73,114,221,270
271,270
272,43,189,273,12,274,238,95,275,67,276,26,73,135
277,278,279,221,190,29,103,49,97,209,280,191,48
183,40,281,17,282,26,186
236,140
140,212,133,283
226,228,212,284,93,259,285,52,286,55,229,207
240,287,140,220
288,55,52,289,290
60,291,29,97,62,101,220,93
238,184
292,26
293,294,295,129,296,137,99,110
297,186,7,43
298,46
299,300,101,301
98,49
141,136,302,294,110
303,58
225,304
305,42
295,74,135,143,137,124,306,294,293,307,308,110,309,310,98,311,312,313,129
228,214,212,314
315,58,316,57,200,84
1,110,62,280
42,160,122,317,26,52,5,318,319,80,320,43,274,45,321,205,322
323,45
19,321
324,73,325,287
326,327,179,116,328,164,33,329,100,203,47,330
92,77,331
110,332
86,333
7,203,334
335,77,262
270,336,337,130,110
72,211,338,339,340,101
323,341,81,342
343,344,345,281,17,346,347,348,292,22,26,349,40
110,194,221,134,350
351,352,140
29,209,195,201,97,190,48
314,91
40,174
240,110,92,353
354,19,355,281
342,54,257,57
79,110,314,356,207
140,101,69,357
140,186
293,110,144
358,62,91
114,33,359,100
274,45,360,23
75,361,96,362,134,363,135,98,143,273,364,365
366,230
4,367,297,290,7,12,1
329,368,369,370,101,114,371,69,372
270,373,29
374,49,364
375,205,255
271,237,376
377,73
89,305,37,378,379,380,381,20,382,292,383
55,384,62,255,54,385,160,386,212,228,81,155,58,84,77
387,388,48,29,191
110,137
240,73
23,92
389,390,391,392,270,287,27,298,240,29,140,338,110,73
393,160,307,394,255,395,396,397
228,93,1,160,52
398,399,195,387,27,270
81,208,358,26,148,342,93,77,21,400,7,401,214,84,402
403,342,207,37
404,405,19,382,406,407,1,23,12,4,7,8,408,343
409,265,396,301,410,411,412,46,73,413,350
151,414,212,84
4,172,1,7
84,415,416,314
164,114
417,62,80,151,418,93,215,419,65,160
117,46,225,140,420,73,21,421,74
110,422,141
399,423,196,189,195,424,201,104,425
140,426,54
23,121
427,125
287,240,220,411,428,140,73
289,24
62,57,148
101,223
45,409,247,140,46
346,429,360,430,5,93,241,52,431,87
432,329,73,215,140,201
433,233,434,114,203,100
435,436
437,140
438,160,439,52,440
55,441,151,228
143,249,329,140,137,221,73,110,442
73,201,277,359
443,143,134,444,312,445,446,96,123,125,135,74
202,447,448,398,27
338,449,114,450,71,451,452,453,454,115,33,211,100,237,203,101
186,276,26,455,17
456,457
107,458,113,459,364,46,460,95,49,110,73,114
156,77,461,148
130,99,462,29,270
200,463
81,58
23,4
464,29,97,221,190,465
182,110,140,466
57,93
293,314,110
110,101,411,467
468,97,373,29,141,110,392,74
32,157
77,160
435,469,151,470,172,274,471,67,58,8,207,84,12,40,23,24,1,205,65,472,77,473,26,474
364,294,110,48,475,203,189
46,476
110,129,477,313,478,137
479,480,481,482,483,387,104,177,27,189,196,484,447,270,485
122,140,2,486,276
487,71,62,110,100,230
128,488
489,255,93,267,244,65,80
40,15,354,276,37,490,491,492,493
97,280,425,494
239,66,242,495,65,255,496,497,384,206,207,498,499,386,243,253,489,500,93,80,501,205,502,503
504,505,506,94,287,507,352,508,298,105,509,220,510,351,511,512,476,428,513,240,324,140
514,223,101
201,447,515,516,202,271,27,517,425,518,270
329,33,210,519,164
29,520,249
521,32,227,257,7,23,522
523,33,330
84,212,57,93,77,262,524
240,272,423,110,460
287,525
97,209
27,399,177,195,526,479,447,515,527,104,424
100,73,148,67,513
528,101
529,220,530,412,101,275,352,73,506,109,140,325
2,43,45
157,51,261,67,88,155,32,158,531,532,160,148,533,77
338,460,69,101,71
534,55
172,122
140,505,223,476,164,535
195,536,537,145,110,114,73,390,140,240,29
317,26,155,521,261,205,5,538,539,540,24,367,541
211,190,110,542
110,48,220,413
212,93,499,384,430
45,247
26,99,101,280,543
406,62,544,4,77,160,438,3
545,546,26,148,547,66,289,548,199,4,84,431,549,550,7
355,40,41
358,160,67,62,148,551,417,151
547,505,17,140,95
182,552,26,538,355,186,40,292,553,181,554,17,281,555,556,44
4,26,557,212
137,558
184,491
221,27
74,137
225,207,54,559
29,114
560,561,158,26,435,7,93
23,562
211,73,240
201,280,190,97,48,95,563,110,29,564,96
173,122,36,1,7
140,33,565,270,566,236,96,435,84,144,29,212,98,26,121,383,67,114,73,355,255
567,77
322,89,15,345,292,349,184,42,568,569,493,378,405,188,348,37
570,240,476,571,140
154,417
572,573,137,49,574,135,29,48,123,98,97,190,141,575,171,110
383,8
338,179
492,576,577,139,64,578,316,67
579,311,307,580,364,123,581,582,143,443,583,98,584,74,135,361,96,374,392
84,29,585,220,483,586
345,470,160,46,73,4
1,292
140,114
587,348,405,491,588,20,37
77,67
69,589
429,578
489,255
160,77,151
73,46,137,233,409
135,114,140,145,28
223,211
6,102,5,241,21,590,591,383,121,592,345,554,547,593,1,354,594,288,174,469
535,46
538,595,184,26,40,348,596,186,15
270,201
97,110,29,350,597,571,27
26,20,24,121
183,186
580,96,392,432,143,123,135
241,598
172,151
186,1,67,18,172,274
52,93
599,547,51,6,600,518,601,140
409,506,602,73
43,603,77,4,84,1,212,91
290,91,256,52,54,493,252,7,77
27,29
604,297,4,7,45,605,68,1,426
114,606
287,607,460,220,33,329,100,608,164,73,114,140,535,609,610,340
255,547,4,7,1
611,140,109,612,73
156,84
270,527,27,479
613,295,96,451,599,201,140,209,101,35,99,110,73,164,46,49
164,614,139,212,140
212,54,81,80,90
49,534
355,383,615,616,617
618,619
110,62
293,133,583
270,29,388,191,353,141,195,110
48,58
65,205,80,207
95,480,191,399,270,583,49,143,110,390,29,108,35
110,130,620
547,90,281,5,239,172,57,148,62,68,20,58,155
409,163,46,73,240,140
411,73,220,350,409
27,29,621
51,555
135,280,190,293,96
29,95
622,71,28,433,299,33,211,114,164,275,523,101,238,589
46,73,240
140,48
295,623,624
625,110
239,55,225
227,228,626,52
406,627,628,39,629,630,241,276,7,121,631,3,632,37,633,344,172
40,378,322,186,354,634,595,552,26,355,379,577
355,228,40,3,26,42,207,22,91,93,5,122,21
457,294,99,635,636,637,144,133,296,110,137
212,254,540,80,638
639,160,51,1,245,52
311,98,445,362,392,134,583,640,641,219,642,96,364,143,123,135,427,643,74
160,164,270
62,51,644,212,93,200
205,140
400,215,160,497,90,32,207,84
645,646
354,615,26,17,22,321
148,647,160
411,100
398,221,483,294,515,35,110,127,29,189,49,480,191,48
498,54
9,24,241,648
12,173,2
97,140,67,65,133
649,1,4,23
409,437
561,159,62,160,155
292,650,383,3,276,37
123,651,392,99,171,110,143,137
140,266,7,254,226,151,143,531,205,110,29,111,652,160,653
629,241,547,654,655,1,23
656,220,428,505,287,506,437,240,140
270,465
205,51,65
225,148,65,657
48,190
658,659
72,449,100,660,203,101,661,112,662,557,663,164,211,33,233,114,664,69,330
45,24,1,539,665,666,650
40,667,562,343,6,7,23,435,218,349,175,176,379,17,341,14,241,26,4,37,297,408
21,102,4
150,226,65,668,212,669,58,52,160,213,77,93
572,373,583,670,240,77,671,110
137,110
29,672
163,673,409,410,609,674,675,46,412,411,676,677,166,73
363,135,678,563,310,143,679,137,145,75,98,125,110
164,431,48,140,27,680,61,524,240,29,514,681,110,73,114,682,121
190,74,96,99,143,49,293
683,95,221,191,48,29,97,190
684,24,239,205,685
362,73,505,164,220,240
97,272,95
48,461,1,686,201,427,43,635,51,45,302,62,687,172,52,81,542
1,2,43,4,5,24,276,14,688,594
209,95,277,670,689,395,191,190,29,48,49,690,97
221,222,691,202,48,35,520,29,49,270,517,201,190
692,476,220,140
32,151,160,67,77
203,693,69,211,694
140,237,33
89,20,474,593,695
32,164
379,12,84,489,696,40,431,43,556,697
410,54
80,3,77,53,62
140,57,563,191,46,279,611,119,510,698,160,117,448,557,699,255,700,101,126
135,423,459,33,280,236,48,95,49,270,428,73,110,359
501,239,59,473,229,93,251,701,80,208,430,702,375,205
135,74,145,249,635,141,27,516,703,387,134,146,278,35,96,48,191,124,110,29,189
65,200,704
705,706,29
65,80,341,43,707,281,214,12,40,151
155,84,160,57,62
143,708,137,110,293
411,114,46,287
590,22,322,565,355,709,89,378,382,710,383,87,379,474,37,491,492,20,616
155,246,51,148,644,160,67,262,32,532,151,77
711,46,370
712,182,713,26,276,185
109,350,73,46,409
20,714,187,318,715,5,241,716
624,110,123,134,293,296,310
717,348
355,565
54,65
431,207,56,52,718,225,227
719,351,504,324,720,721,476,505,706,537,298,571,105,94,117,287,140,240,722,220
186,40,723
117,73,359,329
296,29,97,189,49,96
140,400
724,612,413,409,73,692
249,277,192,97,221,190,191,573,34,280,725,29,95,48,49
175,709,52
255,205
726,727,186,728,347,729,40,185,182,276,26,730
731,140,45,73,110
732,42
222,516
140,706,270,144,114
29,733,270,49,734,444,99,735,110,95,137,141
179,100,736,203,327,737,114,237,236,164,530,329,33,523
729,186
140,73,287
611,73,140,100,476,46,211,275
225,40,102
383,1
3,80,458,67,110,114
451,338,72,101,69
122,241
738,735,563,516,270,739,137,110,73,96,291,49,189,191,240,144,29,140,109
35,75,160
160,32,67,148,419,77
101,33,73,275
331,740
96,72
284,232,741,598,680,227,52,60,742,228,81,212,225,314,214
205,309,451,21,188,17,195,431,133,151
26,220
499,229,207,257,93
516,35
20,89,185,4,2,379,122,26,241
236,706,658,743,409,140,100,664,298,350,359,101,372,114,744
155,151,303,167,314,52,242,212,669,431,199,745,93,77,205,51,225,267
287,746,140,409
110,99
29,97,27,517,747,190
748,84,749
140,750
2,65,647,93,751,23,52,73,172,241,26,289,140,752
110,143,144,137
84,77
658,130
42,493
195,219
433,110,753,601
24,12
122,26
155,551
29,195,99,73,409,137
202,145,516,445,735,515,48,190,270,563,75,196,221,392,525,110,137
203,110,738,140
220,513
62,140,205
262,754,617,84,225,755,756
322,383,344,42,346,274,438
190,388,49,29,272,221
45,4
57,92,63,77,67,62,148
207,55
62,258,141,93,74,455
201,195,48,249,190,27,29,209,189,221,387,391,757,388,758,95,759,447
760,285,52,761,559,207,93
99,643
97,209,762,277,29,48,759,190
490,40
164,763,29,5
140,136,110
148,151,242,55,62,58
102,406,650,764,40,186,67,93,84,765,7,60
117,112,110,211,240,766,433
140,101,189,646,767,73,752
524,221,201,431,193,768,29,46,7,286,26
99,270,74,621,620,739,96,221,27,137,110,107,757,769,98,517,462,128,29,111
137,541,276,556,110,591,46,84,207,4,770,107,294
155,160,156,548
771,358,660,554,261,164,49,140,772,137,773
110,130
219,74
191,171
335,707,774,775,668,551,169,417,82,764,486,776,770,777,63,765,749,778,779,86,235,780,756,781,91,401,782,57,748,58,199,783,751,784,92,159,84,200,62
100,376
122,323,9
24,785,186,482,200,110,355
27,96,73,190,310,786,787,122,164,46,62,65,390
203,101
158,566,788,51,67,155,77,148,768,151
563,96
37,12,121
140,329,73,789,523
100,110
77,2,417
270,195,48
790,101,791,460
1,3
792,369
77,155
697,776,119,55,182,1
1,80
200,358,199,774
154,566
552,40
140,476,240,513,73,793,409
203,383,792,794,148
421,151,795
225,67,685,205
796,797,233,69,72,223,275,211,101
77,49
209,29,411,164,270
48,209
110,798,454,101,203,69,97,135,27,409,72,140,109
254,225,80,65,93,227,502
121,799,297,23
800,352,706,240,140,73
110,73
219,801
26,802,803,490
65,319,27,57,112,110
114,804,805,806
45,46
497,67
114,329,807,523,28,808,100,203,164
23,97
441,348,52
491,378
86,276
46,73,659,394,599,109
411,73
379,23,695,5,383,26,639,1,3,43,7,809,4
808,810,164,114,736,811,812
353,46,73,240,220,140
196,482
813,4
52,227
1,5,43,83,4,24
255,65,16,21,12
8,23,367,1,0,814,6,289,5
54,225
2,46,5,129,110,29,6,49,289
45,492,815,4,7,552,26,43,816,40,799
224,122,632,297,1,817,7,5,439,4,818,102
240,711,528
40,4,23,7
547,5,730,24,727,40
255,98,96,143
756,385,77
35,270,27,425,424
819,347,26,276
814,240,141,820,534,73,110,456,254,626,93,220,151,164
355,628,20,382,184
200,154,160
58,151
91,158,64,199,524,57,151,160,77,62
151,821
497,229,59,755,207,669,501,80,255,822,239,823,257,489,824,702,65,825,93,205,503
140,382,220,95,52,29,122
292,826
354,19,40,816
144,409,5,382,255,114
4,71,121,151,409,293,237,444,135,653,58,827,110,24,43,270,828
160,98,4,137,761,354,67,203,95,100,135,29
23,37,45,829
140,352,739,100
272,189,830,171,202,831,270,35,27
521,79,139,24,832
212,207
45,39,68,8,21,833,9,650,5,547,119
210,329,328
324,834,412,140
190,564
835,671
216,344
836,73,135,140,506
293,26,280,21
205,829,186,578
240,46,301,409
8,837
160,73
164,437,519,220,797,409
832,240,615,62,122,1,838,212,20,52,140,73,110,565,4
632,839,164,101,113,1,254,12,189,29,215,81,833,73,110,275
293,506,137,611,69,516,667,151,62,191,110,93,298
195,270,424,97,35,49,134,387,48,443,635,840,110,29
547,1,40,24,7,2,182,347,241,841,21
46,411,73
5,842,122,1
778,775,58,333,335,843,199,64,740,782,57,200,315,91,62,84,748
383,379,382,188
57,186,84
255,55,52,205,212
499,286,566,768,60,200,51,81,212,32,844,91,65
93,845
355,600,379,846,292
62,160,358
314,414,358,499,54,486,84,429,847,545,228,212,354,2,848,67,122,21
658,294
355,62,7,84,471,32,849,52,1,850,160,23
143,277
48,851,336,29,411,370,270,27,287,71,563,114,73,110,145
55,199,110,844,160,62
405,538,8,68,15,83,45,404,4,40,23,323,547,122,241,26,20,186
552,345
852,409,164,240,49,528,73
270,797,437
140,46,73
209,97,270,135,99
240,110,853,225
602,677,411,140,240,854,409,287
12,26
270,201
538,728,354,855,41,183,829,729,186,856,40,26,17
52,252,200
257,501
237,236
140,95
857,100,858,442,27,114,99
411,308,830
93,255
5,650,121,406
29,571,280,834,114,73,110
49,191,95,190
29,23,156,565,46
859,280,114,100,220,860
653,191
135,861,239,272,1,46,706,516,212,447,225,186,220,5,390,515,287
92,204
456,201,518,221,517,395,209,190,271,249,95,424,280,97,48,29
1,205
96,134,74
310,96,477,137,110
647,644,160
96,223
342,191
4,182,241,26,832,8,121,122,547,2,184,102,17,288,40
73,516,862,287,196,96
863,93,241,852,864,39,189,99
27,109,23
493,58
836,430,865,414,866,207,205,267,80,93,59,242
1,839,867,140,212,868,122,133,49,514,262
240,140
73,29,409
307,99,49,190
476,537,746,352,298,140,506,220
741,93,228,742
110,293
241,110,100
156,647
386,845,259,54
730,205,857,93,335,2,101,1,145,225,140,528,26,275,638,46
576,29,84
164,73,201,395
191,49,670,190,48
700,611
151,152,577,186,5,227,156,23
73,830,52,383
793,233,270,869,703,515,771,287,583,46,73,110,870,201,478,47,871,140,29,97,219,101
872,873,69,411,114,233,164,46,140,100,350
196,189,190,209,29,171
417,91,235,58,62,84
101,449,874,114
255,499
587,89,491,22,42,405,355,565,380,349,184,20,569,18,381,15,382,348,188,710,383,875,617
3,1,323,6
12,247,23,24,7,79,122,43,632,1,818,4
203,241
212,207,257,67,227,52,91,314,205,51,160,148,385,215,774,199
160,493,215,114,290,97,109,370,148
7,556
40,409,148,190,241,687,518,287,405,135,100,220,77,29,876,449
877,39,594,297
557,339,660,69,233,238,514,211
81,82,65,5,878,205
73,117,329
29,480,270,879,516,689
29,110,494
57,431,314
205,101,542,74,437,240,338
201,134
52,880
262,224,144,77,516,881,867,882,706,211,98,883,73,382,277,569,254,490,100,195,884,4
329,797,164,372,237,557
137,49,73,270
52,751,225,848,749,58,81,84,207,77,93,200,153,62,151,55,215,255,91,205,51,63
164,516,270,287,324,564,411,140,733,114,557,144
148,78
96,97,29,48,527,209,46,141,353,190,100,49,140
72,885,140
49,211,820,91,73
886,73,220,560,49,887,26,255,27,287,157,97,539
97,29,48
45,888,547,119,121,8
429,547,889,5,199,114,73,239,80,207,212,140,135,241,141,190,148,1,29
207,24,119,26
69,101,890,891,47
205,501,314,52,225,93,212,255,80,228,207,429,742,375
226,91,65,62,77,160,58,80,207,264,57
656,409,892,140,767,46,287,720,73
321,829,26,282
84,58
338,372,451,101,211
646,893,29
696,547,172,1,7,4
110,189,310
80,257
117,71,29,49,46,110,324
160,32,67
511,612
96,143
352,602,287,476,437,298,721,656,612,722,220,240,543,506,140
438,492,832,600,379
141,293
409,189,694,101,785
689,280,462,97,195,465,894,49,27,29
32,148,77,160
396,140,752
239,80,266,257,251,258,822,65,499,253,205,895,825,59,207,93
24,212,20,122,67,160,26,547,84,565,503,587,255,81
40,29
43,648,378,40,896,1,281,241,24
29,26
201,897,392,73,100
196,482,447,270,516,27,518
140,270,48,29,513,73
409,350,240,411,140,73
191,270
267,77
889,199,62,200,764,58,91,57,358,774,84
20,321
212,414,284,638,52,65,849
23,209,101,483,77,516
137,110
40,1,547,629,898,7
423,424
52,227,215
1,91,148,54,23,317,59,155
240,506,140,411,612,476,885,720,73,46
476,117,140,611,528,324,513,240,73,899,287
151,148,160,84
191,233,146,101,33,156,62,287,207,163,375,0,725,140,151,110,3,77,74,354
900,901,413,325,46,287,140,571,73,114
564,137,110,96,140
884,99,252
488,83,650,699,21,547
155,77,160,151
160,77
93,882
212,749,62,81
3,73,23,355,69,164,151,310,140
476,140,240
164,73,287,409,807,433,140
29,902,411,424,298,903,191,140,558,270,310,904
110,137,95,107
196,221,110,99,97,29,129,189,49,74,293,270,271,195,135,280,137
216,220,27
905,74
240,114
52,151,67,62,152,647
110,490,241,270,205
101,431,812
160,84,718,155,82,91
220,73,112
163,437,513,350,46,675,220,394,721,512,165,287,411,410,676,476,73,510,140
4,906,12,241,439,665,7,21,122,629,0,341
516,123,364,96,137,477,110,195,190,49
29,209
140,298,409,29,35,827
411,409
142,137,110
110,907,137
115,211,410,396,240,908,71,233,220,114,73,409,140
429,29,77
550,566,262,889,62,160,909,315,158,51,749,756,67,263,57,200,77,156,84,151,148
808,164,203,33
219,98,110
160,81,848,62,239,207,148,225,430,93,200,761,647,549,151,205
35,411
644,77,342,43,566,2,199,60,814,727
220,422,910,49,108
199,237,26,29
911,338
148,257,55,57,37,314,687,241,151,207,4,52,912,93,68
913,854
286,431
73,171,137,742,40,49,84,96,211,254,55,676,476,270
141,277
201,831,195
352,140,411,914,537,73
135,636,96,74,110,293,137,621
73,93,825,375,364,2,838,70,134,915,140,98,916,531,642,54,32,830,65,298,192
67,219,221,338,110,378,196
878,696
917,541,918,426,919,716,915,24,23,122,627,7,4,818,799,174,1
547,7,23,45
365,95,93,140,23,29,97,110,114,65,387,920,383,393,165
77,84
189,447,272,515,196,107,527,516,734,398,270,423,462,201,195
739,641,98,143,135,306,219,74,96
57,156,419
160,151
175,489
137,130,110,29,99
35,758
556,20,19,634,321,292,40,712,565,491,538,555,383
409,676,505,240,33,191,114,110
101,47
212,429
921,409,511
409,922,706,74,476,240,29,49
422,293
923,155,160,67,151
164,737
89,58,7,863,501
110,279,564,387,144,285,706,455,140
32,160,5,200,532,66,379,418,207,924
67,205
140,84
21,3,655,547,925,667,420,544
259,215,314,926,252,54,227,920,225,681,81,228,284,230,578,55,212,52
54,225,212,52,559,55
635,2
927,293,100,192,271,411,95,143,29,137,110,73,48
270,859
220,46,928,110
74,929,97,646
437,140
229,93,255,207,242
191,190,98
930,155
156,255,378,314,93
11,8,654,45,633,5,174,594,122,7,172,4,24,23,1,241
115,236,100
84,67,57,64,551,160
5,847,81,254,56,32,358,24,67
190,99,29,110
52,91
411,33,706,272,703,73,466,530,164
437,46
694,506,721,505,409,301,203,240,140
140,345,476,48,151,240,931,97,62
932,350
156,240,5,52,43,175,130,137,8,107,933,255,237
310,934
241,186,469,556
135,840,642
790,72,236,935,101,338
29,156,73,936,275
77,160,84,67,155
48,830,29,272
937,314,328,294
29,73
68,77,93,52,322
43,4,1,45,5,630
137,110,635
240,140,73,510,287
129,468,137,110
220,313
757,110,209,29,397,191,272,222,387,48
93,843,232,342,55,78,847,58,155,65,148,51,284,57
613,160,95,287,73,409,847
820,48,191
80,430,206,205,257
938,46,767,73,411
326,583,54,747
9,67,274
56,566,167
45,715,547,545,8
160,155,84
52,200
379,438
122,7
48,307,58,99,125,186,21,7,46,939
411,1,196,35
55,77
541,383,539,40,429,4,1
464,69
212,250,205,65,431,267
24,322,940,8,292,941,175,17
942,547,93,77
253,57,62,920,239,943,84,81,261,151,499,92,56,255,77,93,205,51,67,160,225
114,450,140,602,329,338
101,100,557,164,523
26,172,121,699,348,405,83
23,12,184
944,917,594,4,174,906,241,7,79,12,24,23,172,176,2,1,297,122
945,29,135
287,507
946,73,140,503,696
947,225,160,57
566,417
259,23
226,7,67,767,141,191,435,185,73,493,205
40,1
143,137,271,444
29,52,46,599
270,759
236,114,694,661,451,100,203,101
802,95
403,151,148,160,56,51
117,144,467,287,73,220,362,140,137
148,321,241,7,382,24
333,200,57,58,561,91,551,84,62
59,93,824,702
155,51,77,225,547
270,307,294,459,295,280,110,49,387,191,948
4,137
46,240
151,77
264,778,207,228
8,21
29,97
636,110
29,201,270,195,479,95,48,110,96,671,936,219,98
401,160,77,200,57,84,32
102,289
58,381,188,1,5,93,4,250
182,23
137,772,201,29,190,480,110,209
190,270,48,110,27,387,785,96,177,221
354,122,942,8,1,594
383,22,949,345,186
43,83,7,23,24,4,630
634,706
220,378,73,114,482,750
96,46,564,772,706,137,114,110,646,721,482,69,97,451
67,164,100,114
229,151,7
240,706,140,410
96,144,30,74,134,135,444,397,130,141,145,296,124,137,392,110
46,240
46,29,223
57,314
125,836
1,43,7,950,45,9,24
99,886,110
98,951,99,336,293,137,75,110,143,144
29,201,518
277,952,189,516,190,270,35,48,423,515
77,228,276
97,95,101,84,49,411,849,205,862,36,27,48,93,46
137,582,195
732,547,556,414,84,93,77
5,175,122,1,7
52,227
330,100,444,820,110,295,178,233,164,46,236,476,33,116,428,220,101,280,140,144
306,953,35,95,364,558,280,97,637,96,646,270,190,143,49,110,99,137,483,30,445,29,134
650,717,323,878,9,3,8,406
314,65
509,240,220,324,954,437,612,140,287
257,245
134,221,29,135,195,278
134,144,125,392
477,134,392,74,141,130,96,123,111,125,144,135,137,110
529,164,33,411
46,410,659,409,411,240,706,140,325,611,542,73
74,293,416,62,759,125,37,96,455,17,182,166,195
164,114
838,140,505,164,46,240,449,542,100,928,73,114,101,800
352,476,921,140,409,220
868,140,117
73,110,7,257,394
114,100
426,2,955,942,174,547,20,40,21,382,182,7,956,289,1,5
65,255
143,74,307
936,110,905,195
65,740
8,472,26,121,17,156
101,451,338,589,71,211,238,874,368,69,957,70,275,72,449
110,140,69,160
7,20,413,886,306,65,74,23,144,95
114,84
289,627,122,4,648
81,227,742,205,847
239,255,540,152,58,228,93,77,212,67
148,659,98
29,97,201,270,191,757,527
563,275,160,200,958,835
60,81,29,194,96,164,134,64,501,588,647,402,683,129,204,959,55,73,114,600,140,48
26,241,547,42,960,122,729
608,706,287,324,351,117,476,870,220,240,535,105,140
383,918,323,22,23,24,172,173,884,26,43,715
469,106
150,205,7,52,20,81,102,419,65,212,148
660,599,140,506,450,114
101,508,73,100
96,240,48,547,629,207,1,212,512,307,109,517,233,447,819,101
122,7,24
135,125,144,29,646,520,280,110
78,547,370,552,301,269,499,49,829,240,77,117,110,73,617
407,102,815,961,472,121,45,5,686,139,8,547,21,68,9,289
189,35,409,164
902,164
409,505,109,140
23,594,547,289,4,6,7
49,101,205,207
29,143,100,769,77
373,387
42,726,348,276,26
137,324
275,164
67,148,77,160,151
117,721,352,428,240,287,140
411,73,29
77,80,507,186,944,170,517,12,306,962
7,160
49,680
409,932,140,287
963,23,876,37,906,45,940,40,1,119,633,5,43,26
54,231
24,23
99,293,310,137,110,141
65,207
135,424
65,52,26
73,437,599,287,140
318,45
140,240
81,479,412,785
4,21,629,241,24,3,43,7,5,1,963
315,57
129,126,293,96,295,74,135,110,137
627,964,591
140,100
306,134
4,172
401,62,566,151
160,67,551
29,73
900,965
1,121
195,29
60,93,205,80,81,212
140,110
7,560,122,426,1,24,23,121,555,320,5,4,435,26,45
93,257,966,160,2,598,967,698
15,182
577,438,968,188,182,941,26,408,538,321,378,22,631
84,618,80,51
338,664,791,162,101,370,969
