0,1
2,3,4,5
6,7,8,4,9,10,11,12,13,14,15,5,16,17,18
9,19
20,21,22,4,18,23,24,16,25,26,8,27,28
29,11,30,26,31,32,33,34,35,36,37,38,18,39,40
41,39
42,43,44,0,45,46,47,48,49,50
51,52,53,54,15,39,41,55,36,56,57,58,59,60
61,62,63,18,64,25,22,65,66
67,68,69,70,38,71,6
25,72,73
74,75
76,77,78,79,22,80,16,27,81
82,83,84,85,86
87,88,89
90,8,91,18,92,39
93,94,95
55,96,97
12,98,42,99,100,92
101,39
102,103,5
104,105,106,107,108,100,48,49,109,42,99,110,45,111,112
113,26,4,18,25,114,115,116
106,117,118,119
120,121,122,123,124
125,126,30,84
127,128,56,129,77,130,124,131,132
15,5,133,134,84,31,135
8,136,42
59,137,15,138,139,36,39
83,140
141,131,3,58,142,55,102
25,37,23,12,86
143,113,144,145,132,8,146
18,25,4,147
36,148,149,13,25
150,151,152,118,119,153,154,155,92,7,156,157,158,13,12
129,159,5
15,39,160,139
161,162
163,52,5,164,145,75,36,165,95,66,166,132,4,39,93,25
167,30
39,18
136,102,168,169
71,40,170,171,172,173,174
171,175,176,177,84,178
93,15,129
136,179,180,181,75
25,182,75,22,143,183
184,154,42,185,121,140,186,85,88,0,187,188,118,83,38,92,189
190,56
191,34,192,193,194,190,195,196,72,95,197,93,198,56,57,199,139,200
201,202,203,204,205,36
38,206,42,207,208,85,88,209
210,84
211,187,17,101,212
56,5
175,213,214,215,216,217,218,219,148,220,221,83,222,17,223,224,123,225,226,227,124,228,84,229
39,56,103
230,188,70,37,231,232,233
234,146,235
236,121,132
4,132,25
72,34,237,238,239
4,240,241
166,242
243,193,244,5,192
18,39,245,246,247,79,16
124,224,170,161
248,84,249,161,250,251
0,7,252
0,41,161,72,253,254,255,256,257
0,41
258,6,259,230,260,261,262,263,264,30,265,171,88,37,167
6,83
224,148,161,189
266,143,132
243,267,39,268,93
173,48,269,0,270,271,107,109,272,273,100,274,42,275
276,16
36,5,230,95
145,181
4,18,8,277
278,16,279,280,4,276,25
92,46,178
10,281,25,132,4
18,282,4
283,129
284,88,106,209
285,132,22,4,286
100,45
287,25
171,16,88,83,148,0,15,4,199,288,42,39
25,289
85,84,290,199,88,18,291,192,292,4
83,86
293,294,4,5,124,18,39,42
129,295
209,296,297,88,38,84,99,298,299
138,39
42,300,13,154
301,27
72,39
54,116,107,271,302,303,124,4,282,304,270,84
161,305,148,261,224,306,307,30,126,37,154,308,38
13,161,126,175,104,148,309,291,310,173
166,311
154,107
192,41,205,39,5,4,312,131,18,102,313,93
314,132,315,25
83,85
316,231,13,155,317,102,209,318,319,37,154,18,175,25,255,224,241
27,320,97,39,22,2,59,143
74,143
230,26,321,140,63,322,323,161,42,1,324,264,312
325,0,92,120
25,326,18
212,327
328,230,329,330,99
331,197,193,95,72,192,93,200,198,196,56
12,13,92,332,154,7,152
257,11,75,146
5,333
269,42,107
334,4
33,56,95,97,132,243,72,335,336,2,318,75,4,8
337,338,339,30,270
25,340,18
341,342
59,10,11,4,343,79,113,344
36,4,79,345,27,181
241,346,2,181,10,75,74,146
83,347,230,85,84
348,349
36,116,350
54,205,129,351,36,5,342,142
197,190
352,67,38,353
354,36,355,116
356,111
186,357,82,358,148,224
255,323
359,360,262,88
7,177,155,361,13,362,118,363,364,365,152,252
215,86,249,217,84,366
367,36,154,368,171,2,369,315,25,142,83,12,18,30,71,370,95
39,257,24,371,132
372,373,374,129
333,131,375,376,377,378,379,55,351,380,36,205,5,295,129,381,102,142
148,351,260,38,18,291,19,382,4,143,383,384,385,5,123,386,42
123,121,387,388,357,120
371,18,136,132,315,257,4,389,181,74,390,25,27,2,75,391,392,393,16
224,124,84
131,394,351
42,395,396,48,180
12,84,397,398
38,399
88,38,210,19,6,400,13,401,402,403,148,404,172
39,93,56,405,34
85,314,222,406,349,407,140,408,19
357,373,409,84,186,17,291,19,124,229,148,410,411,83
93,237,412,413,414,367
183,415,390,136,389,290,416,303,29,143
154,158,329,417,13,294,6,100,308,209,413,171,233,418,396,99,275,70,177
124,217
419,222,288,314
243,18,15,420,166,257,39,3,41,25,143,421
422,339
276,25,30,39
262,12
423,424,425
270,12,209,426,396,1,107,427,236,37,98,13,0,188,88,92,428
93,8,343,132,129,237,5,429,290,16
121,9,213
430,86,431,124,123,84,432
433,434,59,75,228
171,100
120,85
132,435,39,436,54,437
438,54,439
13,401
29,334,84,85,440
297,18,17,129,0,441,442,443,83,39,360,16
209,444,2,249,11,442,336,59,30,56,18,17,154,445
131,5
148,19,387
262,38,6,330,30,446
447,448,449,351,450
451,2
452,5,36,142
93,39
181,453,114,91,18,285,146,454,25
72,205
115,16,27,132,455,456,22,18,4,457,25
243,356,458
39,83,17,25,290
67,459
3,36
85,7
100,460,42,461
462,39,463,56,4
83,84,385,17,464,148
212,465
145,38,25,17,59
25,164
41,131,466,39,142,32
4,18,116,27
37,467
417,154,209,362
39,2,261
192,56
188,328,231
8,468
469,175,470,224,84,471
85,146,144,37
15,472,25,92,36,399,193,126,32,27,18,91,144,473,12,215,231,8,282
474,155
475,195
219,123,476
4,285
215,255,323,17,84,186,161,83,477,211,126,224
478,83,92,228,0,85,479,252,173,19,230,480,42
284,262
215,224,84,369
4,85,481,39,482
18,25,4
367,42
483,85,0,124,484,485,330,158
102,13,4,41,486,129,5,487,27,18
423,441,297,84,17
304,100,22,3
353,30,87,71,0,488,489,37,490,42,12,472
0,188,491,110,42,427
39,391,255,16,492,493,209,461,489,494
136,18,25,257,495,128,77,147,146,290,16,4,27,2,22,345
70,38,310,119
386,496,451,75,146,145
161,224
181,497,303,2
15,129,277
288,83
18,277,276,343,455
218,498
336,457,132,351,381,56,499,198,93,500,501,39
224,502,249,86,126,124,310,84
30,262,38
41,59,503,436,504,505,506,507,103,356,492,15,508,304,39
137,39
86,186,509,510,224
174,17,126
511,512
41,95,39
84,513,310,514,515,255,516,126,148,124
110,42,31,49,517
231,37,175,398,155,465,100,92,226,85,84,357,352,323,229,489
506,224
518,519
492,142,72
0,155,13,42,361,367
39,166
520,56,521,59,129,435,93,320,39
17,120
328,339,230,357
154,152,42,332,329,522,106
523,15,257,129,22
524,38,264,186
343,18
2,290
310,224
525,4,39,6,36,86,146
526,39
527,39
262,528
339,37
151,186,529,6,42,155,188
58,530,137,129
347,126
107,106,42
399,181,27,39,257,531
273,339,38,358,532,144,25,533,75,534,535,5,32,536,15,40,16,204,26,139
505,350,34,537,95,102,342,41,142,39,93,56
15,492
538,368,409,357,231,88,13,358,119,42,12,7,224
278,181,539,282,2
270,373,424,85,502,207,13,230,42
44,45
297,124,442,540,154,86
541,233
542,17,126,352,273,543,544
155,367
534,276,27
545,27
262,546,547,276
18,143
548,126
25,549,66,74
389,29,2,550,346,551,181,10,75,290,146
552,38,446,209
36,179,129,553,84,224,554,6,144,132,283,13,113,555,313,495
63,132
539,257,74,181
27,276,556,22,557,163,285,500,558,164,559,286,16,64,560,144,132,116,169,26,91,18,25,8,4,501,561
119,54,10
359,233,427,37,88
562,37
39,427,482
5,102,356,137,242,95
84,385,83,17,224,211,388
559,22,77,501,563,564,565,566,285,27,20,81,567,568,318,91,16,343,276
290,455,88,407,384
569,188,37
503,336,3,39
64,276
224,370
517,570,13,188
17,571,85,200
124,357
572,116
39,573,200
161,88
290,148,146,400,18,29,37
95,290,74,115,56,237,131,169,492,72,574,39,4
85,575,17,576,577,19,83
578,211,221,579,351,257,39,276,88,175,580,277,74,332,126,64,581,117,435,84,121,119,230,547
582,6,37,88,442,583
584,585,83,396,13,226,170,37,150,586
587,338,399,262,0,154,400,88
368,288,210,588,293,211,408,19,321,85,101,83,228
400,398,589,119,590,89,13,591,6,155,592,593,485
594,72,25,505,56,234
126,84,148,215
260,595,596,352,422,179,209,383,38,264,171,67,6
450,37,597,177,30
524,140,598,599,213,83,224,502,299,162,514,148,327,402,409,382,600,601,602,124,603,123
604,377
212,74,8,230,605,95,139,151,270,231,423
75,257,27,4,245,143,437,606,132,290
118,262
110,270,1,99,607,107,108,269,367,0,608,441,100,46,42
288,588,609
84,85
136,117,597,84,505,83,132,209
171,489,610,199,257,6,39,88,441,611,29,5,551,154,416,25,612,533,360
84,398,83
109,348,541,42,82,119,446,85,37,126,88,613,400,224,614,123
244,615,34,18,192,616,617,25,351,618
25,100,93,231,154
619,55,197,145,270,261,18
140,369,255,502,83,126,17,620,120,621,175,148,84,622,623
37,624,625,118
614,626,104,84
146,550
86,627,224,357,628,148,423,250,471,323,514,82,124
36,320,230,143,18,29,615,25,62,629
297,13,38,230,49,367,270,400,630,631,632,42,12,633,262,37
161,148
279,113,634,617,144,147,164,8,4,25,18
142,18,262,267,132,505,2,255,635,137,636
287,197,39,205,142,192
597,135,18,30,154,38,398,46,100
39,428,36,116,55
260,179,339,262,38,6
171,613,637,185,291,267
25,4
85,437,512,27,42,638,36
218,363,230,423
16,257,2,143,132,512,639,18,4,640,26,25,343,164,641
83,228,85
92,398
138,39,95,93,36,59
4,545,2,25,18,16
97,131,129,354,351
642,148
104,155
344,15,151,4,18,39,497,319,191,55,185
643,132,199,342,482
32,244,54
65,571,143,433,146,644,181,645,183,145,290,2,315,646,257,241,550,75,29,647,447,11,74
648,131
228,161
649,451
110,27,650,4,102,37,74,526
25,651,237,55,257,67,232,83,432
652,582,261,209,6,653,232,353,427,37,70,555,654,171,30,88,188,547,230,655
4,650,18
19,177,171,129
4,656
41,295,287,380,93,657,166,39,15
331,15
13,154,270,7,151,12
658,181
18,25,16,497,4,74,257
244,36
659,660
661,16,303
171,228,224,212,84,662,430,83
64,663,113,164,66,132,4,318,18,8,664,665,22,556,23,116,115,25,16,114,666,545
76,114,557,666,27,116,8,16,276,132,340,25,277,667,18,4
668,215,296,669,86,126
383,284
520,15
84,670,148,86,671,385,211
16,18
672,209,461,118
88,188
36,205
6,305
13,92,267,488,171,100
186,22,84,15
36,5,131,283,142,673,331,354,341,674,3,505,33,375,56,41,15,492,39,72,351
675,166
129,676,394,131,137,36,677
56,466,72,59,573,678,93,492,103,679,331,39
200,304,680,93,142,244
634,8,18,506,276,75
681,16,25,27,682,495,79,143,455,113
683,15
130,142,131
190,237,684,194,436,572,193,41,39,72,492,199,685,95,93,59,197
18,39,356,140,37,131
5,136,686,74,75,560,25,4
687,32
123,688,101,148,689,19,161
224,84,170,398,690,249,413,691,230,631,367,104,156
692,282,693,694,695,495,433,437,696,2,697,497,241,539,594,647,698,183,145,699,700,181
519,351
701,576,702,228,288,120,703,121,211,187,626,704,17,123,327,705,85,83,222,19
706,100,707,42
384,491,124,228,708,86,224,709,148,357,407,373,465
215,86,249,175,84
18,4,132,79
25,4,710,18
514,84,636,175,471
228,17,210,161,83,222,85
32,91,88,572
27,29,696,80,25,181,711,712
713,67
59,15,199,39,192,56,41,714
243,33,134
221,155
398,6,262,30,171
171,330,88,450,92,715,597,100,716,42,264,230,118
136,647
270,229
148,211,42,70
17,531
18,658,326,143,22,8
19,124,83,85
74,147,497,282,18
91,380
17,574
717,290,75
287,718,678,508,304,523,336,506,15,492,719,41,59,39,356,720
16,698,256,39,312,146,25,181,721
558,349
182,22,143,336
42,25,93,283,77,36,304,20,722,22,119,18
712,25,143,202,136,18,723
230,88,83
25,724,725,164,18
485,631
446,154,155,6,328
151,262,328,13,230,270,400,92,339,107,154,37,726,12,42,0,171,727
30,360
728,116,453,455,66,729,8,345,25,24,4,132,560,664,18
224,209,349,17,306,171,119,730,258,347,92,323,228,731,399,154,37,524,249
621,85,228,224,411,611
722,375,648,732,244,380,32,580,102,54,520,36,166,205
39,733,341,685,16,199,734,72,492,129,93,277,735,512,25,505,4
34,420
4,495,100,54,315,8,224,11,37,427,29,88,25
569,42,104,49,107,706,99,0,100,273
5,720,72,59,736,246,93,436,56,32,95,131,737,191,39,238,199,137,15
22,83,495,738
686,734
739,2,740,181,644,290,257,495,143,390,451
649,245,2,290,143,146,136,741
5,129,131
37,12
145,181
252,118,42
56,37
37,49,171,71
178,112,274,117,0,42
39,517,5,283
8,18
84,742
119,56
343,345,728,116,18,91,4,25,27
15,304,192,351,39
436,93,501,138,75,72,505
22,315
49,107,270,460,367
193,93,39
22,4,276,16,743,132,568,25,8,18,91
27,25,102,744,551
88,709
129,33,745,580,32
261,339,284,38,398,582,450,262,446,88,330,30,230,746
12,224,667,367
166,747,27,64,136
495,2,315,698,143,290,257
748,601,249
317,37
209,233
749,470,750,751,357,86,161,124,84,423,224,752,373,384
418,118,99
39,210,753,754,332,290,262,38
161,314,124,689,755,185,588,357,42,19
395,12,332,92,155,184
2,15
625,577
756,213,757,703,758,578,123,207,689,759,120,760,19,761,256,228,762,124,85,348,83
763,764,25,4
18,144,319,2,25,434,75
356,39
765,550,257,75,644,143,74,658,29,290,136,146
39,492
219,388,425,19,85,83,762,688,17,766,123,121,120
18,77
767,36,768,39,377
2,38
199,439,34,3
769,257
472,152
328,37
151,155,118
83,770,211,228,321,751,124,175,314,85,409,408,17
731,771
84,148
262,230,68,772,632,188,88,37
64,16,14,91,27,20
38,37,230,88,597,399,262,30,297,773
430,151,13,224,148,774,513,171
94,775,686,320,58,482,39,36,142,492,15
546,226,222,776,777,17,704
209,30
270,305
13,88,42,117,428,92,37,418,233,265
190,660,56,244,686,137,199,166,39,59,34,5
13,154
2,257
139,778,357,22
779,5,780
209,781,6,148
93,59
39,678,137
782,27,15,4,297,431,30
455,25,18,4,8
783,468
277,66,8,25,18,4
209,127,461,784,785,37,490
171,6,786,404
17,179,152,13,88,86,148,362
27,8,25
145,2,512,75,303,136,257,181,346,143,290
210,222
143,29
18,164,4,25,787
56,39,492,238
155,209,110,30,7,13,270,38,6,42,92,788,262,230
181,75,66,41
16,22,18,276,290
336,19
92,0,88,42
39,4
207,789,790
237,5,205,18,427,791,499,148,249,126,147,767,351
784,210
367,13
148,215
243,445,132,642,18,135,266,38
141,59
374,142
86,85
148,42,118
373,209,672,186,7
210,604,39,238,304
422,99,88,6
146,447,20,74,18,16
22,18,128,665,144
175,792,85
435,492,356,336,793,39
74,27,4,116,794,8,75,143,164,534,25
39,795
290,18,33,116,75
120,533,85,126,224,86
161,124,84
93,25,39,16,8,2,37,84,796,56,120
495,661,497,437,694,797,433,282,254,183,145,415,181,2
8,4
410,798
84,161,540,306
474,12,400,13
119,269
799,199,142,39
574,83,367,4,129
56,199,246,93
91,59,95,800,454,27,54
143,4,164,75,8,318,2,276,25
801,122
149,290
282,802,803,205,93,686,129,145,4,25,135
56,69,39,75,276,27,126,55,129,132,130,151,128
55,660,5,351,131,73,129,354,804,581
276,331,229,528,492,224,148
93,434,22
760,424,588,120
243,129
331,679,805
806,635,140,70,230,713,232,100,185
807,808,655,126,759,385,758,50,209
472,7
228,411,480,215,120,625,792,123,224,126,310,19,83,85,84
75,164,809,56,412,290,93
59,154,94,29,810,104,62,170,190,353,38,417,497,542,10
224,811
812,618,682,116,345,132,164,63,4,18,343,77,25,16
187,123,228
235,18,93,8,143,309,660,12
813,25,297,148,446,502,32,291,91,193,224,134,38,284,356,519
206,39,137
257,427,266,356,26
814,339,754,209,42,37
175,370,514,250,86,291,84
409,83
439,5
5,351
74,11,230,193
15,39,505,198
54,96,166,732,36
502,291,430,124
39,15
129,722,137
148,224,477,124,251,161
42,228,323,359,120,112,107,815,154,37,224,816,38,84,121,625,209,817,357,0
505,4,615
615,818,819,290,74,136,717
48,270,490,100,0,49,178,631,112,820,42,106
317,180
124,395
632,543,37
9,168,608,155,252,211,85,270,821,37,140,251,0,357,228,822,823,12,42,6,67
118,587,154,292,329,119
514,215,824,310,635,175,366,470,249,510,126,223,84,306
237,66
825,346,257
400,92,154
276,25,16,18,181
95,331
49,120,231,255,766,42,430,83,0,357,270,385,186
262,549,190,474,224,427,310,19
25,497,18
179,112
826,209,170,709,83
166,520,102,205,283,342,32,482,54,379,341,732,36,827
435,828
339,6,486,829
18,72
15,830,72,191,95,41,39,505,56,199,59,831
17,621
236,233
384,357,423
34,72,139,192,93,135,193,199,56
188,264
58,205,439,378,5,473,311,32,129,3,660
796,735,2
18,519
93,86,616
498,148,832,82,255,833
834,146
102,59,377,15
471,360,357,363,83,229,314,84,308,148
527,835,352,427,13,713,46,396,88,188,836,0,738,270,230,12,42,822,171,631,37,154
224,148
274,70,654,30,0,399,1,88
2,164
39,95,72,720,59
22,175,668,155,86,85,134,38,164,607,91,19,54,170
79,343,39,144,66
4,39,740,18,93,837,25,192
542,187,575,222,368,17,327
205,838,36,5
839,137
411,209,222,100,17,110,230
840,211,49,171,259
446,841,88,37
4,615,535,200,83,323,209,75,148,482,37,16
224,170
59,154,38,36,30,16,336,83,27,381,129,706,181,93,12,151,572,18,243,113,842
38,224,157,126,230,6,100,591,619,323,83,630,118
290,391,843,64,667,27,551,257,144,91,18,560,8,415,4,844,25,845,143
62,131,25,39,341,88,181,17,164
188,543,209,716
233,8,38,230,138,143,42,25
342,193
168,13,92
237,381,36,138,39
36,336,846,473
209,148,123,188,86,12,42,85,847,48,270,215
36,154,39,342,345,205,146,471,188,224,270,660,193,848
5,502
532,107
251,792
142,580,201,473
357,619,849
115,606
735,83,435,228,86
229,623,123,224,850,226,759,85,122
8,18,166,39
446,124,93,136,4,56,37,5,15,74,345,642,131,42,39
851,55,852,39,230
16,15,80,336,551,25,462,4,853,147,77,685,854,318,855,280,561,199,36,351,72,56,18,20,129,381,241,74,22,132,138,856,560,277,8,59,285,75,290
857,356
410,858,859,83
63,497,143,315,144,95,695,618,27,15,18,199,25,257,39,4,860,5,181
243,56,195,192,93
185,1,861,6,154,334,148,262,291,187,417,84,224,155,88,86
401,332
558,505,862,181,39,18,8,315
22,863,318,91,16,864,559,568,27,554
473,205
439,326,686,566
391,665,27,865,5,519,18,142,15,4,205,8,351,93,41,25,290,144,39
376,129
41,93,276,34
330,672
11,181
754,367
306,637,230,38,291,224,104,148,248
131,25,276,660,93,36
669,249,781,585,86,126,175,850,170,448,84
249,82,175,310,84
54,39,193,137,866,204,15,492,59
805,243,196,536,867,868,72,93,526
171,30,231,87,467,597,284,38,399,88,188,180,427,398,37
869,297,155,45
0,472,37,171,13,12
25,75,416,39,16,146,3,143,27,2,4,333,8
377,195,142,137,192,94,32
116,276
181,145
70,37
213,256,870,689,410,409,121,19,123,228,83,124,762,85,207
461,110,0,154,13,107,106,270,92,118,871,590,413,177,42,872
84,384,0,368,471,45,273,42,671,119,255,601,100,17,270
83,99,170,38,44,88
230,83
162,224,161,17,255,85,84
38,209,873,442,446,339,171
874,875
497,75,254,239,389,257,876,143,29,74,698,2
461,479
10,241,257,644,371
16,27,276
277,25,18
235,29,146,75,257,74
542,124
212,17,747,755,611
302,39
36,505,135,798,16,25,133,17,95,124,74,877,55,864,290,84,132
367,173,110,154,400,878,522,441
121,199,148,4
177,652,88,13
75,146,344,145,257
740,879,437,494,844,282,735,615,495,650,2,647,497,181,241,794,880,694
72,200,93,34,686,336,800,41,505,867,881,436,56,39,15,492
762,83,410,120,882,85
16,91,392,27
42,83,367
588,222,883,388,465,766,17,226,672
237,144
197,190,135,196,93,200
257,143,856,645,346,268,290,389
92,871,118,784
74,335,512,75,134,495,58,4,27,142
884,25
119,179,224,368,85
673,660,36,137
59,129
12,171
161,154
148,140,224,875,620
7,121,0,514,124,37,154
644,195,612,36,18
100,104,270
200,134,27,41
205,29,4,3,72,115,885,15
387,209,107,152
25,132
492,341,737,55,132,137,39,56,29
886,887,228,19,85,124
803,129,93,660,684,32,604,56,39,72,287,283
4,8,495,144,18,91,29,25,79
18,132
38,290,312
743,74,6,15,590,37,200,131,828,84,400,270
316,315
356,16,18,137,36,644,144,132,59,181,793,25,2
0,42,154,13
18,506
18,4
230,888,691,489,188,88
56,59,65,146,181,36
262,352,543,360,297,171,442,655,30,6,589,353,38,209
318,889,74
737,143,4,199,129,8,18,351,72,639,74,245,56,25,181,26
890,780,677,55,354,5,351,377,519,779,242,131,660,142
243,357,551,25,18,679,794,132,442,257,4,224,367,891,2,192,124,193
400,892,70,188,49,107,230,38,154,383,262,418,47
37,426,230,88,231
74,2,343,893,18,3,25,11,146,290,894,558,15,16,8
25,492,142,276,16
83,672,314,288
104,15,85
30,383
200,193,36,196,714,102,166,895,896,5,131
85,897
85,199,3,630,71,143,493,4,812,848,39,257,12,689,8,27,698,25
76,75,18,848,27
39,679
553,898,161,832
92,152,157,13
22,18,166
341,39,573,142,36,375
12,365,154,92,400
95,18,519,899
175,84
55,900,439
92,12
126,161,515
92,158
143,4,10
290,4,132,18,145
15,473
140,424
63,18,27
901,25,16
174,83,613,902
277,903,42,41,869
136,319,25
36,521,29,336,243,75
502,505,192,290,175,361,209,551,810
423,42,84
111,904,99,262,30
37,85,466,144,25,70,407,373,268,572
580,39
495,694,282,181
185,13,472,12
95,505
451,290,257,905,650
244,54,5,906,137,36,131,519,439,394,33,102,142,351,907,129
49,43,871,13
75,132,4,908,18,136,276,909,165
181,497,512
631,100,270,42,275,88,422,37,38,117,0
342,54
222,83
427,179,17,92,215,353,38,85,7,655,124,12,368,222,273,328,275
205,647,910,25
116,447,66,512,4,18,75,744,845,143,145,25,290,181
38,171
911,25
224,248,148,387,175,84,161
170,154,770,489
624,689
912,39,899,15
385,148,913
819,257
4,16
835,85,175,68,361,124,17,431,570,13,408,171,275,121,291,209
424,229,85,83,228
39,18,16,142
66,39
913,86
753,200,243,199,685,193,714,192,95,914,56,57,72,197,659,93,915,891,331,34,198,135
8,685,36,18
100,42
83,813
387,635,448,84,916
5,2,146,917,25,18,341,143,257,181,4,719,855,192
316,181,27
20,27
18,744,25,664,4,113,116,8
388,432
132,85,62,18,119
863,499,22,91,276,14,20,27,16,712,918,392,318
470,148
129,5,919,142,920,131
75,4
36,33
166,439,137,205,351
652,921,427,88,37,236,328,230
497,145
15,394
17,433
143,5,181,356,93,25,290,27,15,18,29,282,59
49,478,110
2,200,5
143,686
74,534
16,499
193,146,66,631,39,42,12,18,359,431,199
42,178,721
922,717,129,923,744,25
18,36,15,59,276,144,143,129,34,381
243,75,654,442,25,30
820,485,46,100,270,49,583,118
227,17,824,120,83,224,902
773,334,921,258,427,284,489,597,418,233,630,772,924,231,88,265,541,925,230,37,236
926,124,42,13,927,162,357,754,99,110,224,413
492,505,196,56,230,27,74,161,145,134,879
3,783,581,130,890,351,376,129,928,131,929,137,5,930,142,60,612,660
93,237,15
123,85,515,124,255,126,348,83,161
752,46,262,13,84,611,442,270,17,154,365,385,86,883,703
931,197,677
32,241
444,228,521,277,39,0,731,86,880,504,72
154,101,423,446,13,267,932,185,151,152
5,164,29,143,16,933,300
25,18,558
152,55,379
146,39,136,36,93,143,375,22,72,142,2,94,8,25,29,11
386,29
569,42
100,230,229,152
934,436,492
85,92
249,230,12,38,85,231,30,155,330,638,37,329,13,357,403
427,209
628,188
198,205,93,506
4,25,712
400,209,38,514
5,129
27,192,4,25,374,574,39,495,389,16,521,318,241,2,336
38,88,486,171,151,180
682,617,501,22,277,763,91,18,8,27,16,25,656,4
290,181
707,591,119,935,185,92,754,936,892,401,118,414,305,155,614,154,13,937,7
210,446,938,467,151,104
22,894,144,25,649,4,66
228,224,17,357,368,373,898,814,502,288,210,83,124,19,310,759,85
54,142
212,351,504,132,209,36
698,939,649,497,290,857,257,2,848,136,143,29,551,181
84,124,249,357
461,112,0,49,46,100,48,99,417,590,110,269,270,367,42
500,164,4,25,16,18,64,735
95,940
480,463
758,433,854
367,155
148,124,212,123,792,224,174,186,170,228,531,471,83,121,17,411,85,637,86,484
188,192,224,665,37,6,31,648,177,882,348,497,792
82,317,941
93,74,143,14
6,631,100,188,399,37,270
138,573,244,5,942
224,162,943,927
18,113,25
39,107
98,140
39,860,56,304
146,116,4,567,25,18,91,319,147,75
16,557
88,179
15,72,94,54,55
68,396,264,155,270,417,42,119,67
124,19,83,85
0,187,450
731,622,944
18,27,191,181
349,945,943,388,120,84
785,946,12,42,154
85,83
584,17
942,0
947,948,73,5
75,880,456,257,567,276,319,181,20,550,14,285,290,4,62,27,113,143,694,8,74,22
59,326
807,255,84,411,175,148
293,703,228,19,609,124,348,120,83,85,123,349
88,467,363,119
270,212,515,314,42,395,398,654,949,126,7,224,13
93,290,27,132
264,446,950,179,38
144,132,4,8,18
16,951,39,550,4,25
126,118,39
85,625,502,825,228,19
132,2,163,131,93,319,41
270,367
118,85,228,151,447,70,29,290,668,952,607,288,525,4,336,116,132,25,136,343
200,41,137
92,179,157,275,30,817,236
42,100
116,22,665,560,16,18,132,953,25,26,27
401,13
84,177,42
59,518,435,903,41,686,492,15,39
82,806,954,161,423,86
38,352
524,599
535,0,6,67,401,119,30,88,330,99,100,869,262,71,70,38
345,132,536,25,276,68,18
99,226,373
430,218,306,325,357,514,470,509,323,811,255,585,502,148,84,175,670,86,310,291,955,224,124
318,16,956
260,562,6,261
283,209,452,197,18,4
489,25
129,4,95,161
123,49
222,85,465,957,228,792,385,813,958
7,12,959,155,118,154,48,99,100
417,173,37,155,12,209
7,92,118
210,502,19,187,220,813
140,17,832
0,104,44,253,155,99,395,133,706,92,42,820,587,400
155,590
30,56,4,373,8,357,744,561,25,399,960,19,27,83
84,161
349,85,83,124,120,897
349,122,123,813,599,849,85,626,83,703,121,124,120,228,19,637
112,262,38,188,13,961,614
19,962
99,963,474,274
74,27,25,88,367,591,129,110,17,116,83,686,4,143,175,132,410,75,124,39,42
92,236
99,332,12,17,118,585,37,88,635,152,161,230,575,582
116,131
7,427,921,888,151,529
32,54,964,102,36
237,39
132,8
58,574,866,134,55,242,131,965,137,677,5,142,351
278,8,26,27,25,91,18
129,333
290,145
161,83,84,121,430,224,228,966
911,967,435,29,25,386,59,719
37,124,38,77
16,257,39,550,855
27,143
230,100,42
