0,1
2,3,4,5,6,7,8,9,10,11,12,13,14,15,16,17
18,11,19,20,16,21
16,22
23,24
11,25,26,27,28,2,6,29
30,31,32,33,34,35,36
37,38
39,40,41,34,42,43,44,45,46,47,48,49,13,50,51,52,11,53,6,54,55,56
57,58
59,58,20,11,32,6,60
61,36,62,11,63,22,64,65,66,6,33
1,67
68,50,69,70,71,72,73,74,75,4,76,1
77,78
79,8
80,21
81,82,5,11,75
27,75
83,84,85,86,69,87,88,89,90,91,57,92,20,93,94,95,96,97,98
99,100,101,102,103
78,104,105,106,107,108,109,110,111,33,112,113,114,115,116,117
118,34,22,119,33
120,121
122,123
124,125,122,126,127,33,128,129
67,130,32
131,132,133,134,46,43,135,34,136,54,11
137,138,139
140,66,1,141
8,65,17
142,32,143,67,144
145,69,146,94,95,66,147,89
132,31,148,149,135,70,9,150,136,74
6,11
151,22,152,153
154,125,39,155
156,58,157,16,158,3,159,160,161,5,27,162,163
164,18,165,166,167,153,168,114,22,169,170,151,99,171,152
13,8
36,33
132,136,16,25
60,172,173,69,174,175,11,67,12
176,11
177,178,99,165,151,179,22
17,180,8,65,2,21
17,44,8,9
171,33,181,182,183,184,185,125,186,187,188,189,22
190,191,192,32
22,193,165
194,195
196,25,11,13,197,198,4,43,159,199,5,8,200,65,150,201,202,6,203
204,11,95,43
205,103,206,207,208,209,210,211,104,181,212,108,213,214,215,193,216
217,165,218,152,182,219,114,111,220,151
221,191,194,222
22,151,223
224,225,210,226,108
98,227,190,32,228
43,229,230,80,11
231,28,36
232,233,234,235,236,102
36,237,238,33
239,240
124,241
25,242,135,70,9,136
243,81,159,4
241,37,244,245
17,5,58,246,69,159
247,100,33,35
110,22,248,249,250
165,251,153,22,78
99,183
70,230,6,252
253,27,11
254,77,255,256,241,248,257,235
251,258,110,18,259,220,24,103,151,168,260,261,169,152,22,262,189,263
131,6,10,11,137
32,264
265,266,238
267,268
136,9
269,194
270,171,271,99,272,273,22,108,248,236,35,18,33,274,275,168,188,24,114,123,255
276,277,278,124,123,279,255,236,280,245,36,281,282,254,283,78,284,268,285,100,33
46,253
235,286,287,124,271,220,288,114,289,248,151,33,282,290,35,123,291,22,189
46,292,11,73
103,293
294,295,296,297,298,28,299,300,301,302,228,32,303,95
28,304,163
22,245
95,146,94,305,28,306
110,185,99,22
307,57,308,309
227,9,166,45,310,11,253,159,311,231
275,235,246
125,33
9,6
0,140
312,103,313
314,33,119,257
33,248
42,6,46
294,192
114,315,171,316
47,118,253,136,6,19,11,9,10,242,196,13,46
22,317
210,318,319,193,320,64,321,313,322,323,324,293,325
167,52
156,174,7,5
100,189,238
326,123
94,1
250,327,328,329
26,19,9,330,135,136,118,331,46,31,332,50,13,52,11,6
25,9
333,334,146,335,336,140,302,0,337,338,339,340,66,1,341,297,342
205,216,35,102,288,241,343,287,125,33,286,344,220,99,38,123,345,189,22,267
195,346,235,265,347,123,36
39,11
348,349,350,219,351,189,22,181,99,24,210
352,353,97,89,1,341,69,354,28,67,355,356,32,95
215,224,205
147,357,358,89,359,360,361
208,362
363,58,364,5,160,159,174,163,365,16,75,162,4,27
139,366,367,43,136,150,52,11,203,47,368,39,369
22,154,220,261,24,170,370,371,372,18,325
6,1,89
373,89,156,190,228,95,12,13,374,375
295,376
122,250,22,217,245,254,33,377
231,67,378,379
380,381,152,267,77,100,382,246,235,383,22,122,195,124,220,384,61,187
385,386,387,388,152,7,6
57,389,95,69,89
390,195,279,33,100,36
391,11,331,6,53,392,9,13,50,393,150,394,136
20,395
311,0,307,1,396,89,341,69,66,95,397,303,91,94,398,399,400,20,359
220,165,372
240,248,124,401
5,174,79,12,16,58,75,162,7,82,3,8,27,159,21
402,317
94,20,403,404,405
165,114,406,407,408,33,22,239,125,259,187,102
99,279,409,215,410,411,33
16,27,5,412,159
182,413,125,18,414,415,217,189,241,248,171,255
195,78,416,36,240,33,100
187,417,195,279,36,125,418,35,419,33
420,366,421,422,393,9,74,423,132,317,424,242,135,425,136,394,150,25
426,427,194,428,429,32,191,430
65,13,196
20,122
203,58
152,431,165,171,22,432
433,248,409
94,32,35,275,11,250,238
434,435,57,302,360,91,69,20,147,357,341,89
191,1,436,190,379,194
257,24,78,22,235,152
203,230,136,74
437,261,438,151,114,103,24,439,258,152,250,22,171,99
32,28
440,441,33,22,78,241,24
248,273,241,442,246,102,239,78,443,245
444,130,67,222,32
222,28,294
5,445,4
27,159,446
97,445
232,447,248,235,270
448,449,450,43,4,338,13,334,451,65,228,6,58,452,11
108,189,220,250,453
153,179,24,23,189,22
167,17,36,160,5,454,79,171
455,114,33,456
457,458,316,18,459,348,460,151,62,165,351,167,153,99,22,189
461,445,50,89,462,43,135,20,82,463,91,27,464,70
463,388,425,465,466,467,367,9,136,468,469,423,132,242,470,230,471,373,393,421,422,472,135,25
473,11,474,475,152,217,89,405,476,477,124,25,94
324,478,208,154
86,479,302,32,357,299,356,375,130,172,337,89,67,301,20
424,25,32,480,481,482,79,299,483,449,163
484,33,36,122,125
45,136
412,43,485,228,147,32,463,19,486,6
487,132,17,189
376,66,488,341,340,489,1,295,0
241,102,490,109,78,246,491,287,492,493,187,283,345,122,265,33,494
495,279,127,381,496,345,122,123,497,100,125,498,499,268,36,417,267,238,33,35
18,169
347,25,500,317,501
255,240,99,502,503,235,504,494,505
506,455,507,124,239,245,508,248,246,241
67,509
348,32,4,375,102,159,248,107,11,9,5,488,205,22,253,287,510,238
511,123,125,6
512,191,513,95,514,93,66
217,438
22,65,165,1,159
345,33
515,297,516,20,146,69,95,89
11,17
153,313,517,518,99
2,87,20,45,11,356,60,519,32,172,16,132,337
342,311,302,66,1,295,0
509,60,520,30
521,21,17,522
162,11
65,27,152,169
228,13
45,13,11,523,46
524,100,123,33
208,250
525,8,250,33
295,341
526,11,527,46,9,25,528,2,5,60,17
46,529,26,19,530,43,531,52,6,39,50,11,54,44,134,13
169,36,114,154,22
36,33
10,484
37,281,532,123,248
124,533
91,95
534,402,94,20,89,227
32,221,29,1,95,482,435
267,535,241,287,78,536,537
109,123,538
120,65
169,212,182,539,22
275,11,234,89,540,114
541,300,191,32
27,2,317,60,10
169,542,166,220
322,220,473,543,169
544,270,124,275
123,327,165,153,373
545,87
11,32,314,136,261,22
546,153,151,171,178,547,165,170,103,99,189,22,114
258,441,220
548,205,183
136,25
8,549,2,65,180,550,12,551,82,552,553,554,17
261,22
239,555,254,246
534,66,1
344,155
556,557,497,233,99,189,11,4,108
193,1,5
8,558,559,526,21,194,28,560,95,132,561,302,11,60,150,562,357,563,366,304,1,311,32,564,87,69,136
432,153,240,344,35,248,24,565,566,152,241,238,567,22,171,210,100,99,116,279
33,567,102,273,568,3,473
569,222,570,228,571,562,143,194,294,483,32,519,572,375,354,28,573,574,191,67
13,19,17,8,21,27,7,65,11
75,575,33,159
576,397,87,405,98,452,69,95,91,147,89,20
205,577,324,321
16,578
345,193,35,33
33,100
32,28,579,231,159,580,151,152,12,43,171,33
581,582,583,513,375,500,558,584,231,172,299,28,294,228,60
585,32
168,152,99,110,22,171
419,210,22,33,193,78
32,309
122,268,586,587,588,125,109,589,416,590,267,123
591,205,263
375,116,592,103
151,189,593,594,278,123,22,194
416,377,36,490
4,58
33,123
533,456,288
219,236,595,152
116,102,22,596,490,115,114,254,597,178
324,103,108,111,473,211,371,598,210,599,250
169,189
409,254,240,255,245,600,37,239,506,124,248,601,241,602,288,246
6,63,125,11,0,22,231,12,33,165,67,227,94,19,163,246,603,124,511,604,35,241
11,174
100,4,43
27,3
313,605,606,210,473
125,607,287,100,36,123,608,345,609,122,33,610,496,611,612
6,46,613,13,50,159,614,11,21,163,17,65,132
11,238
222,615,444,191,32,194
345,33,64,601,616
505,22,152
6,572,11,32,526
617,27,32,1
618,453
78,123,460,189
619,250
33,127,620,621
476,60
5,95,28,622,191,32
491,185,195,238,246
623,6,203,70
194,624,13,341
8,21
377,276,102,625,235,78,626
225,627
22,546,628
2,220,299,193,13
220,169,217,182,258,152,166
629,33,122
114,189
630,571
631,416
2,21
248,602,124,241,632
633,302
123,575,153,282,255,250,152,122,345,33,634
526,27,5,635,21,60,163,75,17,636,4,16,159,481
36,187,78,102,249,238,109,122,33
33,191
18,33,241,35,228,22
189,637,193,638
22,20
176,639
531,293,640,165,43,641,157,99,5,334,270,33,78,45,151,17,22
642,267,122,610,287,35,123,127,36,566,33,100
240,33,643
31,571,91,189,17,481,644
94,645,28,20,646,228,45,526,231,89,11,13,509
6,136
240,75,39
500,377,182
124,245,647,241
32,130,648,20,191
279,33,409
22,322,36,411
153,504,316,649
503,77,409,245,233,254,650,651,596,248,241,652,653,565,102,377,240,626,246
207,33
22,165,114,171,189,153
235,78
324,210
490,381,36,35,279,125,654,122,195,100,33
205,324
165,114
655,97,397,656,91,461,657,20,69,94,90,658,89,85,57,95
99,165
268,446
566,490,61,123,268,33
38,78
208,152,478,659,171
221,231,660,32,661,662,663
656,658,20
299,28
231,89,25
390,270
319,24,83,310,171,27,247,165,341,78,11,91,664,541,245
343,33,390,665,268,240,77,36,35,666,123
344,320,567,205,210,667,154,668,103,250,64,328,669
576,208,494,165
181,670
671,313,103,207,672,673,674
97,22,210,6,287,348,75,153
27,8,16,303,356,75,52,67,11,103,123,33,241,156
194,366,52,66,16,553,163,2,675
66,1,67,429,676
436,94
11,677
488,341,563
239,377,678
123,267,235,35,24,165,443,250,679,377,262,125,22
457,680,189
12,681
32,20,3
682,22
492,235,683,684,347,128,650,447,494,625,685,102,686,185,78,377
43,25,51,136,9,49,229,13,11
687,169,171,688,689
615,1,690,375,691,91,558,92,191,30,692,28,663
558,191,221,228,378,28,194,299,190,584,32,448,130,67,693,231
37,249,78,507,270,506
189,28,409,18,78,415,11,1,2,22,99,150,165,60
236,561
82,176,694,695,65,8,5,180,163,696,17,4,159,21,174,481,16,526,243
18,408,246,240,33,122
22,165
182,254,102
11,253,82,65,8,5
697,33,11,26,251,311,78,193,287,125
151,165,698,410,189
11,203,19,46,132
91,13,1,8,254,119,172
451,699,700,159,163,52
232,254,35
255,248,78,701,186,647,254,102
11,149
210,322
660,11,427,702,703
22,153
69,571,28,94,228,341,398,231,32
100,704
20,358,57,705,576,89,90,94,706,95,71,91
36,165
95,143,341
552,357,11,1
187,33
94,136,65,99
123,707,189
156,75,159,4
151,390
165,281
245,33
125,109,33,36,708
180,153,285,89,268,241,37
73,11,136,51,19
22,694,61
27,180,709,16,159,17,75,481,677,710,7
5,711,521,16
189,407
50,6,46,13
189,108,712,171
127,536,100,35,268,287,267,33
609,9
22,241,447,198,124,11,60,270,36,122,617,123,19,99,33
186,239
1,163,372,27,28,66,10,0,22,713
152,210,171,151,22,189,103
28,714,16,227,715,2,159,375,0,66
0,716,1
123,35,621,33,100
344,258
210,669
33,159,295
4,82,27,45,369,6
241,33,123,246,36,239,195,35
166,205,717,99,33
192,58
24,22
22,718,152,166,153,127
95,569,302,72,341,67,194,57,32,69,379
324,210,103
68,500,130,719,572
127,629,282,720,588,679,484,490,381,122,280,125,123,109,314,268,267,721
8,16
6,41,230,11,26
72,32
231,658
171,169,153,151
689,722,169,323,220,193
151,262,248,241,723,22,220,112,18,345,724,725,100,33
726,287,151,125,241,114,152,99,414,313,33,565,220,110,22,108,177
248,275,245,239
5,43
389,67
124,287
727,267,123,589,268,416,125
488,295
114,324,171,261,22,152,151
208,728
729,336,11,730,191,7,731,6,89,95,17,703,163,136,160,467,13,1,5,476,732,394,32
8,67,0,78
711,75,152,60,5,241,652
266,238,163,1,18,733,481,11,20,95,102,248,433,287
165,734,205,14,2
553,159,6,17
302,1
123,159,5,1
456,246,239,254,245,270,37,124,241,248
557,477
503,494,347,78,735,650,233,736,102,737,738,235,236,739
226,33,24,640
116,250,293,740,213,189,261,151,179,210,18,628,441,22,114
32,143,295,140,573,337,1,194
741,151
640,102,239,240,235,248
19,50
43,6,46,39,11,451
169,411,99,742
743,6,530,180,17,11
254,245,255,241,248
20,658,338,705,66,295
360,500,32,374,69,660,20,191,264
222,179,241,193,275,744,33
159,27,3,694,58,192
132,9,25,136,135
152,11,150
27,2
446,9,11,13,162,521,159,19,31
22,110,35
67,11
317,470,9
151,745,438,99,539,217,169,605,22,178,224,293,165,152,220,746,114,325,410,103
248,685,235
481,341,44,304,445,7,17,558,528,32,6,19
221,21,28,159,89,747
169,720,679,189,279,99,287,22,33,240
10,169,748
136,749,196,13
649,165
16,217,13,4,123
103,226,606,517,669,210,215,250,350
103,377
618,104,750,439,380
751,240,35,33,235,267,22,171
187,416,345,123,125,35,33
13,11,43
208,752,108,250,753,754,698,64,210,205,193,453,517,591,184,324,755
136,60
94,472,76,27,159,1,46,97,6,242,17,147,7
189,22
132,52,98,95,25,695
235,589
194,756
494,226,261,132
36,116,123,35,377,250,411,313,261,524,287,186,757,390
189,33
66,530
63,13,203,41,56,53,135,6,11,52,758,40,39
97,87
95,759,20
760,123
341,94,89,436,355,91,97
75,22,45,527
240,504,194,124,53,152,24
761,172,375,130,231,582,32,28,300,762,713,378,67,191,194
28,231,191,39,136,11
8,228
412,231
1,763,436
457,132,764,377,22,143,33,476
240,102
12,156,80
111,208
189,169
95,11
317,9,137,135,369,421,150,393,31,465,469,765,136,132
217,599,153,168,320,673,64,766,114
464,302
178,165,279,122,35,767,99,390,419,401,248,33,102
732,500,144
116,99
283,36
163,21,768
11,71
35,390
241,248,401
565,1,210,0
99,22,165
208,183,329,108,250,226,591,599
53,4,681,769,39,229,481,132,65,7,13,11,2,17,163,180,469,21,5
770,125,100,771,123,33
94,8,35
526,525,7,91,11,731
74,430,299,5,124,615,102,208,7,772,248,146,13,165,753,469
100,123,268
8,39,194,553,773,774,3,0,5,11,28,713,775,509,6,94,60,67,231
28,375,560
169,99,110,432,23,167,151,114,217,170,165,152,62,171
776,777,167,99,659,151,171,22,114,179,18,189,164,165,152
360,95
72,711,556,481,416
165,458,151
159,13,60,2,16
202,14,521,553,778,703,681,176,557,481,526,779,700,780,486,2,8,17,65,552,82,445,192,21
267,99,208,193,166,210,591,382,781,22,33,123,321,782
6,20,16,170,241,659,208,102,375,27,221,151,194,36,69,287,390,28,634,33,114
67,190,194,690,32,191
783,377,33
525,130,180,95,6
33,122,487,36
397,299,11,190,784,375,80,32,556,51,227,163,89,785,159,65,66,28,58,786,9
185,152,192,22,228,560,95,6,89,109,100,11
171,114,78,24,738
787,25,89
288,565,255
28,27,303,11
490,189,11,22
788,345
350,789,111,205,210,669,606,313,108
33,490,125,100,127,36
725,152,33,790,35
125,33,20,28
228,791,482,194,172,500,294,221,761,28,191,32
6,11
90,95
110,279,160,287
151,36,182,250,792,503
793,118,163,50,17,13,363,8,12,623,11,47
261,776
125,100,270,36,33,123
13,20,32,46,221,677,120,21,11,89,481,63
377,588
102,275,238
8,39,11,17,58,159
4,58,5,342,242,227,9,132,20,191,11,73,8,60,82
210,22,165,794,209,189
25,33
558,16,22,694,82,94,248,33,6,89,665,32,75,17
795,107,33
262,324,22,210
132,25
36,279
171,22
219,680,217,796,99,116,189,62,151,797,110,22,114,152,165
6,180,136,32
321,189,124,22,125,36,127,152,38,119,123,567,798,151,447,116,102,738,35,18,78,599
11,227,144
573,799,450,2,70
558,32,227,617
32,45,20,390
97,376,194,800,615,474,32
159,685,511,609,11,150,75,151,409,16,32,801,67
74,424,136,31,25,242,463,132,765,9,373,135,393,465,70,471
802,803
518,290,151,114,220,804,370,22,110,165
171,238
620,33,805,682
190,761,32,130,194
32,190
299,559,66,341
169,261,171,152
806,807,225,501,236,492,432,698,165,808,102,248,152,288,116,316,268,327,809,210,205,36,99,35,193,78,261,189,460,223,810,24,782,171,22,267,811,33,114
152,151,179,351,504,165,22,99
208,226,293,606
294,228,28,812,375,231,190,813,509,519,32,67,814
218,313,669,815,215,816,753,64,806,105,322,817,324,193,818,577,205,210,183,103,206,591
5,6
100,35,122
259,36,125,496,789,819,114,282,179,18,816,538
163,393,36
208,22
664,33,35
191,20,295,91,32,813,94,761
5,46,11
245,2
433,254,377,235,432,99,36,682,189,659
446,6
25,317,412,17,13,820,486
414,566,475,821,345,538,268,188,721,109,416,204,287,682,100,187,125,822,33,823,36
221,661
35,208,9,221
815,152
494,501,32,67
694,510
230,394,150,824,421,9,469,25,425,136
102,236
78,610
393,43,11,253,50,52,825,70,486
17,21,4,82,156,553,159,60,65
5,159,239,299,94,52,826,185,78
2,362,5,78
21,592,827,828,174,163,622,2,65,159,60
193,206,319,674
22,829,6,9,253,82,0,136,230,194,33,60,4,7,102,400,107
830,476,191,294,231,67,32
723,565,254
189,18
165,442,193,106,831,11,24,692,22,13,214,1,293
27,121,28,65,25
55,253,832,292,54,19,39,40,73,63,45,53,46,6,451,34,43,11,41,13,52
11,9,45,4,43
5,4,163,180,60,159,65,162,174,75,17
238,419,385,195,823,187,100,286,566,345,279,36,277,35,33,287
240,276,270,246,377,555
363,10,11,833,230,19
167,526,99,689,16,193,235,11
11,135,6,248
592,67,779,156,163,28,545,5,1,136,11,89
13,11
834,40,435
231,65,835,341,227,633
82,19
2,21
19,253,446,60,694
248,255
108,250
55,11
0,399,227,1
698,22,241,254
89,376,69
36,836,33
350,22,228,727,32,218,162,2,65,500,573,657,35,11
241,124,245,565,248
837,172,0,374,32
255,788,33,274,102,640
163,75,8,5,27,525,65,7,60,21,159,16
26,11
7,27,553,779,2,5,8,525,65,521,16,159,60,445
53,50
560,32
831,95,302,28
838,147,89
11,65
36,338
189,22
1,341,66
366,472,368,132,54,229,11,6,839,420,9,424,13,136
156,21,13,132,11,26,135,6,840,27,714
796,260,99,153,189,165
5,152,503,153,110,248,96,270,95,33,526,13,27,427,189,841
37,842,235,124,185,248,377,246
843,86,461,389,147,89,57,716,95,93,0,395,359,146
844,446,840,4
710,412,553,845,60,846,5,7,58
169,251,189,24,62,119,313,372,797,847,151,165,22,453,546
54,52
375,191,190,299,476,67,194,848,32
219,169
67,337,200,5,11,21
66,241,17,89,22
99,18,189,151,744,165,22
694,849,21,5,159,16,2,27,58,8,75,714,521,635,4
605,568,850,725,183,543,851,205,210,453,226,108,206,119
0,525
94,140
220,22,153,114,672
123,220,24,504,185,100,171,852,210
217,853,189
210,1
114,339,123,11,854,67,224
228,273,419,175,103,855
72,221,32
208,261,313,99,210,604,169,103,250
319,250,324,64,103,205,407,674,698,193
222,45,267,664,159,632
123,109,524,720,125
194,813,573,32,67,130,76
261,22,99
20,11,69,46
337,357,146,29,1,856
259,189
69,96,20,95,91,692
152,169,189,111
226,111,767,108
11,46
857,399,91,1
858,186,75,35,165,599,222,268,4,528,5,171,287,859,94
287,860,279,611,35,385,36,100
35,22
416,234,861,619,152,239,179,100,862,287,289,863,18,842,246,664,22,248,270,189,351,33
275,503,864,281,124,241,254,246,601,625,185,113,377,255,248,37,533,240,102
76,60,865,28
185,1,444,24
82,32,13,259,58,54,28,124,35,36,299,843,819
488,1
317,150
294,729,143,83
67,379
5,16,174,75
326,210,11,60
33,103
191,228,21,6,89
82,27,17,21,159,2,5,4,8
803,326
1,221
1,452,91,95,0,20,69,147
183,815,210
448,32,866,294,28
189,22,867,171,215
114,110,261,169
635,235,36
17,554,176,2,65
114,152
337,32
82,76,175,1,299,374,69,13,11,511,98,163,9,147
154,619,184,668,850,208,868,605,810
869,130,94,444,615,480,32,72
294,231,28,67,870,191,32,564,130
22,151,7,210,191,163
45,6,19
659,236,225,33,36,287,598,235
51,26,19,43,13,253,45,871,136,330,25,230,11
863,171,25,143,95
261,187,318,99,293,319,193,78
190,11
558,191
607,123,109,268
606,722,501,193,872,165,169,215,205,108,155,110,22,220,261,114
6,13,422,11,136,26,9,46,50
179,287,33
45,354,873,544,22,228,261,696,163,136,32,208,159,658,767,3,811
377,684,102,503
295,97,309
503,102
556,194
240,246,683
54,49
390,33
874,875,58,159,75,27,7,15,5
599,293,107,78,250
310,208
102,57,353
65,639
241,876,124,416,418,248,123,267,35,823,270,629,100,255,790,33,626,268,490
734,5,8,132,39,694,779,136,253,202,9,52,230,11,3
357,89,95,69,97
164,220,877,171,505,22,313,78,850,102,35,878
128,377,35,879,123,236
182,169,880,797,152,861
16,256
125,282,109
569,35,565
153,170,99,114,680,22
21,5
763,676,95,333,69,93,1,389,0,90,94,336,360
294,190
39,139
501,327,604,103,226,591,323,815,208,193
825,33
298,824,356,656,334,28,10,552,136,69,191,20,147,16,32,11
304,881,75,221,89,159,11
382,151
882,11,417,151
32,143
22,171
293,103,263
287,255
114,219,220,24,883,152,189,22
32,60
22,599,189,209,166,386
194,32
159,694,81,32
11,703,292,304,63,253,17,545,229,20
884,22
89,147,885,489,333
474,658,89,87,20,227,829,69,94,90,85,355,656
43,11,292,66,136,559,32
309,1,95,66
250,618,102,886,116
98,32
297,279,32
222,228,500,693,569,444,761,830,572,32,221,28,887,585,30,67,560
885,5,159
18,22
220,883,64,171,189,21,22,248,77,172,361,152
578,32,576,16,1,8,662,21,159,48,888,2
716,20,147,1
32,65,230,159,6,89,82,393
32,97
252,21
1,163,889,11,28,559
25,394,9
169,116,547
162,163
4,58
189,258
890,299,60
246,241,102,37
33,22
375,32
100,283,33,279
210,891,215,324,193,605,212
825,132,45,230,136,11,6,63
37,401,248,456,235,124,255,390,492,245
179,99,178,209,410,189
7,17
193,564,35,20
236,185
191,32
11,854
544,102,77,78,248
892,248,409
219,33,17
163,501
89,66
772,268,78,240,632,345,100,245
4,893
136,242
282,278,809,248,607,36,33,235,241
750,205,894,789,329,753,669,207
293,349,323,210
69,147,91,895,20,657,95,90,94,658,98,89,889
653,684,683,650,790,643,126,701,377,249,102
545,11
253,5,152
41,477,6,2,13
13,317,421,896,623,9,73,394,242,6,11
152,22
592,17,897,554,635,8
636,898,132,159,9,844,13,52,11,34,7,43
16,17,165,245
401,102,255,240,377
253,65,43,471,696,136
13,32,268,241
324,453,568,226,753
179,282
33,324
899,210,261,214,99,208,22,151,114,152,619
67,89,900,20,32,95
823,267,590,125,36,268,287,416,204,122,345,35,783,100,644,33,819,123
667,259
36,100,287
28,69
60,299,294,228,231
136,32,901,33
66,194
738,163,503,99
275,647,599,125,171,220,416,183,255,187,152,22,322,153,114
147,514,902,903,376,89,375,1,300,904,500,519,32
574,356,264,374,28
166,251
8,163
165,905,152,171,151,797,22,114
2,152,250,488,110,78,33,723
336,716,297,376,302,906,141,145,359,357,834,1,449,337,295,617,303,66
358,32,36,345,268,333,123
108,567
152,151,171,182,883,99,261,110,22,764,169,291
28,749,52
116,109
22,99
310,410,271,108,208,517
247,165
60,67,32,16,172,882,65
32,95
500,0
714,28,662,341,526,32,45
555,108,122,205,24,327,33,733
32,311,20,89,907,1
700,82,21
475,36
124,153
192,635
214,250
22,62,112,908,883,152,114,212,116,210,205,219
399,476,194,20,175,0,32
125,94
603,575,390,409,37,544,275,241,533,433,248,239,555,255,124,270
5,35,32,102
11,4,530,394,472,21,159
32,172,500,1
33,17,909
32,46,60,65,910,11,160
111,103
32,6,89,374,43,376
240,246,254,241
255,124,246,241,254,245
745,114
144,28,231,900,571,356,375,60
1,67
102,246,241,287,122,233,35,195,418
911,807,171,310,327,168,220,119,22
152,78
19,54,48,70,11,13
190,194
912,913,735
233,492,102,249,409
591,33,108,270,344,383,62
797,669,179
58,60
914,64,103,322,193,324,206,667,210
797,152,553,11,146
210,915
102,503
327,916,473,119,250,208,155,226,917
236,689
100,33,268
153,151,258,152,165,182,595,171,18,114,22,189,99
22,697,165,18
155,22
102,151,18,185,246,22
118,253
853,596,78,185,918,603,281,580,240,625,686,919,244,575,235,246,102
99,189,18,171,119,920,293,210,921
152,169,24,18,153,208,171,210,205,251
43,136
767,64,591,210,214,915
870,28,294,32,194
671,316,215,457,169,114,205,210,165,698,151,687,599,324,99,166,152,883,344,189,22,724
324,181,674,313,206,911,103,726,205,210,193,293,606,321
1,33,114,95,248,28
239,647,387,254,640
210,205,313
191,28
35,245,125,248,123,641,282,102,287
239,33,248,195,853,416,100
299,222,454,584,191,573,28,143,571,67,194,660,221,356,130,375,175,483,32
481,65,159,4,82,8,27,75,7,922,163
424,839
43,585
232,235
791,11,32,66,393,163,923,228,52,10,40,43,67,60
165,153,546,811,18,24,182
25,221,37,260
19,21,75
191,89,924,32,389,800,28,130
5,4
4,446,364,925,846,926,7,75,174,16,163,27,159,58,5,840
22,189,152,179
36,187,241,279,864,124,416,927,123,928,409,809,270,275,456,853,78,506,268,102,683,35,33
222,430,713,69,341,32,172,294
817,103,319,321,183,604,205,210,218,324
555,565,245,728,650,114,189
929,741,686,257,128,377,233,930,494,235,718,406,102,232,738,78,185,236,853,625
67,444,248,853,126,5,45,33,102,11,110,154,191,100,931,21
932,58,2,3,17,703,156,159,481,8,7
36,416
136,163,45,922,7
16,526,51,163,11
86,302
933,43,801,11,9
189,99
127,36,255
95,39
930,377,78,102,249,128,718
11,33
13,47
159,165,230,151,11,102
33,390
132,1,159,63,46
16,45,65,46
934,21
159,16
324,319,591,210,103
89,331,97,4,191
67,692,9,11,46,336,526
16,393
341,338,297,515,0,295,336,66,334,1
500,935
228,32,341,511,662,0,93,449,95,936
0,66,32,95,89,264,20,191,562,76,28
7,522,17,9,136,31,82,937,2,135,60,11,825
52,13,70,6,39,11,937
259,99,18,189,22
165,546,24,114,689,22,99,169,259,152,432,153,178,938,659
36,287,239,637,35,33,102,345,187,409,267
20,69,89
11,167,45,16,123,287,610,727,114,133,377,635,20,50,66
162,161,17,75
323,225,108,320,193,210,64
59,43,39,2,7,21,553,939,394,578,180,230,711,13,11
552,11,6,940,136
728,169
846,255,20
27,267
130,571,32
240,102
11,27,526,163
22,116,143,830,567
253,825,11
277,32,11,22
11,60,1
788,100,287,33,238,383
521,17,58
4,549,526,522,17,75
254,248,275
20,94
