0,1
2,3,4,5,6,7,8
5,9,10,11,12
13,14
15,16,17,18,19,20,21,22,5,23
24,25,26,27,28,29,30,31,32,33,34,35
36,37
29,38,39,40,41,42,43,44,45
33,46,47,48
49,50,51
20,5,52,53,8,2,49,54,55,51,56,57
58,59
60,9
2,61
62,63
64,65,66,67,68,69
5,70
71,72
32,73,74,75,66,76,77,47,78,79,80,69,81
82,33,48
21,83,84,27
85,5,2,86
87,88,8,89
90,91,92,93,94,95,96,97,42,98,99
32,100
101,33
102,103,104,105,106,107,108,76,109,110,111,112,93,23
113,114
115,116
117,73,118
81,119,120
69,33
121,122,123,32,124,125,22,126,127,73,128,129,130,70,131,132,29,133,134,135,136,137,24
51,138,139,140,141,49,142,115,143
20,5,115,16,113
144,145
37,12,146,147,9,148,149,150
20,15,151
152,29
82,27,153,80
154,155
65,90
71,156,89,157,158,159,160,161,162,3,163,8,164,165,166,62,55,4
76,167,42,168
23,169
117,170,81,32
171,172,173
174,175,176,163,71,177,178,179,180,4,89
71,181,163,162,175,89,182,183,4,184
185,8
64,67,186,187,188,90,189,18,17
178,53,190
65,153,24
167,9
34,133,191,32,42,192,29,24
145,69,193,194,92,195,1,18
196,197
198,4,199,200,201
89,161,4,202,203,204,152
23,181,90,42,205,206,169,207,208,46,209,64,16,9,210,51,62
211,4
24,42,153,27,29
212,161,196,154,213,55,214,215,216,217,218,219,13
220,62
221,117,222
5,113,53
223,148,9,2
69,198,167,65,206,96,224,225,192,226,169,55,21,73,5
1,227,65,64,145,228,66,76,229
230,231,228,232,233,234,235,236,237,77,198,229,0,238,74
141,239,240,51
61,241,207,242,20,51,243,244,142,49,5,2
56,5,9,245,151,246,247,113,248,148
69,249,108,250
251,5,252,253
8,254,251,114,178,62,71,4,255,152
256,257,8,183,113,258,259,140,5,52
260,261,52,262,166
263,107,110,111
43,8
264,148
59,265,266,267,50,268,151,269,270,271,272,273,274,275,207,276,115,277,278,116
65,279,280
281,282
129,29
283,116,115,59,284,285
253,286
52,148
205,115,172,2,287,89,3,53,219,5
263,76,288,90,23,289
290,89
69,115,24,8,42,291,229,292,293,294,55,252,295
22,135,134
260,52,155,62,296
65,194,29
95,297,211,2,169,33,298,299,141,300,73,301,302,99,303,115,96
253,166
4,29,304,74
201,135,66,117,33,78,305,306,206
4,61,8,307,299,5,308
309,310,157,311,312,300,55,185,219,161,253,114,152,313,8,314,218,214,315
90,316,306,4,310
166,152
317,318,319,5
66,320,321,4,27,322,323
324,62,325,52
130,32
326,70
327,148,259,11,5
54,328,27,163,92,231,329,239
306,233,231,330,77,331,332,333,334,76,110,23,93,249,229
162,6,335,163,178,174,89,4,71
47,336,337,77,338,339
8,292,340,166
90,28,191,341,42,32,81,69,77,342,44,33,343,338,344,78,23,345
311,346,347,8
348,349,11,148,5,317,56,51
42,80
350,62
156,351,352,353,354,8,314,355,114,54,356
27,192,123,23,96,0
247,5
162,176,357,358,178,181,87,254,359,360,324,4,6,62,71,89,361,52,260
151,362,5,363,364,247,225,53,365,319,2,20,116
117,96
366,52
367,107,23,368
369,2,370,115,371,167,53,299,5
42,372,373,374,24,201,33,128,119,27,375,122,81,32
376,140
51,149
377,277
378,349,5,242,11,148
379,74,76
341,228,380,73,42,81,381,29,26,33,83
71,176,335,382,190,4
1,108,74,383
325,384,324,88,385,72,296,220,386,387,52,388,389,62
148,52,390
32,353,127,363,262,164,74,383,24,142,148,69,231,391,62,166,338,167,392,393,1
296,80,89,87,120,288,96,90,302,29,8,394
338,395,90,69,65,83,1
4,162,166,396,217,178,53,8,397
398,163,357,174,6,220,208,62,399,400,177,388,164,296,181,175,325,89,162,190,401,402,52,403,178,255,4
142,15,404,0,23
405,406,407,145,408,409,189,410,194,411,412,344,413,144,414,92,415,416,417,18,69,1
5,4,53,140,349,418
4,22,255,33,178
83,419,90,32,78
3,420,353,219,8
105,263,93,289
421,422,87,423,180,176,424,425,182,71,181,175,162,255,208,174,163,426,6,178,89,4
52,220
49,224,113,427,428,429,115,2,20,9,5
430,431
199,432,433,172,434,82,93,42
148,8
89,425
42,113
9,418,435,259,167
341,48,436
73,22,191,127
55,13,351,166,346,154,310,262,437,8,157,185,356,114,292,161
145,96
438,166
53,341
439,90,38,91,440,441
148,140,10,5,442
232,93,298,440,443
69,337,90,236,1
262,299,89
444,33,120,21,191,445
148,438
166,156
110,93
303,172
427,310,20,176
9,4,446,182,8,113,20
6,447
378,194,448,4,8
2,49,61,276,20,113,152
383,90
4,449
312,8,212,161
33,236,67
167,5,49
141,450,274,451,20,61,115
452,374
453,454,52,438
455,456,4,71,457,62
458,174,459,191,77,61
5,296,115,8,12,460,185
304,73
152,73,2,115,249
208,461,8
323,341,411,306,90,42,73
110,93
27,394,233,332,96,338,81,231,69,120,462,74,33
172,78,300,95,114,71,74,463,464,465,466,12,4,115,42,389
113,467,428,8,5
59,8,113
74,468,112,293,392,90,76,105,410
178,183,4,469
2,9
303,470,28,29,73,43
471,96,472,127,121,473,474,24,42
24,191,326
9,475,127,8,0,1,62
21,43,476,477,78,478,479,93,480,481,90
78,16
1,67,90,338,482,69
42,29,483
2,484,148,317,363,5
233,228,252,77
54,8,458,55,485,3,4,183,152
247,50
231,66,1
319,486,487,259,61,9,488,489
137,169,43,127,75,194,406
89,8,55
56,51,20
490,96,36,4,312,65
348,58,247,363,113,378,491,149,5,12,53,492
15,89,11,8,349
493,494,495,233,105,198,228,74,306,496,497,263,23,0,498,252,229
299,322,306
499,5,113,500
57,4
131,501,132,117,502
50,394,62,78,47,71,114,74,148,503,504,388,61
280,169,505,73,342
141,319
247,146
506,141,248,142,51
152,166,458,8
229,263
263,144,77,338,229,90,507,329,198,476,508,1,74,331,509,481,288,23,0
69,510,144
20,302,8,55,488,4
22,74,24,511,258,32,2,229,512,344
75,15,96,326
336,110
513,198,514,515,516,90,81,338,127,17,517,394,518,519,65,520,73,521,522,76
273,268
20,49,523,524,142
6,163
525,210
205,526,527,113,52,2,55,499,140,9,141,8,49,4,528,420,51
529,327,5,8
530,531,443,5,8,300,93,532,143
74,99
190,385,183,71,258,182,296,533,421,89,178,52,397,534,181,535,4,220,6,536,177,62,208
303,28
537,538,413,411,1,145,92,414,344,293,539,194,540,69,541
66,470,383,90,259,81
42,70,125
542,81,169,153
172,543,49,226,115,51,241,457,544,248,545,151
356,174,61,301,2
546,95,229,338,0,547
69,338,113,192
229,330,77,107,76,228,198,74
71,6,447,52,548,4
215,356
78,8
549,436,550,341,27,280,33
551,20,552
363,49,141,52,20,183,178
90,198
553,127
4,554,341,90,555,62
5,148
8,114
90,81
9,556
2,427,245,15,20,116,557,558,457,142,51,148,10,5,559,487
169,51,29,560,311,374
502,96,135,553,117,561,153,24,562,32,563,33,564,28,29
27,78,33,338
559,141,20,115,51,16,276,143,140,239,277,299
90,100,194,24
492,565,5,53
493,306,198
9,364,148,491,167,225,528,5,10,53
16,566,172,567,244,299,568,569,268,171,20,141,570,51,571,115
89,223
268,545,255
114,54,309,353,8,152
572,573,212,8,292
574,575,512,48
69,541,29,76,66,5,182,53,4,166,78,576,472
4,577
73,65,169,110,93
515,434,578
457,49,225,20,59,299,61,5
141,427,8,378
579,166,458,8
215,580
30,153,33,581,94,582,583,525,515,513,81,456,342
191,24,32,28,29
584,0,90
331,42
166,52,89,585,586,587,62,258,4,8,6
69,1
8,89
212,61
349,4,588
55,219,589,190
49,207
195,44,590,69,298,66,338,65,591,415,90,64,47,145
92,1
89,185,161,535
148,502,331,291,33,89,82
192,169
81,592
61,5,487,115,167,593,499
8,4,2,594,563,252
116,67,595,296,338,247,5,4,53,48,596,597,32
172,115,598,241,559,140
153,206,482,42,338
302,141,303,599,328,52,427,458,65,162,166,81,600,601,439,602,60,62,70,8,4
518,110
32,81
247,219
174,586
42,73,96,210,460,33,128,78,27
185,264
81,467
603,132,24,394,564,229
604,605,313
606,166
607,95,229
67,92
608,83,609,610,590,64,65,584,338,281,90,383,306,67
309,393,148,611,172,51,612,613,614,20,5,115,301,457,214,52,8,262,296
96,169,29,39
166,615,52,8,212
172,81,192,167,616,90,8,60,617,110
618,178,166,4
619,133,191,620,22,24,42
381,170
514,621,622,48,623,169
229,107,333,624,93,305,462,65,69,90,279,91,448,237
2,73,5,625,29,4,100
229,507,76,626
8,4
49,20,50,16,248,51,277,139,241
198,23
161,5,60,20,229,508,90,110,627,8,247,169
90,135,43,42,80,70,69,92,628,629,46,0,73,630
54,71,204,165,385,8
631,632,633,51,16,242,113,5
634,586,635,62,636,385,52,637
90,638
27,74,0,491,78,53,140,5
562,33
115,262,573,212,166,172,586,639,491,20,226,433,147,239,62
48,64,118,24,77,413,78
470,306
640,78,221,81,641,33,562,169,456,21,642,153,341
53,197,113,643,2,487,5,10,225,349
117,169,303,502,46
184,175,181,4
644,253,8,166,307,645,393
646,310
559,223,396
69,538,5,10,236,4
0,647
331,412,92
38,383,141,69,0,90
23,0,64
241,52,4
568,378
89,4,648,442,8,649,650,258,651
54,89,310,162,62
178,174,190,160,176,652,89,6,181,175,261,4
15,16,299,140,559,51
116,152
110,0,70,29,73,83
100,153,304
78,653,80,23,21,280,0,93,654,229,655,379,192,74,66,24,221,65,27
29,225
27,120,46,21,656,657,153,81
55,114,8,658
23,0,383,33,659,394
388,181
660,28,661,459
122,662,663,132,117,127,73,664,665,134,125,522,70,129,38
5,4,248,292,114,666,667
542,27,668,35,28,29
69,67,338
74,90
222,127,474,125,132,669,665,73,29,430,42,32,24
670,66,281
174,52,671,161,114,71,262,634,217,4,152,203,166,163,212,8
299,141,172,291,143,51
4,672
673,32,29,674,81,24,675,514
676,677,2,650,678,53,16,679,320,5,60,140,363,11
329,306,23,40,298,90,680,24
152,8
600,81,94,619,452,78,24,29,339,153,42
681,241,650,20,682,140,50,683,611,49,115,559,684,51,141,116,666,226
8,685
533,485,220,686,400,687,688,296,388,535,52,689,62
78,608,73
66,154,42
74,305
690,230,47,194,691,23,692,69,104,66,91,413,338,693,103,229,65,694,90,18
16,140,172,268,695,696,151,49,141,20,51,143,559,115
443,121
644,2,8
51,299,241
394,81,496,383,330
587,697
523,241,301,20,559,51,141,698,291
40,48
699,233,700,441,701,90,65,69,23
62,533
702,590,32,90,415
69,703,704,338,9
9,149,148,427,61,11,167
102,198,93,705
253,148
299,159
32,24,522
76,95
178,403,208,162,4,166,8,219,175,706,52,253,707,533
296,708,586,178
302,339
709,47
710,4,182
335,424,174,162,6,438,163,178,190,181,175,208,89,71,711,4
219,707,217,154
459,456,436,81,43,712,341,713,542,78,714,206,21,656,169,153,75,46,40,27,33
16,15,51,49,612,140,20
90,48
23,715
9,113,225,5,10
8,96,229,338
59,291,143,116,49,265,716,15,20,172,559,717,115,142,51,141
76,191,381,29,306
253,338,709,5,8,4,225,78,346,718,178,48,379,167,2,90,66
78,394
183,162,438,618,89,178,174,87,208,181,175,71,4,648
207,174,3,42,418,90,239,236,223,719,33,713,296,20
167,90,720,296
8,426
46,8,721,693,4,73
174,722,723,89,178,724,400,114,158,253,52,8,4,3,62
725,573,579,311,458,310,697,726,727,728,420,353,314,54,166,185,352,309,114,152,729,8
14,252,730,42
433,262,4,52,724
143,239,172,241,141,16,20,720,299,277,49,115,731,51
7,115,457,20,16,302,140,643,113,299,5
90,702,221,81,23
228,69,145,732
92,195,660,733,470,77,198,24,734,477,22,23,383,81,1,233,735,380,338
427,365
338,33,98,32,135,498,29,73,670,736,737,381,738,739,110,90,700,81,740,65,434,41
741,106,742,509,743,104,496,76,744,289,745,468,110,23,345,746,107,694,93
71,185,166,587
141,241
5,347,161,747,363,676,20,178,113,52,4,51,183
11,320
73,461,32,40
726,5
42,748,33,749,502,73,550
23,750
751,5
90,66,107
2,61,113,752,5,247,9
244,51
113,49
33,559,639,53
92,753
378,5
83,298,189,47,338
22,192,133
46,540,96,0,27
247,5,319
572,4,754
250,232,413
559,683,58
81,414,33,383
572,755,579,8
2,5
135,70,33,81,166,666
3,89
4,5
491,90,169,457,5
44,191,756,93,80,42,90,0,169,24,483,236,368,502,229
43,5,20,757,69,383
83,0,64,496
10,113
9,37,10,376,11,148
2,53,167,10,52,695,290
338,757
148,541,22
699,237,74,77,229,232,0,236
152,758
338,75,33,174,66,435
759,338,144,29
69,198
163,89,62,335
214,178,5
135,24,42,22,137,96,760
129,100,96,443
66,23
761,70
90,62,507,135,181,167,623,166,4,5,178,69,762,229,373,24,757,323,349
90,66
135,763,28
292,161,8,89,4
192,32,96,21,564,29,27,764,765,374
21,460,59,447,766,338,229,407,161
459,42,153,460,33,129
192,531
33,52,48,65,8,152,27,127
174,62,579,351,89,6
113,172,5,253
353,767,768,253,54,352,769,159,728,8,212,55,454
459,81,770,101,46,153,33,48,21
383,66,771,92,67,110,76,0,90,338,692,23,65,591,306,93,105,628,772,298,413
355,161,773,54,152,458,114,292,185,8
472,21,95,64,135,117,48,774,252,65,81,70,298,775,42,383,33,73,198,29,69,743
114,154,340,420,576,178,6,335,185,181,214,89,87,4,721,8,152,52
220,5,9
4,383,53,8,253,547,291,656,176,20,2,90,61,52,776
379,0
225,8,113,5,16
274,116,275,50
219,161,572
76,0,90,107,77,237,380,1,777
64,194,66,390,338
631,429,611,116,115
778,21
757,507
558,9,365,148,53,2,113,317,56,242,167,146,499,10,5
275,115
166,152
350,352,400,8
779,55,214,161
24,40,32,662,22,780,81,29,201,96,664,656,21
89,55
2,5
210,670,781,42,668,473,609,69,70,344,27,228,330,306
602,616
192,166,51,8,167,90,306,245,5,53,383,4,561,24
239,2
24,221
782,158,8
314,779,783,217
341,48,514,550,784,785,33,169
276,59,776,207,115
208,76,20,4,8,153
52,786,71,62,162,253,152,6,178,787,4,8
661,788,766
92,8,51,54,10,789,21,178
166,573,162,4
20,5,141,115,87,178,16
790,791
24,330,27,47
319,55,10,520,181,175,111,454,458
47,298,23,233,90,64,69
90,67,282,383
220,52,62,89,4
11,320,427,369,792,167
342,709,29,28
71,225
221,78,341,169,583,460
379,92,459,263,323,793,33,794,338,280,46,194
52,166,203,637,8
4,178
293,705,145,65,66,144
795,166,253,551,2,4,273
90,195
42,78,75
23,405,338,609,796,415,90,481,229,76
96,668,73,117,553
141,549
238,33,683,4
93,23
29,488,11,452
656,78
221,27,770,80,374,797,24,766,33,515,46,96,394,22,29,75,133
24,135,73,29,42,191
46,564
335,51
5,172
315,163,424,55,672,8,160,4,798,403,6,799,165,190,219,800,62
92,99,33,90
801,96
51,141,559,241,243,115
89,113,5,802,559,259,203,206,656,460,750,66,274,767
172,167,81,803
228,47
229,110
192,661,804
518,1,69,236,235,93,229,0,383,194,90
5,348
29,210,81,764,33
32,48,229,680,383
133,192,81,33,127,805,303,42,135
33,806,169,781,48,394
561,221,5,9,80,67,405,74,8,79,166
141,15,61,172,142,51,116,2,225,299,115
33,303,515
51,172
255,807,808,241
338,809,83
315,12,96,338
62,400,52,403,178
590,235,236,74,169,69,27,96,106,117,73
49,172,247,559,10,5,810
5,247,116,811,812
212,73,588,380,166,47,280,480
90,233,132,33,537
23,231,813,98,700,608,383,33,68,24
96,122
814,759,73,479
233,229,693
151,532,212,299,24,23,148,542,533,480,815,5,816
37,803,415
174,817,818,459
166,185,114,573,353,8
819,20
90,85,4,96,114
73,24,253,4,5,29,820,821,302,307,0
302,12
16,822,58,276,166,244,53,172
114,685,353,152,768,823,166,54,824,8
263,76,233,0,93
62,100,349,32
51,341,137,518
56,168,319,60,58,11,396,317,113,61,9,825,5,53
113,27
8,161
255,5,62,64
563,338
166,8
826,233
5,115,152,127,338,76,827,292
64,639
515,145,69,81,470,232
293,66,90,756
75,21,78,828,46,81
53,247,61,148,115,5,829,113,11,51,141,9
681,151,273,115,276
49,51,173,245
117,73,83,692,459,809,306,33,338
547,78,93,6,52
5,85
830,57
376,93,110,29
198,23,330,691,306,0,331,84,74,93,77
619,831
59,274,248,207,115,276,268,273,832,833,612,834,116,598,287,151
81,70,33,169,353
71,153,209,32
162,52,260,4,178,88,71,208,62,586,183
391,812,299,143
110,23
724,480
166,262,325,311,114,835,4,160,335,162,161,175,8,62
69,836,78,306,1,90,28
77,54,178
757,74
837,55,8,166,617
166,457,287,226,488,52
585,768,229,10,166,135,185,169
91,838,481,306,83,839,584,298,66,547,67,90,338
687,511,155
277,51,20
840,24,430
229,69,65,331,90,93,23,306,198,233
165,52
8,148,54,296,351,115,167,268,223,89,396,149
310,841,114,166,314,54,420,8,617
298,638,338,90
20,47,147,162
353,33
90,93,842
80,531,73
174,181,178,176,290,184,163,204,4,89
675,131,670
535,843,634,63,533,844,577,388,589,357,689,62,296,399,400,586,52,325
427,74
845,496,368,263,98,493,105,741,110,794,23,108,846,744,847,848,743,76,93
16,682,5
849,695,171,377,248,142,776,59,277,115,391,116,151
280,29
77,478,93,108,229
654,763,32,553,850,29,96,121,502,42,73,24,505,22,137
420,152,851,292,458,437,8
505,42,128,121,29,24
280,74,441,81
100,760
175,852,80,169,16,853,1,5,33,306,244,383,272,23,280,114,15,559,240,178,353,518
69,213,21,178
49,51
236,229,66,92,332,67,298,306,69,338,74,90
443,522
5,191,42
33,459,93
365,491,854,9,363,855,12,557,427,259,167,488,61,148
39,397,856
18,70,46,229,153,280,33,75
427,58,487,457,857,5,113,53
64,607
312,166
11,169,93
163,388,89,858,71,4
510,194,540,68,69,539,1,518
110,23
298,1
51,527,2
51,15,49
859,2,259,53,247,5,148,9
55,397,6,54,4,62,8
184,389
276,20,115,301,860,243,16,15,51,151,257,116,49
245,720,861,457
107,76,23,106,93,368,111
338,90,65
658,309,8,185,862,458,253,55,154,213,355,166
662,117,663,670,96,801,522,125,863,73,805,137,127,129,70
532,340
603,550,81,191,135
152,310
864,215,247,10
477,35,191,130,135,372,760,42,817,32,852,192,22,24,28,29
219,423,152,52,8,185
611,277,200,115,116,243,50
349,247
263,93,865,67,198,90,415,110,189
117,747
562,286,221
255,217,114,253,458,89,164,162,62,52,4,866,8,55
169,33
317,867,11,9,148,12,259
143,172,559
375,563,864,28,42
64,107,0,228,638,338,65,381,306,229,1,288,77
491,9,61,148,868
869,166,420,617,152,8
349,236
140,248,20,53,428,5,364
220,52,63,219,163,89
90,306,383
231,280,380,153,692,304,23,64,81,1,80,198,33
141,487,276,257,15,5,427,115,259,527
870,20,365,5,559,558
871,533,262,33,793,20,115,27,49,291,141,67,29,183,658,872,514
117,838,873,522
452,341,5,188
574,32
509,330
247,874,299,875,9,53,2,633
448,478,279,83,210,395,132,74,452,263,39,228,876,93,78,191,877,65,878
69,232
69,338,232,110
879,108
110,328,353,656,338,42,81,210,467,341,221,24,298,383,170,709,29
52,220
42,74,29,880,228,93,881
671,13,707,217,253,393,882,159,219,572,55,262
65,90
199,883,57,211,159,62,253,862,54,215,4,190,114,52,89,8
420,572,166,152,815,884,645,253,161,885,212,8
79,73
886,213,302,49,51,5
129,122,529,73,117,131,814,118,887,125,502,662
219,8
89,53
383,65,90
0,771,74,334,198,233,628
229,306,338,481,93,189,92,194,750,888,144,383,390
115,291,20,889,51
90,431,890,160,20,787,545,152,74,32
2,891
121,8,875,140
135,368,254,2,20,141,5,1
8,309
55,253,310,8
848,83,77,67,383,367,227,69,478,110,330,892,74,407,229,332,338,187,65,198,845,93,306,90
172,115,53,20,113,225,10
55,183,355,214
535,169
829,427,53,527,5,9,378
93,838,23,70,69,415,234,133,893
145,74,527,191,4,9,894,206,5,59
49,10,5
247,5,327,490
2,895,8,426,5,427,56
451,302,896,148,5
169,27,33,153
897,844,62,325,88,324,296,400,52,202
317,706,215,4,829,310,174,60
8,241,208,62,116
208,43,728,153,415,167,375
148,9
482,898,228,791,69,77,65,899,111,76,332,757,462,1,93
241,9,900
240,239,172,49,16,15,20
69,90
901,902,4
368,229,509,69,236,110,338,298
379,0,23,74,198,231
764,515,169,33,903
290,8,53,51,231,504
49,21
9,115,114,268,275,427,533,55,174,5,8
151,870
117,100
185,904
553,188,559,113,8,905,906,62,90,75,795,133,135,530,586,114,218
458,253,672,154,161,218,346,8,55,152,213
441,907,236
376,427,167
213,815,767,212,8,214,166
653,741,249,746,890,743,333,908,744,493,700,336,41,909,468,495,295,846,111,910,108,367,104,509,105,263,109,794,694,288,23,76,911,345,110,330,912,913,93
247,167
111,98,914,263,915,626,76,509,105,93,23,110,102
338,330,90
778,737,27,561,78,33,43
897,485,52,62,644
748,877
752,42
688,335
90,1
92,338,90,69
90,563
880,372,117
2,212
252,225,114,417,93,738,237
42,338,83,33,298,73,69,510,342,192,74,756
34,33,916,125,221,46,82,740,564,472,24,373,804,191,42
73,24,917,32
2,612,5,152,4,720,253
459,255,231,889,487,222,562,52,364,116
246,491
918,600,456,549,562,436,99,26,341,342,303,169,730,48,33
252,61
95,90
694,29,649
407,227,5,349,90,116
90,24
83,791
212,52,62
62,71,919,89,335,534,403,789,384,63,688,178,399,4,920,52
509,74,656,28,761,578
56,921,716,29,90,20,306,33,149
144,83
8,4
225,751,49,141,247
8,62,172,135,115,306,73,29
774,24,48,81
106,27,93,306,96,90
479,801,29,135,118
338,610,90,67,74
90,341,74,481,66,293
461,152,397,178,54,351,52,4,8,697,922,62
923,199,454,755,215,300,437,924,925,152,166,212,8,353,420,310,585,54,219,114,185
247,21
33,29
51,315,33,769,345,145,816,169,143
559,890,93,499
338,53,4,325,553,110,143,24,81,68,71,353,717
64,481
926,169
300,59,276
169,436
237,66,739,76,229,0,79,306,23,338,64,228,90,93,608,907
228,289,331,233,23,879
52,859
166,55
81,550
550,153,194,92,90
346,135,131,244,886,238,463,5,338,23
547,610
77,236,229,95,441,0,927,230,232
624,380
78,91,137
338,198,66,90,638,189,383
33,74
534,928,88,485,929,897,586,62,388,52,577
8,152
51,71
32,24
81,621,784
322,161
151,5,15,500,20,291
29,32
170,653,76,229,105
247,141,5
178,89,4
349,4,113,61,930,233,64,163,228,9,648,23,169,76
931,1,194,196
90,338,66,1,281
142,51
540,61,591,40,53,46,187,65,162,299,459,110,820,479,16,306,62,60
349,932,229,272,67,161,2,90
81,90
178,166,15,141,9,835,8,515,54,314,606,90,357,0,5
310,724,300,55
859,6,896,52,8,523,89,162,4,53,20
829,195,182,0,9,8,557,62,78,123,933,115,232,376,4,53,535,118,836,149,16
9,264
225,113,2,427
82,78
907,5,756,338
231,66,81,73,145,934
92,227
348,149,115
42,24,29,935,130
323,562,640,342,916,33,456,40
493,114,306,93,670,531,185
35,804,70
178,115
936,937,113,291
52,4,183,166
49,4
938,939,6,4
23,306,0
330,23
153,65,144,4,166
633,650,113,271
225,148,5,940,859,58,487,247,427,53
794,229
54,114,251,310,166,353,8
46,27
42,93,357,4,363,2,116,169,805
941,407,1,69
909,23,93,332,231,229,628
65,187,480,90,306
104,23,263
850,942,73,96
632,115
349,115,299,287,53
4,90,135,8
367,76
51,296,264
296,224
28,97,943
217,214,162,4,944,8,617,163,6,253,55,161,71,114,62,485
58,51,53,215,945
380,609
53,117,140,781,65
5,696,248,504,53,20,369,2,273,60,9,16,151,113,543
518,390,383,344,198,90,337,66,187,338,229,305,93,946
522,788,342,43,24,32,80,836,502,942,947,46,549,33,515
8,154
80,541,306,441,194,77,135,79,229,76,82,129,210,231,144,383,24,27,23,288
206,341,749,459,48,46,642,27,948,170,374,33,780,81,21,394
52,350
949,191,950,73,32,22,70,117,135,42,24,96,28
81,27,153,46,78,280,206,561,828
42,8,90
77,24
83,65
68,90
56,679,348,58,2,527,113,500,53,349,5,366,247
42,194,394,64,481,127,413,33,96,117,222,608,90
74,61,93,527,81,29
110,289,496,951,295,107,105,509
100,81,42,502,33,616,24,119,96,135,48,28,21,46,192,39,758,341,78,22
54,20,232,481,66
303,898,5
952,559,15,239,457,241,16,141,953,49,650,226,666,20,299,51
5,2
541,178,90,88,141,212,172,0,491
954,153,363,169
220,8
172,241
0,198,77
21,135,623,24,27,955,456,33,29,210,70,129,394,43
782,8,907,353
600,691,65,92,80,169,73,29,77,463,153,231,502,956,229,514,210,957,1
20,15,4,56
5,28
51,81
958,29,22,42,474,24
890,289,496,368,93
113,829,959,499
169,46,78,341,550,81,27,21,206,374
4,960
92,145
306,381
961,247,5,299,900
192,24
363,167,396,962
194,608,74
74,231
338,194,298,24,590,963,32,383,27,467,805,73
379,236,607,0,279
74,77
5,113,152,52,4
415,90,298,263,331
964,43
252,4,178,181,141,51,166,48,20,834,346
568,60,451,310,300,152,163,965
110,198,194
74,865,252,77,966
363,365,27,4,231,73,5,237,657,338,706,32,296,20,135,865,90,76
52,935,217,88,4,427,89,49,92,159,142,967,73,90,207,115,514,47,10,28
42,231,463
535,162
33,22,82,127,153,73,121,70,129,24,96,668
59,524,167,349,571,5
125,134,96
33,5,852,904,331,813,394,27
81,4
768,1,968,196,16,24,19,4,338,51,290,391,52,137,823,21
62,509
167,143,89,55
71,175,47,92,0,198,163,303,15,166,90,116,81,10,5,8
149,291,49,3,219,8,184,166,89,420,52,363
20,10,396,302,427,363
969,864
115,559,22,602,4,53
27,14,696,93,970,335,135,29,299,92,8,183,52
888,252,95,93
145,66,231
89,4,178
971,338,341
298,339
510,67
93,890
166,212,8
73,443,75,191,31
572,161,219,253,55,795,585,925,922
266,52,2
91,172,167,174,880,161
247,15,20,490,55,190,10,89,214,296,972,116,141,363,179,61,8,113,225,16,724,4,53,327
258,4,182,208,71
4,10,5,74,153,66,413,252,8,69,23
110,616,182,115,217,215,349,253,464,51,206,760,413,927,973
5,202,166,428,406,53,20,239,483,162,151,338,349,15
51,172,20,650
534,4,296
796,690,705,194,407,411,343,629,92,415,69,189,297,1,518,145
247,113
110,66,927,65,333,74,153,584,135,341,169,188,21,432,221
73,192,24,29
169,381,29,24,81
2,491,579,169,258
875,792,491,855,10,427,9,974,12,167,363,11,317
92,518,93,90,673
