0,1,2,3,4,5,6
7,8,9,10
11,12,13
14,15,16,17,18,19
20,13,21,22,23
24,25
26,27,28,29,30,31,32,33,34,35,11
29,36,37,38,39,40,41,42,43,44,12,45,46
47,48,49,50,51,46
52,53,54,55,38,42,56,49,57,58,59,60
59,61,42,46,62,39
63,64,65,20,66
67,68,69,65,30,70,71
69,72,73,63
11,63
74,75,64,76,77
78,79,80,81,82
83,84,85
86,87,18,45,88,89,90,91,92,93,94,42,95,30
96,97,98,99,100,101,102,103,104,105
106,107
108,109,110,21,111,112,3,44
113,58,56
44,114,63,115,30,116,117,118
119,120,106,121,122,60,123,19,124,125
35,126,127,30,27
76,128,129,130,30
131,44,111
132,133,56,18,134,135
21,136,41,137,44
138,45
111,139
140,141,71,142
143,144
145,146
132,18
99,147
148,149,150
30,151
39,43,152,56,42
94,153
154,9,115,155,156,157,30
35,90,158,159,68,160
40,75,161,59,162,74,9
103,163,164,150,165,166,167,168,169,170,171,172,124
99,76
63,173
174,33,175,63
176,155,51,56,177,76,63,178,18,45
179,180,181,73,62,182,183,184,45,185,56
186,124,78,187,188
57,104,26,50
39,189,190,191,40,192
11,155,193,63,194
35,195,196,26,44,45,63,197,30,198,199
200,201,202,203,204,44,25,155,205,6,111,41
206,96,124,207
208,209,210,211,212,213,214,138,215,174,216,11,13,32,217,173,218,219,45,220,194,68,12,63,178,29,221
150,35
145,151,222,223,143,160,144,153,182,146,224,20,225
161,226,227,228,229,55,191
230,154,119,76,65,46,231,232,233,234,235,236,9,237,238,42,239,240,57,74,18,241
242,63,35,136,84
40,243,133
73,195,244,173
156,245,59,46
18,156,246,50
247,248
37,233,249,104,83
250,45,251,252,253,220,196,254
255,256,40,76,46,257,121,258,9,15,92,259,260,62,18,261,54,52,83
262,106,263,257,57,43,264
265,266,267
68,268,63
71,49,269,125,239,43,270,38,156
44,155
122,77,106,271,100,272,76,273
274,251
275,106
160,276
277,45,244,63,278,35
113,190,271,43
139,279,280,281,282,283,284,117,144,285
194,286,287,45
19,51
2,57,59,140
246,288,289,228,46,142
83,290,291,292
293,294,153,295,6,296,297,298
299,145,140,24,117,293,279,300,144,301,94
35,124,302,49,73,38
292,104,303,83
304,305,306
83,85,307
308,34,309,30,310,311,312,27,115,313
311,29
22,29,314,315
316,62
317,56
318,196,319,34,30,320
86,111,3,321,44
322,20,109,323,136,247,324
325,326,260,236,327,104,84,74,123,188,328,233,83,329,76,330,100,331,124,332,9,263
44,333,279,140,334,335,336
337,124,338,339
340,125
177,65,40,341,18,342
309,343,27
44,11,344,30,345,346,73,347,63,321,140
60,348,349,350,51,351,43,56,231,352,50
353,354,302,343,27,355,356,34,90,318,357,358,22,359,360,30,361,35
38,362,330,125,236,46,76,96
11,196,35,244,33,363,30,13,364,313,45,157,63,365,366
50,49
3,32,367,30,368,63,45,369,370,126,313,371,44,372
67,190,57,50,233,59,9,246,38,154,243,292
56,373
246,67,260
111,321,144,335,374,375,376,377,378,295,379,293,24,267,380,381
382,283,279,383,5,280,151,384,117,144,297,385
386,11,343,30,69,45,387,138
292,228
156,230,51,46,350,43,388,389,390,256,349,49,257,59,38,56,259,50,18,391
96,83,172
213,26,392,178,29,45
49,43,46
195,63
73,30,393,27,41,394,35
45,176
224,395,68,396,397,311,196,30,287
398,399,400,75,257,49,50,401,56,330,156,402,52
393,403,126
83,234
404,405
148,165,406,407,150,408,409,410,411,124,412,96,413,414,260
415,45,92,416,417,132,418,63
419,420,69,157,208,311,45,365,88
288,104,76,51
43,46
71,59,30,421
29,393,34,210,343
422,140,30,423
83,424,104,425,9
426,237,156,11
44,137,144,427,140,155,428,429
113,50,241,60
30,196,63,423
45,56,43,103,233,152,249,315,155
115,63,146,372,201,430
431,173,432,392,433,29,365,434,195,435,436,157,13,68,63
278,437,438,439,440,357,22,196,302,343,441,27,318,442,35,34,126,30,355
94,111,443,151,296,117
444,247,418,445,224,446,334,267,304,447,448,136,449,450
104,451,83,9,452
85,453,83,104,271,292
454,117,284,283,455
260,456
155,360,11,136,311,274,423,244
457,153,30,458
459,267,252,3,324,460,395
7,461
293,462
412,463
44,434
49,314
464,465
13,153
84,311,111,466,467,52,93,30,256,65,153,76,156,3,145,49
293,117
258,468,469,35,306,393,124,63,13,50,39,74,76,293,470,471,14,472,473,474
475,43,56
34,196
146,140
38,57,65,471,154,391,341,71,56
71,156,65,10,40
74,83
303,476,76
380,3,477,44
175,35,29,244,45,63,196,30,478,68,13,208
267,201,479,44,306
480,117,481,267,203,252,482,375,111,109,454
399,483
484,485,22,69,57,259,56,486,76,59,434,154,157,288
95,280,404
194,26,419,173,487,11,45,63
23,43,83,321,311,46
488,299,144,385,153,489
46,465,156,57,54,62,40,246,490,71,56,341,50
106,335
237,65,491,227
77,298,46,63,117,18,44,74,35,212,84,125,134,76,0,246,30,311,492,54,493,365
76,30
173,494,195,495,157,63
30,253,384,496,497,99,194,45,115,35,3,498,57,454,271
499,39
500,308,501,367,502,343,23,311,415,22,196,126,66,115,251,175,361,35,30,244,27,441,393
503,195,68,63,29
504,37,404
249,37
505,44,224
127,115,396
205,46,256,30,85
316,506,59,220,507,65,63,271,9,49,431,17,508,509,244,44,21,93,130
34,311
65,3,60,444
46,156,51,59
115,118,311,248,11,310
100,56,256,107,239
74,473,18,56,125
35,257,420,111,73,45,104,60
46,510
9,63
130,134,49,352,43,133,511,512,59,60,50,513,56,18,46
514,101
44,515,45,52,58
96,124,236,516,74,171,292
83,18,157,39,68,433,233,466,517,13,518,215,308,519,46,94
520,83,104,271,292,233
521,148
2,313,522,523,45,195,30
92,239,524,246,40
9,525
526,49,124,483,269,236,341,39,289,83,226,38,76,46,74,527
428,247,143,137,267,447,314,0,254,528,265,136,253,529,530,224
123,260,43,52,329,288,492,235
287,196
285,115
76,241,531,532,59,213,124,136,219,533,307,117,22
147,74,76
472,38
534,380,225,335,375,535,25,131,324,3,44,443,111,321,200,536,505,155,537,21
136,538,446,375
18,65
539,377,540,44,541,293,139,542,543,20
45,60
73,319,318
237,49,18,62,71,56
473,316
63,152
311,544,343,30,35
144,76,545,21,546
547,51,56,465,548,549,177,156,18,239,230,46,60,257,59,391
550,267,551,110,530,201
46,49,43,256,552
146,293
404,20,93,145
238,316,142,59,171,104,74,413,156,329,241,547,553,54,71,76,554,57,555,106,239
287,365,33
268,556,29,173,63,195
76,236,54,328,60
129,65
38,51
316,239,85,557
71,57,106
3,63,418,454,45
308,30,12,73,311,29,173,32,419,63,558,126,45,66,559
257,106,142,62,289
313,124,35
71,92,82
60,65,546,59,76,425
85,560
561,36
195,562,196,563,528,27,564
46,45
565,566,150,567
43,65,46,568,62,156,50,106
45,569,570,29
321,571
32,45
404,454,95,144
572,233,74
99,573
574,115
54,40,38,82,548,60,59,56,71,575,228,57
308,367,175,576,23,309,115,181,396,33,577,578,66,244,311,579
296,380
104,555,63,38
580,581,51,148,260
561,582,583,151,182,314
313,126,35,584,416,196,175,585,29,138,157,11,30,115,209,215,63,586
587,169
213,11,29,73,194,195,63,45,173
377,115,143,45
76,124,65,588
552,81,83,498,50,589,406,590,156
11,115
357,100,18,577,59,63,52,115,591
26,63,45,367
45,592,153,480,35,224,155,73,115,63,394,144,29,441,143
593,155
594,384,346,3,564,267
30,209,11,195,311
595,11
279,596
71,156,54,92,57,40,59
597,134
598,134,56
71,85,154,46,599,66,95,600,113,106,293,601,6,602,462,29,45,63,412,311,9,30,43
9,64,303,74,37,76
92,603,604,18,190,55,130,391
46,510,18,57
74,316,274,57
385,25,605,153,530,224,324,93,423,267,293
606,30
63,249
46,190,76,607,49,608,92,609,43,83,124,610,51,74,56
71,611,13,153,316
50,612,18,76,65,239,43,92,85,46,260,227,613
145,182,293,159
220,579,318,244,22,366,30,45,126,558,11,63,562
63,366,99,57,106
614,444
104,331
615,311,154,616,13,64,249,617,123,18,63,65,592,30,3,59,618,73
3,44,20
71,42,444,39
423,346
44,190,55
37,619
113,620,76,621
43,579,224
44,131,477,536,3,622,21,252,41,6,141,535,375,204,203,111,20
293,396
35,118
66,45
43,239,613,59
153,455,146,336,95
623,325,411,624,113,99,469
50,385,357,541
455,144
29,63,293,45,244,111,115
625,104,626,233,292,37
123,236,466,263,77,74,85,104,271,249,627,233,607,9,83,515
404,12,628,511,129,50
124,329,83
239,62
399,172
75,106,57,629,630,9
379,284,140,145,117,93,293,631,632,279
293,63,45,577,30,455,3,308,454,144,117
531,478,127,35,30,633,311,115,634,579,23,441,308
244,12,45,635,29,636,11,129,311,210,63,68,220,432,30
637,271,525,76,50,52,83,638,57,98,56,629,107,161,84,639,514,59,124,65
528,31,640,115,41,157,136,35
641,642,10,52,42,57,643,106,316,62,288,65,237
437,209
55,156
161,229,228,226,40,82,122,92,644,262,107,241,39,89
155,68
44,380,131,645,111,20,375
341,311
646,77,123
629,391,18,256,156,239,237,554,228,647,59,55,65,56,648,43,241
514,649,104,650,46,651,59,236,144,548,499,635,56,313,210
26,32,247,146,361,35,11,652,45,118,653,368,404,654,438,343,419,115,655,423,218,173,111,63,195,308,287,29,44,244,27,30,636,311,355,73,20,196,22
237,171,609,510,260,43
290,515,233,303,656,271,657,123,453,76,617,104,572,9,263,85,74,452,83,658,64
190,45,46,455,51,396,66,384,144
220,29,68,45
100,586,74,293,63,56,35,511,659,493,660,27,661
124,662,169
30,433,63
76,74,328,77
237,152,62,57,53,663,154,42,106,67,402,664,52,55,665,10,82,232,666,241,39,92
148,667,96,668,669
156,670,59,50,256,51,46,49,671,43
29,35
52,671,325,196,91
12,350,76,154,43,57,256
160,658,74,311,672,673,501,412,418
90,45,546,239,674,63,347,675,467,18,154
3,342,40,65,527,38
676,419
126,196,30,278
677,64,678,658,328,617,236,329,77,679,332,9,84,100,76,515,680,81,74
92,681
11,29,682,45
113,124,683,400
125,49,684,50,46,685,686,156,59,257
542,376,687,93,660,295,688,423,405,562,689,333,346,1,631,690,691,293,117,596,144
31,174,26,63
2,468,444,111,692,21,693,267,44,535,254,3
151,117,283,376,694,384
64,46,695,82
302,361,30
696,420,136,697,45,3,29,5,577,155,173,321,311,20
18,49,698,349,239,156,699,700,43,548,46
701,128,162,236,75,64,84,702,74,703,76,425,77,123,332,9,452
244,45,63,361,522,195
115,244,308,415,311
76,9
41,23,30,63,22,196,311,313,155,576,29,704,115
182,29,375,63,436
705,215,365
316,667
23,706
399,707
609,154,71,62,473,65,57,227,10,106,246,316,42,152
68,45,197
293,141
576,126,27,30
44,140
65,45,83,115,708,59,196,709,710
195,39,335,42,711,316,29
712,556,11,195,313,30,713,69,173,20,73,23,333,63,545,196,311,45,29
561,45
57,237
154,714,39,43
247,715,136,448,459,334,254,267,428,551,143,716,224,717
426,718,257,311,221,396,498,224,662
44,20,41,535,111,719,720
46,123
697,45,721,68
141,535,35,3,110,282,455,722,34,88,45,195,30,723,63,356
245,724,725,40,50
153,487
726,393,66
249,76,316
155,115,63,195,12,196,727,29,579,11,423,460,523
163,728,171,124,96
293,346,368,117,297,455,153,146,729
730,18,140,412,96,612,65,63,731,332,311,629
629,56,51,14,473,125,239,732,142,106,156,511,733
124,260,734
453,76
30,296
579,673,69
735,30,45,68,63
736,737,8,637,64,46,76,42,700,260,37,624,74,65,124
43,56,38,134,125,255,46,60,390,18,120,59,511,738,156
739,148
73,570
192,76,548,100,83,52
30,740
461,260
30,26,255,153,63
153,457
741,570,742,30,743,31,744,68,63,115
50,745,195,244,46,32,30
215,45
239,746,14,747,56,748,317,349,511,512,749,527,132,60,750,38,18
77,328,236,162,76,424
30,751
752,415,251,367,576,244,579,66,309,175,115,753,311,396,308,577,654,33
76,754,634,144
293,481
43,59
556,93,45,220,13,66,353,306,63,30,111,44,372
755,669
50,732
124,414,121
46,65
168,152,177,39
18,490,63,419,92
17,65,76,46,411,56,40,527,74,92,292
472,60
30,11,311,63,365
104,725,37,271,76,84,236
51,554,60,17
77,163,96,756,100,233,76,678,83,64,85,147
101,51,83
237,76,18,74,233,124,65,106,257,606
460,311,93
44,21
718,260,399
175,35,34,367,757,30,66,88,302,474,115,244
106,156,54,591
758,244,538,759
479,306
760,29
348,761,18,50,762,46,49,239,59,554,256
49,256
247,153
93,763,3,562,304
42,46,38,548,700,764
335,602
40,228,57
404,24,687,117
63,238
536,321,111,381,44,444,155,334,265,3,551,203,6,20,380,136
45,29,349,49,18,30
82,107,289,152,613,65,106,665,57,765,154,733
45,182,63,44,311,76,738
55,10,237,766,154,609,666,341,289,142,288,65,62,71,767,42,57,643,106
92,568,50,259,119,679,408,271,43,104,768,42,239,425,602,74,527,485,51,57,76,18
396,769,195,30,63
39,51,65,46,133
161,332
422,220,45,196
126,18,311
256,547,47,685,48,156,51,50
349,685,56,156,134,18,511,15,59,512,46,43
404,770
107,73
334,479
649,400,99,260,124,121,113,409,737
334,529,94,111,247
23,146
84,104,76
43,257,512,39
771,772,124,207
773,774
13,244
256,65
93,293,44,775,505,136,380,155,297,776,777,117,146,454
349,749
237,640,83
172,31,34,123,59,35
366,30,34,579,248
566,260,113,668,172
76,156,52
67,11,9,196,591,63
303,233,668
84,76,77,124,123,607,9
169,399,778,408,166,261,163,567,260,409,124
44,321
11,118,63,32
63,197,35
196,511,485
329,399,105,517,148,84,463,124,619,164,74,76
779,448
115,33
49,46,156,59
293,529
124,76,7,260,37,9
44,637,780,781,9,74,210,782
99,46
349,783
236,76
76,50
118,323,69,45,293,11,366,63
469,667
784,59,50,46,349
88,30,467,343
30,785,90,357,35,196
219,82,27,63,46,155,161,256,30
115,181,175,422,311
649,83,307,412,76
237,588,52,65,246,10,786,62,71,664,613,55,227,57,106,154,787
42,246
29,480,730,196,63,788,316
50,43
45,215
234,48,668,154,9,76,475,56
175,196,758,311,30,355,35,198,789
790,316,246,644,92,82,65,57,241,71
49,58,391
27,195,319,33,30,654,531,302,12,63
42,265,46
237,205
660,140,709,93
56,349
589,120
35,45,11,726,140,30,25,115,562,63,215,375,111
29,791,213
10,57,609,71,237,532,289
792,561,293,454,793,117
13,794
579,33,66,115
778,39,43,59,256,47,76,92,9,511,77
169,40,683
318,393,795,277,437,796,27,441,361,35,34,126,343,355,789,22,196,30,320
392,577,321,136,90,311,153,535,45,244
577,313
311,308
541,34
797,38
193,798
93,799,404
44,203,304
800,492,630,96,260
311,35,196,420,375,155,30,29,63,392,313
533,123
664,241,56,51,57,243
35,146,155,9,30,145,55,801,723,63,76,22
237,246
195,802,68,30
85,271
210,45,68,63,493,13,118,195,220
29,40
54,271,155,30,267,153,706,239,196,756,249,60,67
803,65
804,805,264,82,190,475,39,92,107
154,806,29,305,479,35
419,11,35,194,73,353,34,31,807,30,311,45,115
643,398,62,455,425,140,404,30
59,154,50,65,82,750,532,57,76,46,40,56,62,18
35,121
294,211,433,45,346,357,355,30,44,173
799,153,808,809,94
49,256,156,59,43,46
623,56,156,76,7,573,65
810,811,115,44,22,160,73,63
188,37
44,52,173,43,812,157,318,361,56,386,195,465,76,74
454,345,144,809
413,408,813,510,124,814
185,738,152,107,241,49,815,9,816,817,381,83,115,63,65
18,194,182,11,171,818,63,469,40,226,115,44,76,104,43,220
60,18,511,700,49,56,46,156,59,465,239,349
83,99,239,76,77
293,632,423
24,4
149,725
299,376,144,454
257,390
65,782,57,190,237,156,71,341,60,107,62,812,471,42
60,238
819,83
124,469,409,514
44,345,293,529
659,35
299,279,300
506,577,13
156,67,396,76,195
38,76
577,82,228,30,218
94,195
51,240
76,84
393,355,196,278,30,361,35
820,445,265,224,254,334,506,821,137,652,267,247
232,641,237,154,52
309,12,45,30,210,73
454,139,385,117,655,299
46,65
11,367,196,73,115,578,293,601,63,45,32,822,30,250,173,157,571
423,521
246,62
106,391,154,42,823,750,50,18
332,154,65,76,77,57,123,408,271
88,35,27,34,30,196,318
314,379,108,44,160,324,712,449,375,155,117,20,293,304,824,247,151,777,333,279,283
99,148,96
289,733,92
224,448,458,479,571,247,155,395,375,44,20,3,304
67,226,71,55,228,40
438,425,292,133,65,124
76,40,239
825,826,827,76,828
462,24
57,46
461,150
156,829
744,577,830
57,64,239,60
35,831,420
146,140,374,93,153,293,346
832,93,44
124,315,9,431,292,82,190,771,629,134,743
30,146,29,761,56,45
66,366,45,769,35,63,343,311,115,318,30,118,73,357
59,123,76
9,59,249,40
548,715
175,319,313
579,63,294,73,361,423,11,334,155,244
526,83,515,76
225,296,140
498,9,332,76,77
833,834,471,60,89,511,65,76,274
551,253,305,530,247,571
831,633,835,316,38,45,74,92
76,30
65,56,60,10,57
44,375
237,349,30,257,63,559,195
136,200,1
694,494,836,31,283,45,837
682,709,824
838,76,515,236,75
50,40,591,49,226,84,14,97,608,171,549,39,76,82
512,662,40,839,549,124,290,9,119,92,17,473,156,191,780,62,76
200,321,247,562,63,73,422,115,45,93,220,450
341,18,106
840,70,699,43,15,46,38,256
365,195,556,434,268,503,13,157,173,68,433,63,837,29
95,299,117,279,345
124,46
841,112,21,321
233,83,167,103,9,76
45,153,237,781
40,329
325,628,292,842,567,327,77,171,329,565,249,76,37
40,239,52,156,843,695,257,512,190,82,56,62,65,288,10
331,844,76,668
719,375,537,322,44
72,454,26,45,343,30
76,332
115,76,30,63
65,289,92,237,154
304,418,845,652,267,265,506,715,529,480,136,247,479
308,802,175,396,467
226,497
30,420
29,173,13,63
164,846,166,847,848,620,150,623,407,413,662,124,121,260,414,148
76,258
260,187,106,236,59,233,289,52,849,246,850,407,154,274,851,76,124,65
349,497,827,42,271,57,852,154
256,51,49,156,46,853,43
166,464,84,236,557,260,854,83,76,77,85,855,271
577,779
115,387
173,63
285,345,856,44,247,423,267,3,254,140,321
16,647,76,92,238
571,682,233
404,379,250,252,293
409,469
155,693,529,20
597,420,59,76,485,22,237
90,441,343,387,30
857,11,173,115
457,420,28,118,69,218,213,364,32,563,287,45,11,73
51,597,629,858,59,257,497,156,49,46,513,125,43,50
581,739,166,188,755,103,148
320,140
40,53,192,859,39,471,340
227,16,275
490,308
316,65
45,63
139,712,299,385,94,824,455,860,861,293,454,862,117,93,24,140,153,145
237,863,257,50,156,391,256,733,834,46,15,43,864,865,42,246,40,142,62,491,106
678,42,71,9
196,437
331,292,97,85,79,851
196,244,45
306,866
106,74,867,868,839,334,50,233,62,383,45,350,39,46,279,535,76
99,271,42,233,256
529,333,706,73,115
60,13,115,56,46,43,862,122,194,869
292,29,56,76,870,498,318
311,30
775,519,306,254,136,571,247
77,176
318,90,35,355,311,437,30,244,27,196
660,143,95,41,155,247
871,45,13,11
78,668,463,179,411,400,469,113,149,96,124,646,414,260
34,292
546,63,647,68,13,45,104
761,74,107
494,576,506,35
542,160,462,429,862,872,873,182,346,874,875,631,423,250,140,146,712,145,93,153,293,561
42,876,877,612,62,57,878,65,55,10,803,71,106,54,613
462,660,93,561,423,879
45,477,241,49
302,880,789,196,343,318,30
861,536,375,881,44,203,377
106,29
140,93,21,224,379,3,203,381,279
113,7,148,411,78,412
9,882,308
152,227,92,883,242,40,142,39
157,26,73,68,173,63,11,45
42,226
260,694,42
18,76,88
9,46
35,34,115,196,175,90,27,366,308,367,88,66,30,126,753
59,29,146
739,412
45,13,503,73,63,421,173
308,65,418,126
126,422,92
121,884,288,106
43,38,156,349,332,50,885,60,49,664,76,39,510
238,886,50,125,37
406,887,171,186
43,56,125,527,46,59,548,391,50
579,576,175,311
888,237,40,65
83,46,18,156,765,889,60,233,890,57,76,260,819,271,65
35,157,311,891,30,12,20
117,427,345,892,655,300,21,873,44,143,893
364,63,28
76,271,37,104,658,233,83
894,303,115,30,12
579,29
201,247
65,46,237,59
145,380
146,190,29,76,673,560,43,390,476,124,92,752,154,577,895,51,448,257,35,59,3,896,788,233
364,26,157
73,49
74,77,236
870,52,43
54,106,62
396,63
897,44
237,491,106
76,59,56,73,752,124,63,92,136
115,73,364
63,302,279,682
659,311
124,813
802,576,422,578,577,311,579,313
76,84
384,108,505
124,425
196,63,173,392,13,208,112,29,34,673,11,244,375
794,467,138,676
104,84
83,290,104,77,233,898,452,76,602
735,239,77
791,63,220
899,111,206,237,49,74,195,900,42,92,316,236,43,434,3,200
224,528,137,306
56,698,96,189,82,59
582,293,145
126,853,22,124,579,30,901,725,45
123,452
207,426,124,337,39,62,104
57,42,11
234,424,332,9,274,617,452,76,656
195,173
92,40
164,260,83,412,96,104,100,207,627,514,303,452,9,851,76,902
100,260
698,49,54,43,59
467,156,52
496,65
256,818,391,56,903,43,70
99,391
76,83
156,38
311,138,246,18,153
195,13,212,173,29,157,68,63,434
29,12
365,63,29
45,65,30,59
479,448,136,265,529,247
123,76
45,477,30
63,66,13,247
838,29,50,45
118,11
30,34,197,195,334,224
45,118
154,57,52,161,122,82,190,92,241,39,730
675,9
528,45,146,713,115,397
63,69,195
453,651,607,904,844,637,885,104,292,725,233,83
62,106
434,194
173,40,657,90,287,53,118,99
11,214
562,306
42,56,60
65,262,639,241,154,82,106,50,237,130,10,57
341,62,154,65
905,640,26,63,562,434,136,570,12,175
41,111,201,44,3
293,95,73,368,44,3,139,296,63,836,93,45,455
9,83,19,46
74,155,260,536,59,108,311,73,906,532,63,288,65
393,35
62,471,65,237,57
419,195,45,63
793,673,153,284,117,541,907,423,144,908
106,142,237,65,122,42,782
12,45,195,73,63
909,118,63,910,173,29,26,31,210,45,11,32
76,45,574
30,403,911,197
77,329
137,136,296,418,506,481,444
335,46,195,666,153,634,140,147,9,60,441,434,12,411,156,42
511,255,124,74
568,56,912,843,154,83,306,349,106,123,63,3,35,209,332,76,153,236,45,21
452,74
30,59
870,233,76,165,316
111,35,63
46,913
914,192
652,428,136,304,267,247,480,528,224
100,18,45,420,0,757
405,13,353
267,71,256,915,43,35,59,45,194
172,768,188,916,207,661,465,917,124
455,592,836,404,384,336,144,368,694,908,280,417,299,918
10,239,589,398,11,100,76,546,311,83,27,71,537,45,472,18,74,133
299,729,875,94,279,454,300,385,95,140,874,153,293,117,379
341,53,156,30
244,93
408,188,121,113,492,330,411,606,124,148,662,919,413
57,106
318,30,22,153
9,310,49,156,60,257
106,668
369,645,88,63,541,196,267,144,151,500,45,21,208,280,145,73
49,182
920,260,124,171
30,115,218,361,20,68,63,94,29,90,446,11,45,22,196
921,479,305,265,571,450
29,841,422,371,293,45
293,140
38,257,54,49,10,237,96,260,289,46,179,84,527,60
113,76,89,57,15
213,29,73
196,315
556,364,532,194,452,922,37,254
49,65,194,231
3,247,455,377,6
11,73,63
63,11
306,36,550,321
311,115,175,422,396
230,239
717,923,577,306,63,153,73
27,924
280,145
260,10
228,162,43,64,925,249,666,846,76,81,40,60,613,39,472,10,567,56,85
46,256
9,509
21,30
30,313,218,311,157,115,63,29
529,448,267,324,593,3,20,44
196,35
115,579
349,18,292,237,308,145,396,243,11,238,77,306,926,113,65,517,30,627,59,536
24,336,153,379
104,111,63,65,115,57
233,104,56
124,850,681,121,406,171,463,826,412,927,414,260,168,101,646
153,157,910,136,30,20,73,324,353,306,5,44,110,115,209,311,427,66,155
511,43,106,49,57,257,42,71
71,316,10,106,695,59,257,40,341
33,785,126,115,361,27,928,577,30
111,203,155,929,202,131
76,885,234
66,63,437,45,152
243,613,878,40,914,901,71,42,237,57,227,930,786,883
30,416,396,45,115
347,693,30,115,131
367,442
548,123,413,296,773,138,143,545,452,353,9,43,121,111,237,118,861
525,707,399,124,260,121,150,668,113,163
80,57
467,44,175,63,69,931,34,896
364,910,221,12,584,180,72,118,31,210,194,73,220,45,26,215,419,11,32
124,85,650
195,69,194,29,13,45,794,221,63,157
18,239,38
685,398,698,589,932,629,156,257,59,43,670,388,389,50,51,125,933,49,256,46,934
12,83,797,61,63,30,45,586,92,29,152
244,257
168,149,409,74,148,124,469,83,935,919,85,703
542,194,35,60,259,63
46,43,391,120,50,51,597
936,146,111,417,380,44,841
63,118
11,45,63,467
133,83
910,32,194,73
293,140
62,51
18,99
151,404,144,631
215,311,356
45,63
56,59,239
126,478,196,27,318,343,30
937,3,267,41,908
249,83,190,650,62,59,154,50,125,74,288,124
585,311
63,50,115,62
145,311,673,11,93,494,654,63,66,118,13,324,217,35,313,267
445,506,267,296,775,0,881,224,529
938,260
546,46,289,52,65,71
63,12
146,377,454,2,722,939,3,445,155,404
7,854
26,940
40,107
43,38,134,699,60,56,398,511,239,46,156,941,349,784,18,818,50,259,59
83,942,97,9,764,77,74,943,76,452,656,292
49,155
346,377,523,153,131,265,682,688,155,334,454,44,832,111
139,385,24,117,279
60,239,49,465,50
44,578,68,155
76,233,944,220
77,515,414,71
421,63
11,139,123,56,145,125,30,190,0,74,712,51,44,29,43
63,308,311,310
155,289
57,51,118
131,11,220,13
766,564,85,11,945,148
32,358,11
143,205
499,27
146,153,832
211,45,30
408,307
916,461,338,406,946,788,771,661,169,171,581,124,947,510
260,76,329
56,76,927,233
412,662,271,626,76
742,66,347,309,278,308,905,313,22,196,441,244,27,35,396,579,311,577,948,343,30,320,422,115
288,30
76,9
741,434,73,194,29,705,173,45
436,194,311,244,308,30,949
866,155,3,44,136
173,950,951,457,209,26,174,952,11,195,953,73,194,68,63,45
76,106,119,256,39,260,59,37,57,452,623,60,42
259,746,853,43,38,239,373,256,349,59,257,555,56,46,49,748,629
60,134
93,385,562,868,153,146,954,117,293,856
423,582,631,832,145,293,346,153
177,52,619,120,65,106,125,677,626,904
28,324
311,63,576,12,333,35
765,784,62
85,9,955
956,59,43,260,71,957,303,113,83,700,46,548,546,42
115,3,20,11,224,22,30,29,380,297,45
220,63,958,308,137,73,959,450,343,404,26,30,117
364,855,293,313,115,83
834,340,130
528,896,274,35
73,32,157,45
125,239
293,20
763,93,44,539
547,18
304,284,155,477
27,715
9,76
157,432,29,68,63
813,7
48,960
83,37,74,326
43,175
155,311
77,76
30,66,439,579,175,27
582,793
67,63
