0,1
2,3
4,0
5,6,7,8
9,10
0,11
12,13,14
15,16
17,18
19,14
20,21
22,23,1
24,23,25
2,26
27,28,2
29,30,0,31,25,32
33,34
35,16
36,16,37
38,39,18,17
40,28,36,41,3,42,43,27
12,44
26,37
44,14,45,46
47,20,48,44,49,50,51
52,28,16,36,53,40,54,42,55,2,3,56
57,58,18,59,60,8,61
62,63
64,65
61,66,67
18,68,69
50,70,20,71
72,21
51,73
8,63
62,74,18
51,75,50
49,21,76
77,50
78,1,9
79,28,2,36,43
50,47
13,47,48,51
34,50,80
23,81,4,25,82
80,77
43,3,42
50,76,48
48,76,47,14,44,51,46,45,83,70
29,84,85,31,86
9,87
59,67,63
44,45,48
88,59
89,34
90,41,91
21,45
92,42,2,35,93,55,54,53
53,16,35
24,81
94,36
95,31
16,2
96,78
69,5,97,64
16,79,2,36,27
75,45
4,87
0,31
98,85
77,99,45
45,99,48
73,47,49
72,80
40,100,42,55,3,16
70,47
0,24
58,101
71,102
91,16,36
47,77,14
103,31
83,50,12,45
29,85,31
31,22,98
79,16
86,22
73,45
103,87
8,64
104,80,105,48
106,107
20,44,14,46
0,96
23,1,30,98,10,81,0,82
24,81
82,25,23,81
76,75
108,93,28
45,109,33
25,30
96,31,87,4
109,51,110,21,76,19,71,83,14,45,105,111,44
0,112,113
31,25
114,44,14,51
25,9
34,44,77
115,8,74
4,0,29,87,30,116
0,87
113,23
45,14,105
67,18
23,117
19,21,50
62,17
112,84,24
51,44,76
8,69
79,36
81,10,30
118,112
2,3,119
105,47
22,98
79,3
84,29
26,93
53,42
36,45
11,25,81,31
59,17,60,120,5,66
110,71,47
98,11
5,74
55,108
20,48,51
23,84
85,30
67,121
122,44,45,46,51,110,48
46,47
79,36
64,65
103,30
42,36,53
16,35,52,123,2,3,15,27,56
85,111,19
76,73
41,54,16
87,25,81,78
29,23
98,30
33,51,105,21,109,76
66,101,63
117,96
16,3
106,39,5
3,79,36,2
51,12
27,79
63,65,17
50,48,45
44,76
30,84
47,77,45
102,33,73
74,5
18,8,5
103,82,23,29
5,69
64,8
78,25
58,69,17
86,98,96
84,11
63,66,101
60,74
16,28
42,55,37,124,2,79,56,27,41,40,36
120,115,125
89,80
75,48
63,6,8
49,105
62,74,69
25,23
34,14,50
65,63,5,126,69
65,57,17,8
50,14
100,53,16,55
23,118
10,25,78
113,31
102,45
66,60,106,63,67
23,1
91,28
29,25
127,10,30,85,29
105,14
25,82
63,5
67,63
83,76,72,44
29,9,23,85,24,32,30,31,0,1,84,82
41,26,128
30,0,11
26,42
23,103
55,3,97,75
89,21
40,56,129
3,27,53
66,130,67,69,5,17
111,51,70,45
96,87
5,63
95,84
31,118,95
3,28,54
35,16
77,50,70
53,94
59,5
54,3
121,63
6,62
63,65,69
101,69
69,38
16,123,90,54,100,2
33,44,21,51,105
2,26,55
20,33,44
68,60,106,65,130,61,8,17,66,69
46,114,48
50,105,109
2,27,3
50,71,49,47
77,50,44
44,83
74,8,120,63,17
12,70,48,51,114
103,22,87
10,23
3,42
48,20,70,45
85,87
105,44,47
17,131
31,9
24,112,25
81,23,127,86,103,96,84
96,22
74,61
110,44,48
101,132
45,80
69,62,5
51,102
18,97,7,66,107
16,35
24,113
117,22
101,121
29,11
23,25
30,31
14,80
14,49,70
30,87,113,84,31,103,78
3,27,2
40,3,53
7,61,67,69
72,77
67,5
61,65
36,90,3,56,55
58,69
30,82
69,126,64
101,63
4,30
5,8,126
11,103
54,43
103,117
121,101,97,5
116,98,113,112,4,84,32,78,81,0,31
76,72,46
27,42
103,14,108,45
50,83
120,68
36,41
103,31
84,25
84,25
100,26
84,78,0,22,81,25
69,60
28,35
42,27
96,23,103,113,81
8,63,38,17
96,133
119,42
98,25,113,22,117,118,24,81
20,12
126,63
98,78
127,112,11,96,25,31
26,3
84,30,0
2,53
55,36,3,16
64,5,8
85,118,87,103,113,25,1,30,78
60,64
53,93
51,45
109,73
14,44
45,44
77,111,19,45,76,50,49
30,10,0,118
16,79
20,47
8,63
19,111,12
49,77
25,117,127
87,84,30,117,0
67,8,66,58
27,35
117,30
31,96,118,32,84,81,103,78,87,112
66,8
101,126
69,5,8
63,8,69,59,64
42,15
18,7,62
59,17,5
16,2,54,36
103,29
51,49,20
50,49
10,24,9
10,30
27,55,54,79,41,53
42,92,27,3
84,25,30
2,3
36,100
58,67
49,20,45
36,28,16
21,75,50,44
90,2
15,93,27
30,95,10,31,98
84,103,112,134
77,102,44,51,122,70,47
21,72
81,25
18,63
43,36
7,115,126
33,122,48
80,14
49,73,76,20,12,105,14
0,1
48,49
120,60
100,54
88,8
19,105
11,9,87,25,31,22,103,24,98,30
63,66
37,53,15
84,24
84,10
45,46
55,40
25,1,32
51,47
36,37,16,3,55
22,30
74,17,69
70,14,50,44
0,87
105,48,50
86,116,25,81
0,30
82,78
71,51
36,128,42,41,53,16
86,23,9
36,94
79,53,16,26,119,55,91,36
15,26,2
50,45
32,0
135,27,3,100
10,22,31,1,113,29,86,23,116,84,118
16,26,15,55,108,2,91
82,30,98,25
44,20,12
44,110,48,12
101,8,65,68,61,64
99,50,76
52,31
79,36,53,54,16
19,76,50
63,7
3,36,55
33,19
93,55,2
97,130,58
3,94
17,5,131,115,74
24,30,113
37,55
20,44
100,52,26,43,56,3,55,40
13,77,45
41,16,27
117,84,32,11,23,30,31
124,37,27,15,100,136,3
129,53,42,26,27
121,69
30,31,116
76,105,83,50,109,47,20,70
113,85,24,84
50,105,83
31,30,29
69,18
27,55
62,121
21,71,12,83,75
53,42,3
48,105,89
27,16
103,31,1
29,133,11,86
55,26,28,42,53,3,2,37
50,83,51,49
103,31
41,36
73,51,72
57,5
76,48,51,105
63,18,101,5
18,8,66,120,64,74,132,17
73,48
115,17
69,7
41,123
69,65,18,63,8,130
66,17
0,81,113,82,98
77,12
18,8
64,125,8,101,65
63,38
77,13
23,31
131,59
79,36
73,12
76,80
48,34
36,40
103,0
66,63,61
47,48
8,66
129,53,2
28,3
94,3,15,27,2,36,28
55,2
48,34,122
41,79
66,5,126
77,14,50
0,84,98,24
36,3,28,137
66,17
106,6,66
0,10
55,56
23,96
30,98
20,14
125,17
80,20
48,49,76,45
46,50
50,46,47
24,4,78
78,9
133,29,0,87,113,138,84,81,31,98
24,25
116,30,84,86,85,0,24
5,62,58,17,64,66
16,129
24,23,25,87
33,45,44
62,38
87,22,31,1,103,30,0,9
36,100,119,53,108
49,83
58,8
92,56,3,41,40
37,55,28,36,135,93
125,18,106
30,25,23
28,36,42
31,78
64,62,125,60
63,130,67
69,106
0,86,103
66,8
53,41
84,30
49,47
69,63
50,14
25,31,87
24,25,31,9
107,63,69,61
101,65,18
92,2
34,46,77,80,50,51,104,12,47,45,48,33
3,123
65,17,7,131
26,3
96,11
69,5
62,101
36,40,16
69,18,17
55,129,28
17,8
68,8
93,41
68,5
42,27
3,2
85,0
80,13
36,53
80,50
3,36
76,80,51,114,105,33,77,111,102,48,44
48,34
55,92,27
39,5
51,21,33,105
18,74
50,45,46
130,63
8,62
42,55
64,106
33,48,50
79,3,108,55,90,28,42
2,28
62,8,58
12,45
63,61
55,42
78,84,22
81,25
49,12
87,85,24,30
113,82
63,5
69,39,65,121
54,55
31,85,78
31,25
66,64
53,16,2
70,50
125,17,61
2,3
0,31
27,28
29,113,30
44,76,50,51,20,45,105
45,76
5,64
79,2,42,128,3
63,8
53,92,40,36,16
31,11,25,117,113,29,0
77,99
98,81
103,23
109,48,50
44,77
24,78,4
92,54
89,70
33,83
125,69,61,8,57,101
58,63,8
28,2,36
70,77,76
112,84,22,103,81,117,32,98,118,25,96,31
64,18,58
65,59
47,109
58,8
36,3,79
5,101,8,97
50,110,20
53,37,2,3,36,27
130,66,115,101
55,119
37,55,79,28,54,94,27,3
30,84
31,22,24,9
131,68,18
63,58,67
82,30
8,69
20,76
56,52
20,114,47,34,51,45,21,48,102,19,122,44,70,12,49,50
42,53,93
59,121,106
2,28
50,14
3,136
123,36,79,129,27,100,3,136
0,87
118,24,82
32,31,84
46,47,13,50,34,49,14,44,45,104
117,133
27,55
63,18
25,81
2,36
69,17
54,30
90,27
53,100
55,3
65,62,18
3,16,43,36,100,2
136,28
79,52,27
35,36
9,31
125,8
17,6,7
50,20,51
19,77
58,17,61
93,27,3,16,137,53,40,55,2
45,19,110,105,50
51,44
25,32,0,117
101,17
43,79,2
109,48
24,29,0,84
128,15,108,36,26
61,126,69
101,115,17,58,132
113,4
8,101,88,66
0,117
127,112,22,139,29
69,59
3,16
46,45,110,50
0,84
27,55
7,8
60,63
117,24,4
83,47,45
110,33
25,4
26,94
105,20,47,50,44
49,50
15,52
30,84
62,101
42,128
64,120,62
31,86,116
36,3
66,120,106,8
24,31
44,76
112,1
66,17,6
77,51,114,47
14,50,20
44,77
14,70
23,103
35,2
114,45
50,19,72
35,36,79
3,41
102,76,49
17,69
115,68
42,111,20,72
98,78,117,81
46,13
62,64
82,86,31,24,30,4
89,48,114,44
47,21,105,48,49
47,12
25,0
51,76
113,84,30,96,31,29
45,19
87,25,78,84,0
67,8,121,62
105,89
72,13,16
131,8
30,78
76,46,51
36,53
88,69
42,37
140,41,2
84,4,81
27,79
2,53
30,113,25,133
18,68
100,28,128,16,3,93,42,79,55,27
42,129
31,25
68,59
98,1
49,76
30,22
28,16
6,65,126,64,38,17,57,69,74
112,23
57,8,66,125
64,106
41,54
128,42
40,26,52,27,42,37,94,129,2,128,3,79
50,51
69,88
29,78
79,2,40,42
63,66,65,6
116,25,29
16,63
27,28,2
17,58
84,0
44,105
106,132
36,53,28,40,55,91
48,45
84,4,30,11,117,78
8,64,62,130,6,5
12,45,50
32,30,29,103
2,94,55
82,25
68,18
26,28
31,117
14,105
22,31,113,81
86,103
31,84
80,83
126,60,7
47,50,14,105
89,75,99
47,48
66,8
135,36
105,76,12
113,112
124,15
84,95,96
5,58,68
110,109
61,126
125,64
55,53
94,129
80,12,105
120,64
4,0,78
78,87,86
45,48,47,102,77,50
134,138,95,112,32,133,139,127,11,23,10,87,98,82,81,118,1,24,29,25,9,78,113,116,117,96,4,103,31,141,84,85,0,30,22,86
35,36
34,50,76,44,77,45,51,12
84,31
70,73,77
77,122,45
76,51,48
25,31
115,61,121
25,0
116,113
50,14,48,21
27,28,26
21,19
97,121,66
107,115,7,60,74,17,69,65,58,5
120,65,38,69,60,64,67,5,63,58,39,62,130,7,66,8,17,125
53,55
79,37,40,16,42,2,55,36,108,28,56,35,137
115,8
0,118
53,27,2,16
80,50
29,23
23,87,24,118,32
80,83
69,64
25,31
131,61
43,36
61,8,126
80,47,83,109,20
81,117,24,0,31,82,23
117,4,31
49,51,47,33
49,102,114,71,48,33,77
42,93
79,3
25,81,118
16,40
128,16,56
30,87
31,4
7,17,101
130,66
8,121
115,63
26,37
135,92
0,31,1,10
67,125,58
22,133
19,46,33
19,33,48
49,77,19,80,14,12,21,105,46,70
30,81
4,78,86,87
114,21
86,29,78,30
113,24
64,8
17,8
78,82
50,109
38,126,64,63,69,62,106,18,65
31,84
118,25
65,5,59,106,60
105,48
62,8,58,126,18,17
18,64
27,79,100
124,3
8,18
121,59,17,38,18,61,125,63,5,66,8,62,65
1,78,118,30
33,14,45,50
34,48,44
0,25
69,67
48,77,14
67,5,115,131,97,66,64,62,106,38,7,101,8,17,125
62,64,65,59
104,71,75
68,59,61
29,78,23,103,0
65,101
121,74,125,68
10,84,85,24,11,25,32,96,0,30,23,31
12,34
12,50,45
28,27,26
25,84
69,106
53,2,42
57,7
49,71
25,112,4,32,84,0,30,23
60,17
30,84
117,29
37,54,16
2,3
27,36
142,50
20,14,45
81,0
50,13
105,44,46,50,14
110,48,50,49,14
84,118
87,4,22
9,23
64,8,74,126
17,38
116,24
28,2,16
78,30,86
36,40
129,2
87,98,86,112,30,22
106,126,7,120
87,29,24,0,103
8,106
115,18,131,68,5,17
53,56
128,37
125,60
2,92,90,41,79
87,82
84,113
30,113,82
8,63,7
117,0,29
20,44,48,50,51,114,89,104,99,105
0,81
101,131,69
5,7
5,59
30,87
94,135
81,29
89,70
117,84
6,66,63
19,20
64,65
125,59,69,18,60,65
130,68,63,8
48,89,49,21
12,70,46,111
20,19
11,84
84,10
36,92,26,42
44,47
7,8
110,50,19,114
7,5
98,127,86,9
105,44,51,20
71,49
55,53,40
25,81
63,120
54,42,3,100,28,27,53
22,84
8,101
27,3
65,18,63
54,41,108
10,86
114,34
0,30,22
4,31,30,25
62,17
52,100,135
62,18,8
62,7
81,31
8,69
87,85,81,30
102,51
66,67
30,103,78,22,25,95,4,85
103,32,113
20,47
27,3,41,26
56,41
101,58,17
101,5,88
113,98
14,75
32,30
38,65,69,126,18,5,101
129,42,100
24,98
117,30
70,117,20,33,103,49,78,10,50,32,12,25,51,83,81,31,71,84,105,4,44,77,98,109,113,0,45,99,85,48,118,34,19,24,110,30,47
49,105
4,98
115,68
67,63
4,113
66,64
113,78,31,118
75,114
96,81,25
72,45,51,76
49,110,19
26,43,79,28
86,29
78,32
50,45
125,60,58,5,69,17
113,10
50,51
82,29,25
84,10,117,113,9
69,17
41,79
88,8
87,117
130,61
64,63
115,65
19,47
74,18
24,0
45,102,48
113,29
59,8
73,50,20,70
75,77,34,46,14
113,4
27,16,2,54
65,106,61,8,18,131,58
100,36,119
7,115,17,61
79,41,26
36,55
101,67
36,128
47,33
0,81
130,132
49,111,75,13
8,5
139,30
121,60,97
8,65
49,12,50,71
53,36
54,2,41,56,36
28,55
35,36
80,50
66,57
30,85
121,74
120,38
30,0
120,63,68
66,88
97,8,69
50,19,44
61,67
48,80
50,12
66,74,38,69
48,49,44
82,23
70,50
16,135,35,55
5,69
17,63,58
90,3,43,27,42,108
133,98
76,105,50,45,49,47,20
12,72
5,7
40,91,140
118,30,10,81,113,4,84,31,9,117,23,86
39,115
87,0
113,10,112,127
27,16
61,8
129,36,94
2,79
8,69,5,58
17,65,5,74,60,88,8
93,27,15,108,16,36
80,45,105,75,70
25,31,112,113,103,11,86,30,84,81,98
76,14,50,33,44,89
38,5
8,69
36,15
101,66,68,62,67
118,78
52,56,94,53,93
16,36
19,20
109,47
30,103,0
67,59,39
86,118,95,81,117,22
21,70
0,29,87
83,48,12,45
45,50
47,44,20
36,23
44,77,50,71
47,49
126,8
123,55
93,27
50,89
27,42
53,55
57,66,115,5,64,17
63,68
55,16
115,130
33,42
80,50
8,106,38,58
29,4
74,126
3,79
106,101
59,66
3,36
84,0,29,32,116,30
59,74
25,30
22,84
50,12
88,60
14,105
7,61
50,71,45,49
59,48,46,5,27
98,25
53,55,137,16,27,36
85,118
50,45,48
121,66,17
88,5
28,35
109,77
82,0
27,93
87,78,25
31,81,9,25
25,87,24,0
2,16
19,34
63,66
2,100
87,118
69,8
68,29
62,59,67,8,7,65,63
44,49,14,48
77,114,105,50
36,54,37
84,31,87
2,90
69,60
56,16
17,120,63
23,118,24,22
54,56
42,79,36,53,136,27
69,62
30,23,0
70,45
108,35,36
3,36
22,96,4,31,84,113,29,32
16,42,36
69,5,64
135,79,2
53,40
80,76
43,3
103,25
106,8,115,131,60,38
16,41
0,138
63,106
69,8
127,117,0,24,1
79,16,55,15,52,41
74,18,69
50,45
69,18,125
27,3
49,114,50
64,8,17,61,18,62,115
32,113
43,27,137,2
2,55
101,5,74
53,37
137,52
51,45
97,5
4,82
20,47,105
25,31
7,69,8
8,18
32,86,103,31
76,45
8,64
90,26
30,103,32
33,21
63,74,17,62,8
23,96,81,116,29,0,84,113,10,25,118,87,31,85,32,30,24,78
103,85,24
65,66,5
130,8
56,36,91
8,65
65,101,120
59,97,130
69,64,88
45,48
29,113
101,62,18
81,29,32,98,11,78,82,96
6,18
114,45
49,44,50
81,87
16,42,100,37,55
7,68,74,8
66,63
53,36
12,96,47,27
84,113,81,118
69,17,61,8,64,66,106
62,17
3,93
25,0
9,118
118,25
63,38
45,47
3,28,128,56,15,108
82,30
47,111
5,17
30,22
45,20,83,76,49,44
6,66
100,2
48,51
46,44
7,60,18,125,39,130,115,65,59,126,61,68,17,62,58,5
27,55,35
17,8
10,25
43,16
17,63
28,27,40,16
42,94
3,16
8,61,64
10,96
64,120
65,61
21,80,114
86,24,98,11
27,128
117,25,30,87
44,80
79,27
28,36,16,27
2,55
126,61
8,63
103,32,127
27,3
49,20,83,47
113,81,30
96,0
102,21,50
42,2,130
2,54,27
129,135
132,67
97,38,8,17
36,2
54,36,26,16,79
130,8
69,8
43,135
142,50
26,16
42,36
113,87,30,25,9
103,117,133
46,80
19,76
44,45,14
117,81,31
0,12
125,69
126,7,106
74,8
74,101
49,72
23,25
17,65
77,19
114,105,70
27,128
36,27
55,41
5,67
13,14
16,37
29,44
60,131,8,68,69
30,95,24
42,53,16,94,56,52
121,69,63
62,7
132,61,8,97,126
2,108,54
3,26
0,1,29
21,20
27,16
75,49,13
49,110,83
100,36,41,26,27
14,80
9,22
28,55
71,77,70
48,75
23,78,4
61,126
116,113
3,100
23,9,118
74,60
78,4
65,8
110,44,49,99,50,20,48,45
5,131
61,74
68,63
25,0,98,30
23,86
85,11
5,18,106
100,92,79
2,16
6,130
74,63,64,65,58,6,18,8
115,121
44,77
98,139,22,30,103,0,24,86
64,61,101
7,121
94,41,36,128,2
102,49
130,63,17,8
0,81
109,20,44
62,121
105,51
50,77,71,12
25,30
50,80
77,48
50,110
89,48,111,12,50
60,106,7,66,63,69,64,126,61,17,8
97,121,69,17
127,30,25
90,92,123
65,6
3,2
130,69,101,5,18,57,65,62
3,35
126,59
68,60,120,69,63
36,123,3
42,94
8,5
120,69,17
55,137
49,19
106,64
85,0,84,78
55,36
11,32,96
0,25,86,24,29
68,126,121,18,115,6,66,63
58,69,5,65,8,66,62
69,66,18,7
11,84,78,87
24,23,84
73,102
33,14,50
126,58,69,65
57,8,65
66,68,63,74,97
40,28
103,116,30
110,45,114
50,13
63,7
92,55,2,108,35,94,3,41,28,26
72,99
32,81
49,113
47,77,89
17,5,63,8,101,65
91,53
0,30
68,64
118,24
117,78
70,51,50
17,7
26,93
76,105
77,76
76,47,51
29,30,24,103,117,113,81,84,0
66,126
118,31,84,81,10
30,127
46,50
53,92,55,91
2,135
