0,1,2,3,4,5,6
7,8
9,10
11,12
13,1
14,15
16,17
18,19,20
21,22
8,23,24
25,26,27
28,29,30,14,31
32,5,33
34,23
35,36
37,38
20,19
30,39
12,25
40,30,14
1,41,42
43,36,39,44
45,46
47,21
48,49,22
50,51
52,43
53,54
55,56
52,30
55,57,56
51,58,52
59,60
61,30
26,14,62,21,63,1
37,64,65
47,66
67,45,68,63,64,69
46,70
35,44,43
58,71,36,44
72,63
30,40
73,74,75
4,23,76
39,77,14,29
24,2,34
78,32,54
79,80
1,81
15,82
3,5
83,75
84,80,23,85
74,86
20,18
25,83,87
23,84
49,88
7,69
47,70,65,69,18
89,9
90,76
14,44,31
9,87
82,15
29,30
70,91
73,92
30,93
94,95
96,94,66
10,9,17,73
86,57
84,34
51,52
96,97
19,66
98,48
75,12,99,89
68,65,64
43,44,39
100,12,101
63,65,20
90,41
102,103,9
87,12,10,73
68,104
46,49
1,81,90
105,44,43
71,36
9,73
20,46,21,45,47,19,98,63,106,66
55,103,74,25,17,26
41,80
76,2,34
0,4
18,63,107,65,104,108,69
78,3,109,80
4,2
49,96
29,110
87,103,99
66,48
111,44
100,12
37,98
34,76,85
85,4,79,33
40,14
53,90,76,54,81,112,3,41,1,32
103,75
62,26
17,113
87,9,73
114,69,45,22,46,21,106,96
69,115
63,46,69,45
7,115
69,106,7,45,37
95,48
30,29
60,44,71,39,51,43
75,26,116
115,95
43,39
34,117,4,2
6,76,41,84,1
13,34
31,15,118
83,44
15,44
47,95
4,24
119,30,39,29,28
1,23,120,90,85,121
25,102,26
31,30
5,117,24
44,58,52,59
13,79,112
111,122,44
30,36
58,60,50,39,123,31,82,122,118,36
65,45,63,20,66,97
99,62
66,97,108
84,23
118,14
110,52,35
39,58,44
6,81
76,3
124,98,45
68,106
76,0,3,4,78,6
41,42
65,22
97,20,69
122,31
120,1,24
90,121
75,55,102,99,116
74,10,73
15,59,44
85,42
10,75
4,34,8
106,45
18,48,98
92,99
41,76,90,1,42,3
5,6,84,41
119,52,43
36,31,40,29
84,79
69,97,64
2,0,34,23
40,36
82,119
70,97
85,81,13
59,110,35,105,58,50,51,52,44,43
120,4
26,92
57,62,103
1,5
12,101
35,44,60,36
23,0,84,6,2,81,3
81,1
36,52
13,1
94,104
125,116
126,101,11,17,102
69,21
60,110,39,35,77,44,50,43,59,52,36
45,124
81,1
24,0
75,74,102
29,31
84,6
80,76,41
12,83,9,103
48,69,49,18
44,35
66,70
75,103,74,27,25
75,26
124,69,63,45,67
48,66,19
110,118,36
38,95
84,34
2,23,84,24
57,73,62,103
12,92,26,73
69,115,95,18
30,31
127,91,30,40
125,86
103,87,74,12,92,126,113,83,56,86,100,26,55,128,25,10
106,63,65,69,98
110,51
89,73
80,41,1,24,23
64,67
20,47,104
86,26
2,121,129,84,6,23,4
29,119,82,122,31,15,111,40,30,130
28,15
43,36
131,0
132,17,73,103,12
55,73,87
26,12,103
59,44
82,29,119,31
73,9
17,74,26,101
104,18
133,62,100
89,74
39,44,4
12,102
66,47
15,40
116,26
17,103,26
54,3,1,4,23,85
87,26,56
85,8
87,25,73
52,36
24,53,2
132,102,11
64,67
25,128,83
14,40
132,57
47,18,66,69,46,97,96
9,134
39,30,36
89,25
119,28,91,29
120,4,34
74,102
108,46
63,98,45
3,41
44,36,123
124,115,19
98,69,19,114,70,63,20,47,46,22,67,97
43,127
56,62,55,9,26
84,1
107,47
58,36,15,77
84,80,8
70,64,98,37
37,63,22
111,122
51,52,82,40,31,29,43,14
111,40
9,74,132,73,12,55
14,52
12,73
65,48
79,41,112
8,76
21,63,45,135,115,124,106,69
18,46
60,52,36,44
6,34,3,23,4,5,1,8
91,29,39
32,24
69,106,72
103,73,62
34,85
36,71,44,60,14
97,19
48,47
122,105,82
86,87
69,135
30,39
135,21
102,12,134,25,26,55,132
105,43
56,10
52,35
59,22
55,26
67,48,46,107
0,24
86,55
40,29,31
104,21,19,46,37
47,104,97,46,66,70
29,30,35
91,59
23,0
58,35,36,110
86,87,73
98,69
65,98,88,70
58,82,52
68,67,69
108,66
85,32
76,34,32,90,23,84,80
121,1
39,44,52
123,30
55,9,12,75,103,86,26
109,41
25,100
9,16
73,102,12
67,68,64
95,70,38,18
34,24,8
97,46,104,19
0,23
30,40
62,100,56
100,103,12,56,92,87,75,73,17,99,62,25
102,17
14,29
104,67
103,26
80,1
0,3,24,129,80
55,128,10
93,80
16,56
9,99,73,126,132,89,116
8,3
28,122,52
69,70,106,48
41,34
58,136
77,35
93,122
81,80,3
97,18
66,63,69,108
76,3
4,8,2
105,123,136,19,94,30,52,71,20,127,111,106,65,45,104,91,67,70,122,36,22,115,51,97,135,46,39,40,64,58,43,49,31,7,44,82,88
114,72,66
68,69
4,8,3
74,100,11,101,25
26,73,55
108,20,47,70,69
10,12
124,69
48,49,66
19,18,20,47
43,122
103,55,73
25,11,89,83
97,63,49,22,104
67,95
43,39,51,111,137,40,91,29,30,118,119,130
58,82,31,44,122,119,30,105,39,52
1,112,54,41
105,44,127,58
49,95
15,40
103,73
54,76
26,74
52,91
118,30
87,26,73,86
102,83,25,132,74
63,47,65
25,100,10,57
69,46,97
46,96,70,97
99,55,132,56,73,103
41,0
15,63
20,18,46
26,73
19,66
129,109
104,46
49,104
76,54,1
14,82,59,118
15,122
63,37
29,15
66,46,96,98,94,21,69,63,107,19
116,25
25,138
87,73
80,32,76
19,18,46,66
30,119,59,29,60,31,43,15,40,36
68,65,63
24,6,8,34
19,18,104
52,105
25,17
94,45,108,106,64,68,97,48
132,56
40,14
39,52
0,33,117,41,1
30,111
110,59,71,39
126,11
0,41
124,68
139,41
122,51
21,65,64,69
54,76,24
79,3
66,18
75,103,26
73,103,62,17
117,23,84
52,40
123,31
40,15,31,14
44,82,105,40,130,39
39,52,29
106,98
101,17
68,114
59,36,58,43
83,25,101
30,93
41,76,140,1,54
75,12
8,84
28,82,44,14,15
46,98,47
15,122
44,51
69,45,115,63,64
4,0
70,108,19
1,0
108,49,47,69
2,4
51,122
103,25
84,0
85,0
137,71,43,31,122
23,33
84,121
55,26,99,57,103,73,92,56
73,26
3,53
2,34
116,74,9
43,44
18,97
2,24
3,24
70,46,45,104
112,24
69,46,21,70,106,66,19
0,23
69,49,19,107
35,40
61,123,28,31
30,39
50,71,59,58,105,39,136,51,35,127,44,36,110,43,60,52
37,98,106,46,48,47,96,69
94,68
83,75
88,66,48,65,19,18,104,67
84,8
1,80,76
63,69
6,84,23,34,4,0,8
12,101
46,47
68,63
34,85,84
99,27,55,86,62,26,9,103
1,76
12,62,26
97,19,67
66,67
63,70,97,94
53,112
103,125,87
139,78,84,1
2,34,84,8
69,63,64
86,26,73
15,43
66,49
67,63,21
22,107,94
25,100
20,19,63
45,107,95
32,8
101,75
134,89
77,43,40,44
36,118,82
38,1,83
39,52
21,45,70
24,33,117,6,2
82,44,36
112,41
93,30
26,83
101,9,86,55,26,87
63,48,45
104,94
54,78
18,65,68
25,17,75
98,45,69
85,23
127,44
45,69,63
30,119
75,26,55,74,132
119,58,40,31
3,4
70,66,106
139,78,13,141,117,81,53,109,54,131,42,120,140,5,84,76,112,90,79,6,129,121,4,23,1,80,24,85,41,8,32,3,0,34,33,2
79,1,76,5
83,25
94,19,63,48,46,97,64,47,72,65,124,20,66,70,49
0,79,4
18,68
26,55
110,52
127,43,58,36,44,52
85,1,41
4,2
4,2,76,8,41,117,23,24,32
76,3,54
132,10
34,24,2
63,49
52,35,71,36,127,39
63,18,19,98,69
43,52
44,39,122
103,73
82,44
25,9
98,106
8,117
122,130
34,8
62,105,46,45,40,36,56,85
102,116
47,97,70,108,45,46
129,24
48,20
41,6,120,129
103,12,75,100
64,69
45,97
44,52,59
69,19
57,103
44,14
121,8,1
63,114
26,103
3,34,2,84,23
74,10
15,40
134,116
84,129
40,82,29
70,66,106,20,49
138,9
108,97
69,98
55,73
129,33
26,128,113,103,101,12
112,34,4,41
10,17
132,17
25,27,10
87,10
76,112
1,41
102,74
24,4
75,62
75,89
58,36,15,50
6,33,85
65,98
46,97
47,18,48
93,119
101,103,74,92,62,12
103,26,87
55,133,57,9
84,8
102,17,26
84,81,0
117,85
103,73,125,55,87,56
17,132
24,84,0
54,34,3
44,60,105
3,6
48,18,66,47,46,70,107
19,97
97,69,19,46
30,71
46,68
40,31
45,48
103,57
44,50
47,94
46,47
2,85
55,25
24,3,23,76,4,8
36,44
16,126,75,100,74,10,12,25,17
87,101,62,26,73,86
58,31
35,105,50
20,107
111,14
30,29,31,122,93
98,64,63,37,22,114,69,45
80,112
62,116
93,82
23,2
24,23
101,12
32,0,1,24
72,64,68,63
95,70,19
75,103
103,11,56,57
59,52
55,9
14,28
49,20
47,66
100,83,12,11,25,75
40,93,60,119,30
76,41,140
59,36,44,39
19,22
106,47
115,47
137,29
20,49
10,89
82,40
58,44
69,68
29,31,118
31,43,82
55,10,116
41,42,1
69,63,7
30,31,40
108,18
12,17
29,82
41,54
3,76
44,110
4,34,6
25,12
0,129
106,69
26,116
36,31,61
121,23
43,52
15,122
46,18
30,44
29,118
62,74,134,75,103,26,17,87
76,3
19,47,65
111,130,118,82
4,85,8
14,44
34,117,4
86,75,103,55,101,87
127,30
62,103
64,135,22
80,84
128,73,103,99
27,102
103,128,9,73
44,30
70,19
123,14,58,40,31,82,119,122
71,50,43,52
128,116,55,26
55,132,74
50,43
4,2,117,34
1,121
118,44
68,48
29,44
49,104
14,40
92,73,26
1,85
47,108
114,19
25,113,17,10
49,19
19,49
46,47,65
7,20
68,64
103,55
6,2
137,105
0,90,117,80
18,20,97,108
58,29
127,51,44
44,111
30,36
18,48,49
47,49,70
121,81,1,0
59,110
79,41
16,12
98,114,95
84,3
85,2,4
41,8
59,119
44,36,105
98,94
48,47
9,27,11,75,26,102,73,103,57,62,10,133,101
125,56,103
2,8,23,6
58,82,43
73,9,134,10
31,14,30,122
68,64,46,107,19,22,104,37,69,49,21,63
57,100
46,49
39,36
2,85
30,52,35
78,1,80,42,3,41
6,23,4
103,56
75,12,83,132,134,101
119,122,44,14,36,39
63,68
114,70
73,103,26
30,93
107,22,66
101,92
69,63
44,30
26,103
96,46,72
76,129,6,32
88,106
36,43
20,46
44,50,31,119,30,93,52,40
98,46
141,85,33,76,117
84,90
24,2,6
66,19,48,67,97
12,25
79,3
119,44,31
86,103,116,27
12,11,75,10
100,134,12,55
25,26
56,86
24,4
56,26,73
30,118
3,76,54,1
138,73,116
69,124,63
63,45,65
94,66,18,47
109,112,1
41,119
36,111
94,65,21,70,45
24,41
25,87,116
89,134,11
47,46
73,17,134
46,97
8,117,1
12,17,75,83
78,3,1
22,104
128,62,86,92,9,56,26,116,103,73,133,57,55
122,110,137,30
82,43,30,40,118
63,37,49
110,43
102,101,75
105,35,60,39
68,69
135,115
31,59
16,103
69,63
4,85
121,117,139,2,24
24,120
17,25
58,43,105,36
70,95
26,10,126,62
85,84
76,32,6,34
46,64
26,73,142
31,14
26,100
104,19,46,66,97,49,45,98
57,89
106,18
17,25
12,10
24,84,34,1,85,23
14,40
65,114,21
102,10
40,15
69,7
1,5
14,122,40
119,123
76,1,90,41,81,80,3,53
18,21
121,84,1
43,51,59,52,110,44,36
142,89
33,3
26,99
30,130,15
86,132
55,26
57,128
48,20,45,70,66
123,14,40
48,70
24,0,76,3
7,22,115
107,47,104,106
39,59
111,91
9,27
30,119
1,41
59,44,91,36,52,30
101,75
46,67
75,16,12,101,83,134,132,10,17,25,100
43,44
23,4
127,44
24,2
93,52
69,21
56,26
19,47
8,129,2,76
43,110
55,26
101,25
76,3
69,46
46,104,47
131,84
31,40
57,116,73,99
67,68,108,46,107,65,98
104,19,47
66,97
69,106,21,65,64
12,103,55
55,9,99
25,11,12
24,85
34,78
73,26
51,82
97,49
26,74,99
30,137,82
15,130
125,26
25,75
76,2,3
32,2
99,128,126,74,87,26,12
75,25,74
24,23,85,3
101,62
43,51,118,44,119
76,24,117
102,26,87
49,19
122,93,29,40
52,44,105
12,100,10
31,44,30
104,46,63,96,70,115,45,69,107,22
85,24
66,96
24,33
83,132
46,20
116,86,55,26,73
66,46
122,118
17,101
130,39,82,36
102,101
111,31,30
45,68,67,63,64,69,115,106,72
28,44,35
40,93
100,113,25
65,135,21
55,102,92
45,19
20,66
30,82
65,22,70
75,134
44,43
50,52
39,44
30,31
0,84
31,122
76,79
140,5,3,85,0,32,76,23
56,9
65,124
19,20
46,98,69,49,124,104,63
3,109
46,49,20,88,19,47
23,131,2
85,112,54
124,65
87,103
111,77,36
97,70,47
46,22
30,15
49,67,104,22
122,119
20,97,95
100,10,101,17
62,55,99
47,98
87,103
73,26
118,71
3,54,80,1,76
85,23
41,140,1
43,59
43,30,82
65,21,114,64,37,69,67
106,45
25,132,75,101,12
55,103
55,26,62
15,43
85,76,78,32,2,0,13,117
80,3
8,85
30,82
69,68
12,10,27,9,26
2,32
61,82,15,111,31,40
21,67
107,46,20
128,17
82,137
22,66,65,95,97,69,45
39,105,60
85,24,139
51,43,36,44
40,52
8,2,0
25,75
44,15,14
73,10,16,26,25
69,20,70,45
20,46
115,114
99,57
94,70,47,19,48,46,108
67,98
64,48
24,85,53
80,2,24,0,33,81
53,76,41
24,139
58,39
41,78
44,36
26,75
8,0,131
78,80,54,3,76,1,41,112,81
25,100,73,132,9,86,26,57,55,103,101,17,27
47,97
111,14
83,101
98,47,7,21
40,122
54,76,41
26,27,101,87,83,12
10,12,83,101
128,12
54,1
132,99
7,22
94,19
2,33,24,0,8
104,18,95,107,46,19,94,49,97,47,70,20
2,1
58,15,118
97,47
55,12,103,2
75,10
45,69,115
47,18,69
37,68,22,21,69
106,21
30,60,52,43,111,82,31
65,69
43,39
86,55
82,119
45,19
124,69,21,106
40,50
136,44,36,52
44,60
56,25,27
74,10
44,50
91,31,111
1,42
110,122
43,127
24,76,3
124,106,63
92,9
19,20
86,9,103
30,118,15
99,55
32,0
60,43
55,73
58,14,40,59,82,31,35
23,2
7,48,63
46,47
114,46
52,51,44
109,90,79,78,1,81,76,41
82,14
128,73
40,119,30
48,46
6,24
51,39,43,110,59
111,40,93
83,25,17
104,68
39,30
30,91
1,117
122,40
34,42,76,1,41
9,73,12
25,62
12,26
47,18
76,3,1
85,4,6,129,81,23,24,41,2,0
31,36
20,63
111,30
118,31
74,25,26,56,132,10,100,55,75,99
44,58,50
86,73
115,64,124
86,87
44,36
11,103
85,34
2,84,34
40,36,58,30
79,41
25,17,102,100,132,10,113
70,46,48
59,137
104,19
10,56
131,26,49,63
26,73
14,36
57,10,74,9,26
7,22,21
108,46
25,132,74
66,70
63,65
106,107
19,66
103,62
21,63,45,95,65,20
84,85,76
97,48
25,74
17,132
106,115,69
4,129,85,76,121,34
70,69
121,76
7,65
26,85,53,103
37,19
14,118
51,43
110,35
106,49,47
54,81,1
64,106
95,46
73,87,26,55
7,19,67,106,65
102,103
34,1,4,33
47,70,46,18
8,2
118,44
83,17
26,86,62,87
1,42
10,26,87,55
24,120,76,42
87,26,101,83,73,100,17,132
48,94,19
64,124
87,26
43,40
79,8
17,101
103,102,10,17,99,87
69,67,45
39,36
73,25
25,17
87,27
116,55
98,69
35,44,50
105,46,82,33
64,69,70
40,122
103,26
34,24
26,87
80,54,24,84
103,55,26
3,1
108,45
6,34,109
52,44,58
0,42
87,75,116
3,112
78,8
122,30
119,93
54,1,3
26,86
23,0
39,93
36,136,110,51,52,59,35,44,39
30,40,122
73,26
68,65,63
66,96
69,64
71,118,35,111,31,44,51
64,19
23,6,4,41,0,8,54
41,81,1
78,3,84,8,34,109,1,76,85,24,2,0
24,0
138,126
123,52
110,36
25,12,134,101
139,6,24,33,85
73,26
73,26,102
68,47
118,14,30
56,62,57,103,73
115,22
21,45
132,25
103,55
73,62,128,83,102
42,3
24,4
45,97,49,69,47,18,46,66,20,106,63
132,55,101,75
122,43
67,21
41,78,112
98,64,69
25,26
104,64
86,26
44,77,52
93,111
81,84,1
75,103,101
81,32
47,69
59,44
42,54,76
80,8
94,97,104
74,17,132,102
54,4,80
118,14
116,103
82,30,118
69,72,45
98,114
106,22
43,136,82
101,25,83
4,24
140,34,6
0,34
52,39
43,39,14
43,30
118,50,110,15,52,30,31,35,122,59,43
140,85
9,87,74
48,96,97,66,46
69,68
103,87
55,116
76,1
93,44
98,7
91,15
75,101
32,41,121,42,24
87,125,12,86,128,132,25,75,89,103,9,101,73,26,17,57,133,55
128,26,92
104,106,68
8,1,34,3,84,80
84,2
81,84,85,5
52,35
74,25,73,57,132,89
43,44
4,34
15,40
132,75
69,63
24,23
132,10
93,29,31,122
8,85
53,1,81,78
26,103,57
83,73,134,9,55
103,87,116,57,86
119,111,28,29
1,3,32,80,53,76
26,55
104,108
10,25
9,56
30,15,14
95,19,47
111,51,35
66,107,46
83,116,103,57
10,89
81,0
4,120
12,101,132
43,52,59
130,15
10,83,89,132,75,101
41,32
11,125,26,75
46,49
20,70,108
69,21
60,52
66,70
23,1,4,81,84,76,5
54,1,3,42,34,32,81,33,41,84,2
107,94,37,66,106,124
26,99,113
46,88
49,66
35,44
82,56
42,3
38,66
70,46
34,4,54,78
14,36,105,110,82
55,101,25,12,9,26,74,132
28,118,93
106,69,108,47,107
70,47
45,22
47,108,95
21,37,65,72,63,67,64,22,106,45,69
55,116
6,24,80,78,23,1
12,138
81,4
45,47,46,64,20,88
30,136
1,140
4,129
33,6
33,2,4
75,17,132,25
41,76,32
50,43,52
49,70
39,31
97,19
18,20
47,70,49
30,82
82,31
76,1
47,63
44,36
25,132,74
104,70,95,47,107
55,116
3,41
44,30
40,52,91
35,39,51,52,77,59,110,43,44
115,70
36,44,39,35,110
34,2
51,71,44
23,78,85,120
29,44
73,26
99,116
117,4,78,85,33,6,23,32
91,59,29,40
15,14
3,109
3,81
67,18,68,94,46,20,69
60,40,31,44,118,15,111,58,14,43,30,35
70,18
34,76
128,125,62,133,142,92,56,86,103,87,116,73,57,27,55,9,99,26
83,102,62,101
81,24,34
79,81
51,39
55,132
21,69
5,79,1,80,41
75,12
2,1,41
34,120
86,9
26,27,101,12
104,69
34,6
22,114
25,75
45,68,21
33,117,4,23,24,84,2
84,78
54,33,85
