0,1
2,3,4,5,6,7,8,9,10
11,12
13,14,15,16
17,18,19
20,21
22,23
24,25,26
27,20
10,8,28
29,30,8
31,32
33,34,25
35,24,36
11,37
38,39,40
41,20,21
42,43
14,44,45
46,47
48,49
50,51
9,52,10
9,2
21,53
54,19,53,21
27,55
0,56,25,57,34,36
58,1
59,44
13,45
60,32
61,62,1
63,35,64
65,19
66,48,47,67,2,68,69,8,70
71,41
44,72
24,36
59,60
13,45,14,73,15
58,24,0
45,14
50,53,74
1,75
23,60,76,42,11
48,30,46
25,57,1
12,14
77,35
43,73,16
53,78,50,79,80
3,81,5
82,10,83
59,84,85,14,43,86,44
57,1,0,36,63
87,86
57,25,24,88,89
15,11,32
40,48,38
71,90
51,20
21,91
92,93,50,74,94,83,90,53,71,95,80
60,11,59,96,73,15
25,33,57
97,23
33,25
12,84
12,23,42,31,76
98,35,0,36,88
89,75,25,58
71,54
76,84
28,7
6,9
19,21,93
99,0
54,79,50,21
48,38,4,6,10
100,56,101
102,27,55
68,103
7,10
28,7,70,104
105,71
45,60
76,22
106,80
99,57
11,44
66,107
5,108,104,29,4,3,7,28,6,9,8,2,30,10,107
58,77,34,88,24,25
0,88,56,109
46,68
110,21
81,40,38,70,66,8,67,111,9
71,112
6,66,10,68,38,70,3,49
86,37,32,113,85
76,45,114
21,110,20,18,17,94,65,51,19,50,27
93,53
77,115,88
48,3
64,116,36
117,62
84,59
41,79,102,20,54,83,18,53,74,55,19,21,112,118,71,93,51,27
17,83
57,88,119
50,71
103,38
12,42
47,49,120,48,69,38
108,121,10,46
88,33,98
10,7
119,34
2,48
51,20
64,36
95,122
66,2
9,8
105,50,102,55,80
123,50
30,10,120
100,77
45,82,31
81,38
88,56,89
73,82
69,3,124,107,10,49,8,38
107,67,7,6,3,2,30,29,28,10,5,4
112,71,53,118,18,27,51,41
68,48
27,53
70,39
38,39,9
8,10
36,24,88
22,125
21,50,71,18,53,19,105,91,65,102,122,27
63,58,89,36,88
28,107,38
3,10,48,49
21,19,65,27
92,21,53,83,50,112
11,12
46,81,121,69,38,47
10,8,47,38
88,25
108,69,29,9,47,10
81,10
51,50,71,95
1,25
112,17
89,25
37,84
57,126
82,31
27,93
3,39,40,47,10,49,28,2
15,13
18,20
79,50
84,14
86,84
27,65
88,89
10,8
81,9
13,42,15,31,73,96
43,76
8,9
14,84
57,34,109,58,25,24,127
31,96
112,53,50
8,3,38,28,47
21,17
31,76
43,84
113,14
96,73,60
9,8
95,74
39,4
45,97,43,11
98,99
10,8,9,108,47
82,97
44,42,60
93,19
112,122,95
128,18,51,102,27,20,91
15,114,73,82
19,21
33,57
25,56
107,6,30,38
84,96
39,81
58,129
55,21,27,18
125,32,85
48,81
43,88,96,27
29,7
57,117,75
67,9
14,43
37,22
19,27
64,1
35,63
1,64,100,63,35
24,57
12,16
97,14,76,43
42,76,45,96,82,23,60
116,36
125,59
100,57
38,6,66
35,1
46,10
89,61
75,12
30,10
35,88
51,18
74,55,50
31,60
130,14,84
84,85,22
87,73
102,19,18,20
88,63
81,40
96,16,45
47,48
20,17
88,109
72,43,86
60,96,16
14,84
12,11
9,81
11,60,22,31
43,37,82
46,9
12,42
44,84,72
32,21
12,45
103,38,69
11,15
80,53,54,50,71,74
76,31
76,114
1,63
65,55
106,93,50,53
113,43
131,132,35
120,124
27,93
12,114,31
1,117
19,122
56,1,75
56,88
46,69,66
49,107,28,5,6
34,57
80,50,54,18
12,133
96,73
32,73
82,96
134,71,17
50,95,71,74
63,1
20,27,18,71,21
40,38
66,49,121
50,8,84,85,82,98,9
80,46,7,103,135,71,55
22,84,43
7,8,107
4,10
32,31
30,5
71,95
16,22,82
49,68,38
42,44
73,60
71,95,19
129,57,75
31,59
1,117
59,84
13,31,76
50,74,93
112,20
15,73,87
30,3
35,64
88,75
71,41
18,122,19,95,71,80
1,101
109,89,129
70,30
5,68
61,1
58,88,36,57,0,75
61,88,0
55,50
27,17
81,48
9,46,30
15,82
114,96
11,13
97,42,32,11
65,20
34,0
2,67
91,95
129,75,63
80,19
51,18,71
50,71
69,70
83,18,27
113,32,60,73,85,84,133
2,81,40,135,8,46,38,10,3
48,70
13,136,12,82,42
27,79
18,19,110,134
118,21
17,19,112
21,50
27,134
84,14,125
36,61,101,75
32,114,12,96,84,86,73,22,60,14
43,45
114,84,31,82
82,15
2,48,38,9,28
24,75
60,15
39,38,49
7,10,2
8,40,9
43,12,125,60
89,35
96,31
98,36,137,64
95,41,105
54,95,50
108,38
129,88,98
11,45,44,125,76
0,98,57
76,31
125,14
97,113
101,56
11,60,76,96,42
30,10,8,3,7
82,130,59,125,84,113
54,138,53,95,50,71,74,83
103,69,40
24,0
46,48,38,81,66
55,19,27
21,27,90,71
18,51,17,65
48,3,4,81
20,51,18
134,91
13,12
19,20
39,121,10
63,116
32,59
122,94
69,135,40
88,56,33,64,24,35
62,58
37,14,16
9,10,8
32,14
81,124
32,130
78,27
45,73
17,20
115,0
81,46
60,15
76,82,73
19,95,63
0,98
64,132
50,95
19,123,51
61,100,63,36,132,1,35
56,33
8,81
9,2
59,37
123,50
84,44,139,125,22,96,85,45,12,37,14,43,16
100,127
88,57
30,103
43,32
31,76,96
23,96
29,7
108,10,9,104
112,53,74,71
44,97
30,8
10,29,111,8
25,89,129,0
60,31,84,42,86
58,26,88
18,17
62,24
45,114
39,10,38,8,3
20,95,90
51,55,27
18,138,65,51
124,103,2,8
88,109
20,55
25,75
43,84
40,38
58,0,35,88
42,12
132,98
13,45,14
50,71
32,60
9,38
51,102
65,21,18,19,27,128
76,15,14
134,21,118
88,24,116,75
15,45,60
15,60
50,94
27,102
35,137
50,92,78
138,18
19,123,105
13,31,73,72
104,8
108,7
71,80
128,123
10,30
53,138,50
63,101,62
99,88
89,57,56,129,58,33,98,75
43,37,72,84,22,14,113,44,32,59,86
37,84
71,18,19,53
50,78
73,11,113
85,44
72,60
17,18,21
27,18
34,101,56
87,82
86,73
124,9,3,48
8,140
58,24
14,12
25,75
50,102,90
63,99
19,55
45,60,12
71,53
15,73,76,133,82,16,60,31
3,2,48
7,5
76,13
98,56,33
24,0
18,55
21,95,93
43,37
36,24
5,47,4
32,86,43,14,59,37,84
99,89
12,60,82,73
24,89
96,76,82
128,83
77,24,88
60,11
76,73
45,32,141
42,82,96
45,84,42,96,14,22,44,15
48,38,69
45,60
140,6,49
19,21
110,70,65,5,8,90,81,27,10,134,91,71,55,107,78,53,68,7,38,120,4,51,140,19,17,21,2,18,9,50,54,39,3,94,106,30,95
25,0,115,24,88
3,107
72,73
82,31
40,47,108,38,7,66,3,2,107,8
140,30,9,4,48,10,8,3,81,39,40
69,5
18,92
123,95
47,10,81
2,4
89,100
9,8,2
11,15
113,14
1,24
62,88
39,8
76,11,42
40,8
125,14
40,8
99,75
117,100
71,27
44,16
16,45,136,60,31,12
34,88
21,19
10,7
47,68
48,28,39
37,45
57,24,89
79,20
53,93
95,21
105,55
69,108
64,131
2,8
127,25
120,7
135,9,10,8,120
50,93
123,112,27
59,32,14,84
15,72,85,37,16,14,45,44,82,13
53,95,80,106
105,50
24,75,129
88,129,58,36,75
93,80
116,61
6,2
28,104,68
29,10
55,123,21,41
16,32,84,15
28,9,8
27,21
103,9,4,2,3
61,62,1
53,71
53,18
95,112
2,46
95,65
45,42
29,8
41,138,134,93,50
96,32
18,123
7,8
102,55
43,133
11,14,15
96,31
83,80
134,123
50,65
24,100
69,66,68,120
46,8
14,43
38,10
14,113,82,32
45,59
133,82,31,32,114,14,96
84,15,32
84,59,32,14
8,38
77,1
50,18,122
66,120
27,128
56,64
2,30,3,28
14,136
12,45
38,10
46,103,38
136,44
35,75,56,0,36
7,30
11,96,73,60,136,12
66,95,50,63
21,19
38,8,29
81,49,120,38,48,46
53,27,20
42,16
83,93
84,133,59,14,42,82,12,96
13,84,43,32
49,8
32,43,73
95,53
8,2
107,10,6
11,60
0,129,25,58
32,87,85,14,113,86,43
83,54
9,39
81,28
10,28,103
27,83
48,2,9,103,28,40,5,81,8,38
11,133,45,84,73,76,31
55,19
14,22
57,1,75,99
139,85
114,12,45
112,95
34,33,56
8,10
45,32
36,116
2,9
17,54,71,19,79
27,55
68,103,49
10,66
24,129,34,127,57,75,0,58,89,88
8,69,40
109,88
135,7
50,83,93
77,117
43,73
31,15,86,23,44,82
43,44,32,125
57,129
134,18
103,2
30,10,39,29,81,49,8,70
34,115
25,1
125,139
60,114,76,32,14,12,85,86,43,82
14,85,76
117,35,57,129,1,63,100,25,0,77,98,24,99,89,75,34
71,51,50,123
18,27
125,130
46,107,70,3
19,21,50,134,27
82,14
120,68
53,21
29,107,10
31,97,12,76
53,71,27
39,135
12,22,73
107,66,5
76,60,82
12,133,76
60,45
50,71
18,20
113,136
82,32
36,1
38,81
0,109
107,3,48,81,9,10,2,47,111
85,60
10,28,124
42,73
69,38
41,50
119,89,101
59,14,125,84,32
34,88,63,0
114,59
0,88,75
122,71,95,50
51,71
57,98
24,1,115
124,29,39
124,46
30,2,107
100,88
4,39,66,9,47,6
45,76
136,15,31
96,15,14
93,0,8
10,7
38,103
33,98
24,34
93,71
38,48,49
40,38,10
53,50
14,43,12
17,51,18,118
75,57,126
59,14
13,32,60
51,91,27
51,134,55,18
88,61,98
10,2,30
68,120
102,20,21,71,90,54,50
34,115,64
97,86,22,130
53,21,71,17,95,27
129,77
25,88
14,37,22
92,19
38,47
28,8
36,100
33,100,89
45,97,82
30,120
7,81,9,103,47,10,38,107,8,2,69,30
89,24
12,82
106,21
117,100
19,17
56,57,100
49,38,66
33,75,88
45,60
91,27
97,43,13
58,34
95,71,50
115,100
94,21,19,27,112
2,5,8,108
40,71
60,31,15
35,77
28,104
79,95,18,17
25,57
41,92,102
38,103
84,72,113,44
70,103,39
2,7,3,48,68,28,30
60,76,73
60,11,14
131,119,101,1,132,36,116,63
17,71
119,75
2,10,111,67,39
11,16
103,69,124,38
111,81
15,125
75,34
135,69
38,7
7,28,29,30,8
43,125
140,46
88,0
103,49
19,122,20,27
22,84
66,81
4,45
50,80
46,103,8,49,5,70,2,4
38,69,40
17,91
116,88
82,96
1,77,61
38,39,66,47,69,49,103
1,61,101,77,35
115,34,119
68,38,70,39,66,47,81,48
54,53
93,50,65
11,12
83,71
95,105
44,72
10,8
9,47,39,124
98,109
15,133,11
96,42,136,97
107,8
76,82,12
136,76,11
15,31
38,66
71,21
60,45
61,35
74,123,50,55
13,73,22,76,37
43,59
44,14,59,113,84
32,11
12,73,113,22,96
77,1
74,53
133,31,60,16,82,76,11,15,23,136,97,45
17,134
56,88
40,38,120,107,10,8,30,3
57,24,75
136,23
57,1,34,35,117,98,58,64,24,75
53,93
13,12
24,58,0
82,86,72,22,42
112,83
45,84,96
71,93
44,84,76,15
89,25
68,5
75,129
88,98
0,98
116,36,101
43,73,136,96
91,118
2,8
53,27,50,95,17
76,125
1,61,77,132
26,57,88
102,17
17,41,27,123,19,51,134,18
125,130
96,43
45,73,31,60
25,88
3,2
88,99
61,117
24,0
60,45
1,56
123,17
24,127
37,44
50,27
18,53,51,21
56,34,24
19,102
12,16
45,113
6,3,46
1,36
84,125,85
66,38
20,18,41,21
15,14
33,58
83,19,92,138,17,93,53,50,18,79,21,55,20
24,88,0,98
12,43
10,66,103
103,69
141,125,43,84,32,139,86,59
93,21,71,65
17,19,123
107,10,4
12,76,11,42
34,58
15,136
47,38
71,27
11,82
21,27,17,134
75,25,57
68,29
66,8
1,88
129,33,63,88
107,9
91,71
65,20,79,55,95
57,24,35
14,141
12,59,16,11,14,86,82,73,84,13,45,96
49,103
36,63
60,42,113,84,87
12,114
75,117
132,117
8,10
73,12,76,45
38,70,46
123,51
46,38
46,7,103
7,10,2,107,47
28,108
19,102,51,17,65,18,20
75,57
134,51
10,9
21,114
91,19
63,64
26,58,25
56,0
30,5
98,24,109
37,22
75,77
128,50
42,114
125,42,114,44
19,105
10,69,108
8,4
88,56
75,24
71,83,53,92
103,30,38
88,132
48,38,81,66
57,88
10,31
43,86
93,74
56,75
33,24
122,79,112,94,41,78,134,118,110,90,92,17,83,138,19,55,51,102,93,21,80,105,123,74,50,106,128,95,18,71,91,65,20,27,54,53
77,36
44,84
43,113,14
71,92,83,95
8,28
4,29
82,85,136,114,113
2,38,3,10
10,9,8
20,118,51,18,102,19
104,8,2,6
21,80
24,56,57,64,35,89,63
85,22,125,84,43
17,21,92
134,19,128,65,17,21
15,45,76,96,42
76,13
88,64
113,142,14,141
73,14,114
30,8
40,70,120,66
64,33
35,64
50,18
24,36
0,99,64
22,86,43,85
8,7
56,24
47,107,103,30
95,94
27,51,65
114,76,73
115,56
136,133,12
1,63,116,56,36
25,129,115,64
33,36,57,88,132
25,57
10,49
27,55
3,5,28
0,75,36
36,100,64,61
84,113
57,1
11,22,43
14,84
8,66
1,137
10,8,107,108,6
14,32
22,125
10,107
77,36
88,34
17,51
6,3,7,4
27,92,138
81,5
73,113,14
41,134,18,102
28,8
75,77,24,88,56,100,89,57
56,98,24
31,16
68,47,69,66
9,29,107,7,30,10
55,51
103,38,40,81
71,50
9,107,68
95,112,71,50,53
21,94,50
51,50
11,73,76,60,16,139,32,14,86,22
20,128
62,58,26,109,89,88,25,129,77,119,1,57
123,54
55,18,19
42,73,44
4,40
11,12,22
14,59
124,81,69,103,46,49,121
134,93,51
27,55,21
84,43,125,44,142,113
42,32,15,14
20,53,21
71,55,80,17
18,19
94,95,50
88,129,24
48,10,29,69,103,3,39
34,58
39,103
38,107,30
84,82
84,45
4,3
44,32,86,142,14,84,37,59
45,82,73
61,75,117,24,57,0
81,30,9,29,39,4
50,92
96,136
31,76,73
69,40
30,47,81
32,136,11,133,73,60,59,45,15
34,24,33
1,88,77,57
20,27
113,14
81,46,135,48
91,134,95,53
17,71
34,56
14,43,84,45
80,95
8,3,104,67,9,30,10,107
8,4,2
91,95,83
62,100,63
82,15,76
22,32
1,62,35,26,0,98,100,56,117,63,129,88,64,57,25,89
21,65
43,11
34,75
80,94,78
42,31,60,142,14,84
66,38,48,121
132,89
55,71,91,27
10,9,8,5
76,84,96,14,12,82
68,107
36,1
17,65
88,1
8,9
75,24
96,114
94,132,11,139,64,27
54,93
65,71
80,71,95,138,94,53,50
10,8
23,45,15,32
92,41,55,54
18,51
134,95,118
51,54,91,123,74,41,55,50,102,105,122,27,95,53,21,134,19,18
50,71,95
28,6,7,8,2,29
115,56
35,116,132
8,140,7
44,22,15
84,15,45,60,76
24,26
83,50
60,59,82,96
107,104,2,9
74,80
82,15
73,13
45,43
35,62,100,77,36,61
71,18,123
64,131
130,113,43,84,72,85
120,10,140
36,64
57,34,129,56,24,0,89
113,60
130,76
88,24,0,57,25,129,34
39,30,5
43,44,142,22
15,23
36,64,1
71,27
19,50
123,27
58,24,75,36
3,9
82,31,11
51,102,20
68,49
61,98
64,36
33,56,34
47,38
13,73
84,73,82,76,32,31
57,88,89,115,98,25,24
20,17
28,2
64,33
74,17
0,88
2,38,121
98,88,127
113,76
95,105,27
92,134,71,27
98,56
86,136
81,135,124,68,38,103,49,48
57,75,89
73,76
85,125,31
66,30,40
119,1
105,123,94,65,27
73,60,82
28,3,8
53,50
73,114
107,8
21,18,55,19,27,134,65,51
69,38
135,38
0,58,57,129
5,108
43,76,15
40,68
51,118,19,17,55,27
61,75,35
50,71,21
103,39,121
107,39,3
39,66,48
38,8
53,138,118,27,18,20
119,1
58,0
95,50
107,29
15,86,141,114
49,2,46,120
55,17
42,11
47,46
6,8,7,9,28,10
27,134
53,134,106
8,39
1,77,33
113,130
67,66
38,8,68
129,35,25
88,75
14,73
19,71
53,71
0,89
72,45
19,105
13,11
23,45,114,76,60,73
9,49
43,130,22,113
30,29
83,51,19
15,45
35,24,88,62,63
76,82,42,114,11,16,73,97,12,31
50,93,92,19,80,95,20,51
26,88
38,1,59
106,134
43,130
81,49,66
11,44
10,2
3,2
34,33,61
2,8
129,25,0,98,1,115,57,75,132,116,88
58,88
121,9
34,129,25,57,99,88,100,89,24,75
1,77
22,84
138,106,50
31,60,113
25,75,24
72,59,14
11,15,136
88,24,25
10,120
31,60
140,5,7,8,30,28,29
142,15,31,45
50,18,21
36,57
31,13,14
22,125
19,95,50
24,56
43,73,114,76,60
7,2,104
42,72
25,99,57,1,129,88,109,115,75,98
89,88,75
63,100
6,5,29,104,30,3,107,7,9,10,4,2,8
131,89,117
56,0
4,30,104,48,3
133,15,73,96,13,60,45
31,60
23,15,114
65,55
8,103,47
40,120
1,77
67,48,2
24,129
107,40
9,10
2,7
54,71
54,71,74
91,55,18,102,51,65
18,53
76,82,22,125,13
34,0
7,9,107,8
136,42
71,128
94,112
19,134,27
63,1,116
75,56
20,95
98,129,36,24
98,88
133,15,13,42
140,10
18,21
45,96
8,46
123,51
98,57
21,19,65
13,23,125,82,22
75,56
61,117,1
0,75
50,21
135,8,124,47,2
125,45,42,76
40,38
36,35
133,14
11,12
83,105
62,89
40,108
75,33
24,25
19,65
49,40
27,20
86,37
55,110
51,50
73,15,11,60
92,51
105,71,50,95
60,42
14,73,45
5,8
48,120,81
17,55,95
14,125
85,43,84
101,88,63,57
133,76
79,51,17,91
58,0
31,96
8,9
10,28
51,65
61,1,126,63,36
102,106,50,134
47,8
82,42
60,113,84
88,34,116,63
71,83,138,50
129,89,56
18,20
12,133,84
101,126
19,134
65,27,91,110,95
34,129,57,24,64
48,103
71,18
29,8
124,9,10,8,38,3
53,106,50
17,41,128,91,27,18,65,19,79,102,20,21
38,46,120
109,56
100,117,35
21,95
55,50,53,71,134,65
34,88
24,63,100
30,7
22,72,60
12,97
14,15
27,21,20
84,11,133
57,24
112,50,83,95
88,57
9,107
136,15
81,39
73,42
88,0
115,61,24,89,36,34
60,31,43
93,138,53,95,50,27,54
68,10,47,4
4,48,3,10,9,68,120,70,28,107,38
15,12,73
87,139,22
24,1,89
76,136
50,71
121,103,39
133,96,12,72,85,76
18,21
42,16,45,15
2,46
118,71
64,1
43,86
68,46
32,43,85,84
27,128
11,32,76,16,72,125
27,125,33
21,134
2,10
16,14
55,134,27
63,137
8,2
35,77,117,100,64,1,62
64,117,36
60,139,114,31
45,96
30,28,8,10
