0,1,2,3
2,4,3
5,6
7,8
9,10
11,12
13,14
15,16,17
18,19
0,20
21,22,23
24,25
15,26
15,27
19,28
5,15
12,29,19,30
17,31,11,32,27,6,28,33
30,34
34,28,35
36,37
38,39
40,41
35,26
41,42,43,44
45,46,47,48
29,28
32,15,35
49,36
50,51
52,53,2
8,54
34,55,56,17,5
41,47
42,57
40,41,58,59
2,10,14,3
60,18
56,12,16
61,40
10,62
63,62,64,52,10
12,65,28
17,66
15,67
20,68,62,69,70,10,13,1,2
43,41,71
17,35,55
72,73
20,74,75,3,76
3,10,77,2,78
79,80,81
41,43
82,80
40,83
84,85,86
87,88
40,89,42
39,41,90
34,15
12,91
92,93
36,49
2,62
94,62
95,96,36,80,37,81,97,25,79,98
2,99,77,100,101,64
86,92
12,102
6,103,15,17,35,55
104,81
6,26
36,105
99,62,76
8,106,79,107,108,51
109,108
52,64
21,59,110
55,35
9,77
22,43
46,48
42,21
48,90,47
65,32
55,11
99,52,10,111,0,100,69
10,112
50,107,24,106
88,80
83,58
34,6,35,15
109,95,88
7,97,54,88
93,41
2,25,12,113,3,80,106,32,95
40,42,59
47,46,61,90
2,68,64,52
97,108
42,58,22,21
12,15
1,53,77
47,44
90,47,114,115,48
89,43
112,3
26,116,17
58,71
22,21
8,7,50,109
104,80,7,117,81,88,109
112,1
10,52
16,27
109,7,88,97,118,96
119,28,6,60,5
44,92,43
84,114
26,35
120,47,90,41,48,43
90,44,47
35,18,12,15
24,7,88
74,77,53
13,64,9,0
20,121
39,22,110,59,21,86,40,23
32,28
83,39,22,23,89,58,40
5,27,29
12,56
3,77
52,62
10,99,76,0
54,88
39,86
14,9
28,17
109,24,97,50
119,66,32,122
111,1,13
18,56,65
123,28
95,124,50
69,25
20,2,68,3
119,122,28,12,18
41,47
123,18,32,17
17,116
118,7
88,109,98
64,113
33,11,32
10,99,101,69
74,10
10,62
64,70
32,26
13,112
15,5
50,125,25
108,7
18,26,12
65,55
16,5
123,28,16,65,26,29,11,32,12,35
15,5
22,46
72,6,17,26,11,15
102,116
114,41,40
17,72
122,11
20,2
41,47
69,10
86,22,115
41,120,21,126
126,93,21
9,77
103,34
88,51,25,127
25,24,127
128,79,7
27,12,26,29,35
32,12,55,17,26
40,46
0,63
120,41
41,57
117,95
127,108,79
99,94,20
64,62,9
58,40,57
113,68,3
50,25,79
1,3
26,34
105,7
129,125
47,21
126,110
122,16,67,130,56
127,79
112,52
10,64,62
131,50
21,42,22
114,93
59,43,58,132,120,71,48
27,17,26
101,63,62
42,57,114
0,94,113,2,121,53,3,1,78,75
15,5,30,17
18,35,65,30
12,18,122,56
22,42,21
56,29
114,21,126
29,15
79,50,7
95,105
15,12,56
58,23,40
51,108
14,63
35,102,12,32,16,29
104,106
51,25,106
112,3,52
61,47,43
34,12
129,7,36,80,109,105,127
39,61,46
114,93,48
32,123,27
17,6,116
58,40,126
41,42
3,9
27,17,73,55,28,32,29,35
79,104
130,12,60
32,28
34,29
3,121
47,48
133,68
56,28,18,66
108,8
25,95,106,49,128,81,50
105,51
109,7,88
108,88,50
62,13
0,3
13,68
5,17
32,19,60,28,73,102,12,122
32,28,60
127,25,106,8
14,113
47,90
133,62
26,116
56,29
100,101,10
108,127,50
61,42,58,84
97,96,24,79,50
50,82
47,126,45,92,114,44,48,43,41,61
109,117
14,62
7,88
75,1,13
54,104
104,54,88,109,117,128
14,77,68,2,64,10,13,53
28,91
17,60
23,83
43,83
6,134,15,16
109,8
46,43
68,2
52,3
130,18
70,9,78,64,52,69,10,14
109,117,107,128,25,7
59,41
51,24
10,3,111
116,65
1,53,3,112,0,13
82,109
64,4,135,14,3,13,62,2
112,99,4
59,46,58
17,119,35
69,76,100,13,2,64,0,20,101,70,10
48,58,90
61,41
88,7
125,88
104,8,136,80,25,109,117,79,37,106,105,98
3,20
131,8,105,51,25,79
40,58,23,39
59,40,23,42,21,83
28,27,65,16
30,91
137,127
21,40,57
2,0,10,74
14,100,64,113
121,53,0,62,2,13,9
138,90,38
80,50,37
40,39,22
11,28
114,48,36
62,68
23,114
26,73
88,105,54,95,7
1,52
25,108
46,22
13,1
106,54
57,40
64,78
88,107
88,79,51
10,74,3,62,4
43,48,47
41,47
34,5,55,26
88,118,7
9,62,2,70
107,24,25
123,18
50,131
20,77,4,0
47,89
0,3
41,47,93
70,4,10,0,9,52,69,3,62,133,113,2
109,88,82
111,3
42,115
112,10,139
40,71
50,106
17,15
37,131
4,3
43,59
41,21,47,39,126,40,58
17,15
82,88
90,41,84,92,114,43,48,126,46
12,15
13,2
80,100
69,76,62,63,10
32,16
4,3,13,2,140,68
34,35,116
64,70
79,131
102,28,12,65
35,102,17,19,28
112,3
63,14
70,2
42,46,40
109,24,79
24,108,37,51
41,126,40
109,54
104,88
42,39
126,48
5,122
58,21
131,107
137,79,25
26,5
36,8
65,17
125,54
129,108,88
25,50
138,46,21
53,70
35,15
8,79,51,108
116,130
3,2
40,120,38
47,46,126
32,12
116,123
48,85,114,57
108,79
82,54
32,34,55,35
50,82
28,65,12
42,40
82,104
29,60,65,27
51,50,25,36
40,42
2,79,21
49,36,131,50
29,26
65,16
62,10
77,94
2,13
63,2,113,70,9,99,10,3,68,112
13,34,10
28,122,18
139,121,3,53,0
101,10
66,6
73,6
46,58,42,90,89,126
21,90
18,60
14,9
25,49,108
48,43,46,126,38
65,17,60
42,83
26,28,16,19,34,27,32
52,2
114,21,22,23
32,29
130,122
50,79
20,4,13,68
2,0
16,28,91
2,0,20
46,61
49,7
25,88
6,34
11,34,26,116
80,88
9,70
23,58
140,4
12,56,34
26,28,123,32,15
7,88
3,2
14,135,111,100
10,1,113
64,13,62
9,2
10,62
122,28,18,56,116
3,111
57,23,39
0,2,53,14,3
79,98,82,51
44,115,40
64,10
70,9,63
47,114
99,133
36,88
62,76
47,41
15,12
0,113
106,136,8
3,13
85,40
17,6
63,62,3,78,69,1,64,68,2,113,101,74
79,88
3,2
46,114,43
57,21,40
50,79,131
39,48
133,101,10
7,131
64,52
34,26
5,28
97,82
24,50
12,56
5,26
73,12
29,130,32,15,11,116
26,6
43,114,58,23,42
18,32
39,86,58
47,90
101,70
102,12
3,4,2
109,88
29,18
104,88,128,98,7,81
79,24
66,19
112,4,0,3,2
124,36,97,127,105,25,109
20,53
56,60
112,121
2,1
15,5
55,5,16,18,29
83,21
25,97,50,79
108,105
82,50,79
32,28
5,27,35
14,10,64,94
65,12
134,12,35
60,12
21,83
27,116,56
109,105
58,21
36,7
0,53
38,120,23
41,23
51,50,25
15,34
107,88,25
99,0
45,61,44,114,48
88,131
5,35,56
26,28
65,73
130,28
50,107
121,3,133,20,62,0
136,50,79
114,41
114,46
3,1
14,63,70,94,62,101,10,52,100,64
51,109
12,18,65,123
52,101,112
74,121
35,29
94,14
75,9
102,60
7,88
14,52,10
111,10,62,140
65,27,11
5,73
22,93,90
2,52,13
3,4,99
21,86
28,56,6,130
2,101
43,48,47,61
89,90,58,41
65,12,5
130,26
28,73
123,65
133,100
56,34,65
124,80
9,78
1,62,52,3,0
93,48,47
74,10,20,14
72,130
0,13
57,22
16,18,122,65
4,3
102,18,27
79,82
7,49,106
26,35
10,3,52
91,26,17
111,53,52,10
12,27,32
116,65,15,35,32,28
48,21
50,49,131,7
41,87
26,15,6
12,18,56
9,13
18,56,102
37,50
65,29
19,123,28,34,102
65,122
65,5
58,21
46,114
74,1,0
30,18
27,65
55,15,30
24,82
41,71
38,42,61
61,40
28,18
34,15
87,110,45,22,71,59,138,93,86,61,38,83,92,44,115,141,90,23,21,47,46,85,42,58,126,43,41,120,57,40,132,114,39,89,84,48
54,88,142
20,1,68,2,69,112
121,14,74,52,64,0,1,133,3,10
16,29
80,109,79,51,7
8,7,54,109
52,69
127,79
2,13,1
40,132,59,48,47,92,21,43
2,77
28,116
75,111
100,62,99
63,64
60,73,122,27,29,12,65
23,57,83
104,117
99,62,78
27,18
90,40
15,5
13,78,112
13,1,3
0,10,2
47,126
47,120,46
82,54
12,27
64,3
43,59
36,51
86,58,41
80,109
48,39
77,13,4
125,104
121,2
12,26
92,23
64,78
107,79,51
79,107
5,32,15,73
5,26
2,46,47
37,7
122,15
50,8,25
106,50,131
72,27
21,93,47
51,7,25,128,95,50,8,131,88,124,79,80,105
1,13
137,8
3,10,0,52
115,42,40
29,28
71,83,90
13,2
32,65
104,88,109
62,121,16,29,25
21,115,86,22
108,50
54,109,118,80,51,82,97
57,41
21,40,22
4,69,2,1,94
125,109
17,35
55,122
126,41
26,34,116
51,80,50,25,108,124,97,98
32,60
109,54,7
100,14,10
10,4
64,69
37,124
65,30
130,26
57,46
5,26
54,80
55,30,116,34,35
101,0,113
116,17,6,26,55,15
118,96,88
33,26,27
63,10,14,113,100,121,3,4,0
22,23,59,21
92,22
3,4,0,2,1
36,54,109,131
43,22,21,93,47
48,43
123,66,17
83,47,43,92,22,41
59,120,21
3,75
47,90,120
20,2
50,80
30,35,5
64,63,3
23,41
79,88,106
13,3
44,39
49,80
40,39
82,8
125,98,109,117
27,65
47,38
29,65,122
27,28
2,78
2,3,4
77,74
77,0
3,2
43,90,93
43,41
20,3
56,17,55
18,27,56,31,16,65,12,32
11,26
20,2
99,69,133,9,10,100,52
76,64
7,104
74,77,3,0,13,2
109,51
72,15
108,79,8
35,6
22,48
49,25,50
50,137,32,34,64
86,58,39
94,133
103,17,72
18,35,66
90,43,38,47
25,37
137,79,25
26,19
122,65,29
12,17
17,26
26,55
14,100
64,70
21,126
26,18
23,114,39,59,41,46,21,89,90,83
1,112
46,93
133,69
4,2
33,34
4,2,3
1,10
47,46
6,30,12,28,32,5,119
70,1
15,65
124,105
94,139,68,14,2,121,9,69,64,3,10
5,15
10,13
53,121
44,114,48
81,79,108
83,40
17,116
15,116
51,109
0,63,64
21,23,85,57
17,122,123
7,117
77,3
140,77,13,4,2,3,0
28,18
99,64
13,0
54,79,136
88,104
21,83,114,61,48
70,133
102,34
10,62
33,11,26
26,12,6,32
27,32
120,43
41,42
36,106,107,37,51,105
47,43
72,18
10,62,121,63,99,64,100,2,68,13,52,75,70
13,112,121,0
107,88
62,14,70,69
114,47,43,42,21
104,79,25
38,87
16,28
51,79
55,65
12,32,19
117,7,54
9,77
35,66
40,92
120,114,21,43,90,92,41,89
1,101
53,1
46,21
113,62,10,101
112,20,68,1,74,3,0,2,53
90,115,38
126,47
47,46,43,41,126,114
17,35,103,5
52,20
89,40,59,47
2,1
69,0,1,112
58,61,41,48
61,46
62,69,10
74,3
10,77,99,2,3
48,86
52,2
37,95,7,79,49,80,137
124,54,80,7,97
14,111,68,140,3,20
52,10
52,75
51,108
15,56
21,48
97,37
60,6
16,65,27,12
127,51
5,11,35,34
59,21
3,77
64,69,99,62,9,70,10
11,5
105,131,117
48,126
56,35
16,35
18,65,28
52,2,3
109,88
57,89
54,88,137
105,50,131,124,54,97
97,109
26,28
1,135
38,126,47
17,60
131,32,23,48
64,68,2,20
101,2,64,52,94,3,100
2,0
137,107,79,81
7,54
2,77,3,74
90,47
13,2
50,107,7
7,96
61,23,86,126,71,42,21,44,93,39,40
92,57
112,64,1,121,13,3,70,14,2,10,68,20,74
13,74,0,70
8,50,106,25,108,95
70,121,113,9,101,53,52,3,13,14,62,1,63,10,2,74
19,15
18,16
39,61,38,92
96,128
115,23
54,128,80,81,88,109,98,118
100,2,52,133,3
52,94,69
13,76,3,0
7,79,24,106,107,25
92,40
41,45
57,22
99,10,2,64,3
114,46,126
35,18
23,126,84,89,45,46
41,48
61,126,44,43
21,43
114,38,89
38,120,39,41
84,21,22
17,28
128,80
29,5,26
18,56
97,54
105,51,25,8,50
124,117,80,104,109,97,88,7
66,65
6,26
118,104,80,125,88
7,128
10,100
114,48,22,21
129,37
93,86,47
70,101
79,51,105,36
12,66
48,21
82,80
135,64
133,76,1
65,29,19
7,82
5,15
90,41,93
73,65
27,32
38,47,126,10,12,100,62,52
29,60,26
139,2
50,49
40,21,43
80,125
79,25
100,13
46,93
41,47,48,120,45,114,61
51,79
126,47,45
106,107
4,64,94
29,122
70,101
25,108
125,104,88,82,117,7,109
29,16
36,8
37,25
127,49
32,34
3,2,70,52
34,29,19,122,26
39,59,43,57,115
47,43
24,79,137,25
102,18,65,29
40,93
121,10
97,8,54
40,86
115,83,42
113,0,99,10
29,12
28,18,27
21,40,93
36,50,37
26,28,17
16,32
58,59
52,9
92,47
131,95
44,48
15,27
27,65
15,34
29,122
4,3,2,13
15,116
13,69
20,68,1,53,2
65,17
23,47,41,43,89,40
16,5,12
117,109
37,127
42,13
65,116,29
7,25
43,83,40
109,88,98,118
106,109
104,79
8,25
79,8,37,51
14,100,76,69,9,70,101,94,10,52
60,29,27,31,56,73,16,12,123,65,134,130,28,122,18,32
119,26
16,27,123,30,116,6,26,65,11,32,35
52,100,78
109,129,80,98,128,54,88,117,81,97,7
34,29
10,69,0
124,82
3,17,70,97,44,105,43
97,88,128,54
59,83
136,50
41,48
29,30
90,71,57
87,23
54,7,80,88
15,130,56
3,62
83,23,40
57,83,115
19,32,27,12,18
29,28
29,32
95,54,80
40,126
47,58,86
65,16,19
88,50
3,0,1
48,21,40,89,47
29,28,27
114,39
65,32,66,60
25,36,131
126,46,93
102,18,56
114,43,47
27,28,18,65
16,5,29,35
40,89,47,120
25,80,107,118,125,88
1,74,0
100,14
34,17
126,47
18,65,116
31,122,5,32,27,65,55,116,26,103
10,39
7,50,137,25,79
10,0
89,110
74,101,68
82,125
80,8
65,102
17,34,6,5
114,87
89,59
42,89
126,40
34,15
114,41
95,25
4,2,77
50,79
65,55,27
113,76,70
61,40,85
79,137,127
116,55
122,29,123,12,32,28
7,88
50,25
123,11
15,119
100,3,62,14
2,112,62,13
107,105,118
18,35,16,34
52,14
93,120,126,43,41,48,114,47
13,53,9,3
109,117
42,41,115
50,8
19,29,65,102
56,28
99,63,62
54,131
132,39
17,28,26,32,5,65,15
32,19,18
117,97,79,25,88,106,81
17,35,66,34,30
56,73,32,27,102,18,16,12,19,29,65,28
39,92
3,2,52
89,42
26,35,11,123,116
122,26
40,83
128,80
60,12
4,3,52
38,42
62,1
88,131,79,106,24,98
20,1,2
25,80
136,108,24,50,109
49,50
24,117
40,48
26,119
102,60,29,28
73,18
12,28
40,58
90,92,23,47,21
14,0
95,88
6,60
54,7,109
122,56
79,88,51
21,42
35,17
7,117,118
23,41
17,15,18,55
120,57
126,21,45,38,42,61,46,23,22,41,115,47,43,57,40
88,108,131
5,55,17,116,26,15,35
117,124
17,28
50,97,36
43,21
116,19
0,74
12,60
33,65,26,28,12
76,74,10
53,62,3
45,43
25,51
116,6
83,120
17,30,26,15,35,5
48,126
52,2
94,68
28,73,34
126,92,114
28,31
56,73
91,26,28
29,32
28,26,17
88,8
63,70
43,44
101,133
117,80
47,126,43,39,71,45
132,40
1,20
3,2,112,10,4,13,0,68,69,14,100
57,92,58,126
109,54
17,29,18,56,27
39,23
17,26
116,65
48,92
126,41,21
15,55
2,52
104,25,88,7,97
110,86,22,39,40,89,21,42
116,15,103,29
114,47
25,80
48,93,46
80,109
72,35
62,10,13
21,23,40,58
88,80
36,79,50
57,41,42
80,98,7
89,39
69,14
48,61,90
2,121,1,20,3
54,49
39,38
41,90,61,46,115
122,55
131,8
104,109
140,4,0,13
26,55,30
40,58,47
25,105
63,121,70
43,126
28,17
35,34,18,65,60
102,122,32,130,116,6,55
2,68
42,47,44,40
123,29,5,15
10,94
54,50,25
107,54
65,28
12,35
86,48
47,120,42,41
101,3,1,76
102,28
53,2,3
106,97,129,51,88,105
121,111,2,3,1,0
26,27
48,21
93,46
15,66
45,23,38,40,47,46,114,84,58,59,39,110,90,44,61,41,21,92
69,1,62,133,77
52,100
10,69
79,124
39,89
131,127,105,142
79,25
10,2
12,30
47,43,41
114,11,17
131,79
90,42
61,22,41,38
40,21
6,17,123,66
57,47,21,43
133,10
97,105,129,118,88,106,131,79
133,10,64,101
9,10
2,9
41,126
13,0
12,65
61,47,43
69,64
26,34,6
56,73,18
5,123
83,110,89
43,126
54,109
70,53,78,111,1,68,2,64,94,3,0,10
110,46
39,115
105,25
118,105,5,82,16,107,18,109,97,31,117,73,50,54,55,7,119,80,26,88,124,32,34,15,6,127,35,19,79,81,12,122,36,17,131,25,29
56,32,19,65,18
20,3,75,52,0,14,13,10
70,1,64,68
121,99,2
34,116
29,26
39,43,58,38,61,47,40,41
71,120
65,15
23,41,126
50,8,131,88,51
46,115
119,91,17
93,38,48
127,105,8
24,129,50,8
124,131,25
2,3
29,123,19
11,116
9,101,64,10
78,76,101,64,10,62
62,1
121,2,74
26,19,17,28
109,128
131,80
122,134
41,126
43,21
35,116
127,7,79
67,116
12,60,32
122,12
40,83,58,126,59,61,41,22
94,62
1,101
18,116
7,88
34,55,67
10,64,13,0,2,3
26,35
7,95
114,22
107,50
135,3
3,140
54,104
34,15
117,54
54,117
106,105,50
50,25
47,57
51,127
0,77,3,94,101,20,74,100,52,13
116,66,29,11,32,28,102
52,113
63,112
43,40
26,28
90,41,22,59
60,102,12
15,34,11
3,10
7,54
24,51,8,95
14,63,78
44,93
28,27
0,69,64,20,3,63,62,4,52,2,100,10
0,2
136,8
65,28,18
108,80,7,25
59,114,44,138
40,93
116,35,17,12
139,3
81,95
120,47
14,99,133,10,64
31,19
42,21,83
76,53,9,1,133,77
134,32
26,116,27,29,72,55
115,42,89,58
28,27,56
126,114,46
55,15,26
14,52
68,10,3,0,62,76
17,34
26,28
28,17
89,40
119,11
55,15,11
46,71,43,114
19,122
34,11
95,8
4,75
64,78
126,43,61,48,114,41,38
120,47
127,118,25,7,117
50,25
105,25
24,7
94,63,10
43,46,89
26,134,29,28,27
62,64
43,46,47
59,83
85,42
60,18
47,41
35,17
41,21
41,40
20,3,111,68,13,75,0,2
86,114
55,119
131,95,24,125,105,107,7,49
74,3,1
35,17,5
42,86,58
1,3,121
5,28
80,88
2,3,77
42,85,61,93,23,58,89,126,40,92,86,47
23,22
127,97,54,24,108,50
106,136,109,37,79,50,124,25,96
52,13
73,26,5,28
5,18,17,28
117,88
15,26,17
129,137,49,88,79,37,51,80,7,54,36,24,127,117,82,25,109,50
