0,1
2,3
4,5,6
7,8
9,10
11,2,12,13,14
15,16
4,17
3,18
19,20,21,22
23,21
24,25
17,26,27,28,15,6,29,5
30,31
32,33
34,1
13,14,12,11,35,30
36,37,38
39,40
13,41
30,42
43,44,40
3,12,45,46
47,13
48,37,49
50,51,52,17
22,53,19
1,54,33,55,10,56
52,17,57
40,58
59,20
60,34
61,53
31,62
63,64
4,65
66,67,68
27,69,70,52
71,72
73,16
11,12
74,49,75
76,55
70,15
21,68,61
77,70
78,79
10,1,33,24
3,62
10,34
16,80
19,48
81,9
47,82
49,83
5,65
84,22
15,27
80,85
79,36,22
49,48
21,53,19
68,22
66,53
71,29,86
24,81
5,4,27,71,6
54,34
23,19
87,49,66
81,56
27,17,4
79,75
72,17
18,88,89,13,41
90,45
75,91,49,20,83,38,92,37,67,61
93,39
27,15,6,5
84,87
87,59
29,69
94,75,66,49
66,20,78,79
80,70
57,69,95
1,55
58,9,1
28,71,70,15,80,27,52,17,73,96
34,1
53,97
34,8,40
39,56
98,99,55
33,89
10,32,1
100,5,101
81,33
52,17
19,91,75,87,21,102,68,23
60,10,103
23,59
49,74,91
10,32,40,104,105,106
57,5,17
107,83
99,33,10,7
21,67,53
19,38,59
73,80,86
22,108
67,20
109,79,19
110,42
19,67
45,13
111,12
69,52,6
59,112
56,33
81,33
3,45
5,15,17,27,29
113,88
46,11
85,114,6,70
76,1,98
56,1
36,19
12,64,41,89
27,50
63,30,3,111
5,27
4,70
41,42,12,35
88,113
32,34
33,34,76,1
1,10
115,116,82,117,41,18,13,11,118,46
33,119,32,60
81,10,1,98
13,18
64,3
119,56
57,120,4
63,62
5,27
98,33,1,10
14,82,89,116,45,63,121,111,42,3,13,113,115,31,12,30,11,90
90,3
99,98
95,69,96,29,70,17
29,71,80,120,4
61,75,49
89,110,30,18
63,64
33,81,1
15,57,70
31,47
16,120
27,71
6,4,16,80
48,61
30,90,111,42,122
106,40
123,99,58,32,8,40
124,87
12,18
49,67,38,48,83
8,125
1,106,10
34,106,40
34,25
40,119,34,125
93,10
98,9
100,51
34,40,125
99,98
39,54,125,25
17,27
113,30
3,47,13,45,115
45,3
32,25
106,103
28,6
84,75
32,10,40
105,99,1,7
101,17
71,80,15
49,75
126,33
1,33,55
57,15
18,13,82,12,31
49,36
65,101,72,127,57
63,42,89,111
111,3
17,50
1,33
115,45
3,14
43,106,1
53,20
41,46,12,64
118,64,62,45,82,14,110
49,83
50,72
119,43
64,63,111
39,32
56,10
41,3
35,111,89
128,15,27
15,6
33,24,34
59,23,21,83,37,75,87
87,129,75,78
86,28,4,29,52,77,51,130,73,131,57,17,72,6,69,15,5,27
15,17,70
4,27,71,73
4,71,5,65,72,86,29
73,132
1,9
15,17
99,123,10
3,31,133
108,17,65
106,125,119,134
17,57,96,72
65,73
45,61
19,2,76
40,54,119
76,8
29,17,15
105,33
33,56
112,49
13,82,41,45
40,106
8,56
46,30
42,90,12,133,113,62,35,30,111,3
38,107
17,50
56,104
15,73
53,107
50,101,96
8,99,81
47,18
66,53,19,97,109,59
71,17,120
33,32
84,19
42,113
35,12
134,105
40,56
18,111
35,3
71,65,131
4,6,127
3,31
67,61
27,5
33,55
66,19
2,64
127,29,72,17,114,70
14,3
65,5,16,4
46,111,89,31
103,81,105
43,10,98,106
15,50,27
75,38,124,53
14,113,11
135,125
31,30,35
87,19
125,126,99
34,56,76
8,44
49,109,108
8,54
30,18
89,122
103,60
78,19
71,101,70,17,5,6
33,119
3,64
73,120,130,17,127,70,101,96
66,53
15,80
41,113
106,1,9
19,53,102
45,13,41
3,46
30,42
49,74,78,68,38
24,123
51,57,87,66,73,53,22,27,20,65,29,4,108,5,6,96,68,17,79,80,61,70,38,23,107,59,50,49,16,74,21,36,109,71,83,78,15
50,72
134,32,106,34,105
96,70
22,109,59
45,14,30
115,89
59,109,53
59,22,49,109,23
56,55
114,57
120,18,56
56,33,1,0,123
5,71
89,18,41
24,43
100,127
113,133,31
120,131,69
70,50,17
13,41
67,108,19
48,49
47,45,35
90,3
10,60,32,98,1,34,99,106
120,51
18,41
14,35
18,45,12
113,64
84,59
18,14,118
22,109
3,111
17,73,6,5,72,57
50,71
34,32
5,70
61,83,48
71,6,100,57,4,85,95,15
114,127
106,125
97,22
53,68,19
126,10
41,47,46
12,116
82,89,113,42,35
110,82
2,111
19,75
46,111
61,59,94
60,10,24,33
1,106,105
15,71
17,29
27,69
77,29
16,29
68,19,136
46,2
7,32,9,134
17,5,71,51
59,22
93,56,106
68,108,19,49,53,79
16,5
40,125
21,37
14,46,31,41
83,20,19
17,72
35,137
23,59
67,107
5,114,95,71,27
71,80
31,30,11,111,41,12
34,93
5,27
80,85,15
109,59,78,49
86,71,85,28,77,95,6,27
28,85,17
37,21
19,22,20
87,22,20,68
49,21
33,123,56,9
76,32,105,106
53,61
69,85,71,101
104,44,8
103,105
107,61
10,55
14,62
95,72
10,123
68,59,53
23,19,136
106,105
34,106
27,120
101,73,5,27,71,6
6,15
55,1
22,87
35,2,30
50,5
105,34,126
34,126,10
48,61,138,75
83,49
21,20,83
111,133
123,43
113,30,62,2,14,12,3
68,109
3,14
15,5
12,88,30,62
14,11
32,119,123,106
19,61,74
100,6,69
81,43,0,123,1,60,10,103
99,10
54,9
32,126
34,106
8,40
59,23
61,66,53,87
46,113,2
34,39
18,68,29,87,106,1
111,63,41
7,54
98,99
30,42
18,12,31,88,133,45
42,47
82,35
38,94
19,59
76,106,119,34
10,56,9,40
40,34
30,88
78,83
109,87,20,48,68
89,46,118,117,82,41,45,11,13,115
31,3
63,31,42,14
32,40
20,21
5,73
27,16,70
15,127
119,139,34,40,76,7,8,125,106
30,133,12
11,118,46,133
89,41,46
67,53,74
27,4,70
8,32
12,113
27,4
13,18
12,31,30
20,48
106,1
120,72
27,57
53,109,19
3,14
32,25,8,34,125
40,1
108,136
75,61,37
22,91,53
41,14
73,17
45,47
62,14
28,27
68,19
3,113,30,45,137,82
74,38,48,19
33,10
62,18
14,3
99,98,103,10
5,73
120,27,17
35,121
75,83
73,127
119,10,60,33
98,1
56,123
23,109
74,109,49,87
29,57
93,139
99,40,25
81,99,33,39,76
30,113,18,14,90,111,13,64
36,38
63,118
122,64,13,63
99,10,56,9
15,120,5
45,117,41,82,47
29,70,17,120,71,114,15,27,73,50
15,72
19,21
22,124,49
79,109
18,11,14
66,53
123,1
19,108
41,45
113,2
123,98
45,35,3,63,13
68,59,107,19
2,35,90
14,18,12,45,62,13,3
49,61
71,132
98,106
85,29,4,51,15,120,71,100,6,52,27,16
3,41,31,82,11,30,46,89
98,56
110,14
74,67
90,3,31,113
139,40,54,106,119,76
31,13,47
91,75
99,1,76,33
14,31
63,35
17,4
10,54
52,127,69
30,31
131,95,15,4
10,55
13,115
79,68,38,129,109,22,53
55,33
41,35
39,44
56,119
97,112,23,19,109,78,53,84,108,68,79
79,53,38,19,48,20,138
73,17,6,5
14,18,13
42,3,41
133,122
25,99
98,24,0,10
31,2
74,19,68,49
34,1,106,32
80,27,65
64,62,111
82,13,46
33,10
125,10
42,41,14,89,30,31,118
85,70
84,124
130,17
106,40
83,22,108,38
20,49
111,110,113
85,27,50,127,52,72
15,70,51
22,37,49,23,107,19
140,51
109,49
87,22,61,19
34,8
41,35,18
49,67,23
4,85
32,93
130,15,4,6
33,10
68,21
98,33
64,141,13
71,80
118,46,116
52,69,131
30,14
60,135
59,61
24,105,76,56,93,33
48,61
106,44,40
49,37
23,79
6,4
18,30,46,118,31,12,63,141,64,89,13,111,3,14,47,113
17,70
73,70
72,52,95
73,50
106,40
40,10
131,29,77
5,120,72,27,4
109,49
30,3
89,46,13,63,45
10,1
15,17
9,40
64,133
124,49,78
138,91,61,38
3,113,30,14
47,42,111,31
120,70,17
14,31
113,63,31
141,41
53,37
19,112,108,53,84,68,22,109
82,13
130,72
56,34,1
111,64
3,64
43,10,98,9
62,35
27,15
126,33
56,43,106
14,62,35,30,110,111
45,18,11
34,32,125
14,116
5,101,50,27,70
48,94,37
49,83
61,21,36,138,20,49
126,34
3,30
109,23,59
6,4
71,5
48,23,20,19,37,87,109
54,24,106
53,19,59
63,14
51,4,15,17
132,5,28
59,79
119,34
65,27
119,56,10
49,87
22,75
91,20,49,107,21
119,44
82,30,18,45
21,49,84,67,68,53,19
66,79,78,23,22,87,97,59,109,19,53
71,29
64,82,35,30
42,11
91,38
25,105,34
10,98
40,10
1,105
52,17,28
17,15,69
41,45
5,130
68,23,109,19,102
30,3
56,125,106
85,27
39,40
12,11,122
58,40
80,6
38,36,79,19,20,75,83,59
134,7
46,45
76,106
20,19
22,68,109,49
40,55
35,14
74,38,36
108,59,49
45,89
98,134
56,10
13,46
27,15
15,70
13,34,125,61
25,34
45,133
3,110
53,61
87,22
17,70,71
64,111,35,30,12
105,76
113,12
126,98
74,20,61,49,36,75,83
10,104
17,70
59,17
112,19
37,57,14,51
49,22
37,21,20,75,49
61,67
34,106,60
22,109
105,44,25,8,34,119,39,106,125,32,54,134
53,84,68,136,97,23,102
55,34
15,71
37,87,107,78,59
29,69,17,72
69,52
0,43
98,106
36,53,67
69,70,27,120
6,52
30,12,35
69,70,101,52,51,50,17,114,72
5,69,17,72
103,104,139,126,24,8,39,0,58,99,54,34,7,81,44,125,123,55,43,9,32,25,10,98,60,1,56,40,93,135,105,106,134,76,33,119
72,6,5,27
76,0,105,1,40
19,23
55,10
53,19,108
3,62,90
45,47,35
11,46,13,41,89,18,45
96,52
49,136,19
5,15,27
140,15
17,131
30,62
65,57,17,120,6,15
111,133,113
136,22,53
70,6,95,17
1,9
59,37
10,39
4,69,17
62,63,35,64,111,90,113,2,14,133,3,31,30
6,73,27,69
47,45
17,72
98,56
16,27,28,65,128,57,15,100,120,6,80
109,59,19
24,139,104,106,56,98,119,1
32,99,106,54
49,107
1,119,10
101,128
86,6
52,29
121,2,46
17,106
22,109
1,54
53,22
1,10,98,99,76
118,113
34,81
40,76
34,8,32,139
40,43,60,135,1
63,89
17,51
20,53,79,49,61,38
32,98,40,0,9
99,56
33,60,1,0,105,98
91,20,21,92,67,38
132,4
73,6
85,5,17,72,29,27,15,100
93,99,105
59,124
2,30
70,101,71
72,17,73,57,27,16,4,52,71,69
117,63,64,90
114,6
18,30,117
70,72,132,29,6
21,112
71,77
19,59,38
113,30
22,97,20,61,23,87,102,68,92
75,107,91,49
113,64,3
127,52,29,77,70,69,51,85,72,50
95,17,6,50,65,120,15,29,16
13,41
118,18
68,36,84
120,28
3,133
138,75,48,20
38,20
133,12,90,116,113,46
48,49
40,34
56,40,32
10,0
30,111,13
37,19,53
119,32
12,14
119,105
24,106
39,32,99
78,59,22,53,68,87,19,84,109
102,49,112
6,5
119,34
46,115,14
10,58,1
35,11,3,12,41,62,30,122
49,68
53,23,79
64,113,111
57,73
113,3
42,41,111,30
87,59,23,53
2,18,30,3
99,1,76,10
69,70,72
16,57
70,5,15,128
41,13
40,106,1,125,134
53,87
27,28
66,108
14,82,31,35,46
58,99,98,24,56,33,81,10
3,64,63
41,46
41,3
113,35
35,41
22,49,136,37,59
117,30,45
19,48,53
12,30
64,11,13,12,63,41,30
27,17
53,59,78,129
20,78,87,53,36,61,19
30,42
116,113,41,82,18
27,120
0,10
56,123,10,34,76
59,72,67,69,68
19,59,23
113,42
22,49,68,83
97,19,53,79,22,109,68
52,17
87,22,108
48,59,21,20,84
24,60
127,101,72,17
100,72,70,16,5,17
27,29
81,98,106,105,1,7,103,9
119,125
62,113,64,14
47,116
60,25
65,4,17
14,31
18,31,117,63
111,11,62,118
75,59,102
105,93,0
31,30,14
59,22
36,79,74,108,20
81,58,99
51,17
10,25
75,61,67
129,68,22
43,40,56,135,34,106
40,93,34,106,105,39,25
106,40
37,19,22
81,98
53,108
84,48
41,118,35
27,5,17
18,63,12,14
85,15
77,72,132
6,15
134,40
107,22,53
61,23,53,109,22,91,83
48,38
89,82
13,14
72,15,71
111,14
120,6
106,93
9,1,34
81,103
5,57,4,15,71,80,27
29,72
18,35
20,61
3,35
76,33
111,35,30
12,41
41,35
136,67,79
6,73
17,5
63,45
5,15
54,1,126,24
5,27,96
79,47
41,18,12
58,105,119,135,104,106,33
17,114
89,41,13,47
48,83
14,63,12
12,41
34,106,9,10
125,54
17,50
68,19
45,13,41
49,79
15,120
85,50,5,80
23,68,53,22
27,71
31,119
111,2
58,55
9,125
41,3
82,141
17,80,15,127,27
71,120,29,5,130,17
80,15
53,20,107
56,99,34
119,33,1
83,74,94
53,87,22
22,59
36,107
1,60
110,47,12,45,18,30,3
31,14,111
76,33
41,30
106,39,10
5,52
122,41,113
72,17
57,28,16
64,111
94,48,21,36,91,67,61,75,20,37,124,49,74,38,83
14,63
101,51
51,15,127,16,128,28,114,86
63,31,20
64,3,46
80,5
45,12
11,45,82
3,13
0,125,76,106,10
55,10,0
68,49
113,31,35,3,14
59,129,19,22,49,38
80,72,70,4,27
41,14
4,96
14,2
29,15,69,120
40,34
47,89,30
29,17,4,5,16
3,14
106,1,134,34
59,87,49,37
118,116,13
92,75
72,127
12,47
16,28,6
114,128
25,34,103
14,30,42
120,6,51,27,72,17,15
91,67,87
13,45
46,64,45,111
58,10
59,87
3,47
83,67
92,61,109
19,22,53
40,104
123,93
46,89
7,34
48,36,38,94
130,69,70
57,5,120
35,3
131,72
44,54,1
70,130,77,51,17
73,69,27
108,37
69,71,52,120,70,29,17
85,16
27,4
77,51
87,20
18,45
85,17,29
62,3
19,53
10,43
15,65,5
46,18,111
6,4
36,78
52,17
52,71
21,129,136
17,70,29
28,4
49,22,48,68,94
125,8
30,12,14,64,3,111,35,31,63,42
27,52,80
127,71
72,73
8,40
20,38,21,107,36
125,123,8,60,40
55,1
3,12
76,34
59,109
53,19
31,64
74,48
13,115
76,54
76,125,119
17,77
125,34
27,100,15,71
134,139,119
59,87,67
87,53,22,109,19
22,83,94
6,28,71
27,73
22,20
20,49,109,36
34,8
52,101,85,17,70,69,131
31,12
11,41,45
15,28
107,20,48,75
84,53
4,120
32,134,1,34,98,106
120,5,85
1,106,119,39
54,123
47,18
109,49
40,44,10
50,71,5
68,92
68,22,19
1,98
64,11,113
20,22,74
52,27
20,37,21
19,49
45,35
10,25,139,98
70,16
22,59,94,108,19
17,15
64,89
50,15
17,27,72
10,32
53,49,68
136,36
16,85
4,27,127,72
133,31,111,41,113,14,18,30
18,89,45
57,28,80
76,54
5,50
6,5,73
56,105,125,135,106,10
12,18,89
60,119,103,8,106
5,80
37,36,49
89,41
103,24
1,39,106
70,80
27,4,72,50,70,69
106,32
113,3,62
81,106,40,1,10
85,6
30,14
14,12
69,96,70
71,5,69,73,96,17
71,17,52,15,28,114,72,4,120,5,27,70
13,118
86,6
135,43
122,2,35,110,46,115,11
118,12,30
30,3
28,72
86,80,73,77,65
108,84,61,91
96,69,5
121,3,45,31
129,36
97,19,84,66,53,87,59,108,22,78,79
49,36
13,45
63,12
37,102
16,15
4,57
75,48
114,4,52
77,27
68,108,38,78
65,15,128
7,98,134,10,1,106
52,96
67,124,36,61,91
87,23
91,66,61,79
121,35
108,48,97
82,89
101,131
18,88,46
10,55
49,48,21
19,59,68,38,53,22,49
123,106
14,89
34,104
2,63,113
29,51,96,72,17,85
80,6,72,27,5
11,42,14,35,118,113,47,116,18,62
4,15
19,49
52,15,57,5,71,29,85,16,6,17,4,73,70
20,37
14,82
53,59
85,51
64,45,35
12,41,13,62
59,36
1,18
103,60,123
17,128
24,40,43
15,27,29
4,73,5,65,15,16,27
107,87,53,102,79,66,22,61
3,18
42,41
72,69
36,92
111,30
16,130
2,41
52,50,51
30,31,3
37,48
22,68
17,69,72
92,75
35,42
55,99
70,51,29,96,101,72,127,77,50,52,17,85
31,111,62,113
130,80
53,23
74,23,36
14,12
15,16
10,98
1,76,105
41,46
33,1
41,115
63,45
97,79,49
96,65
99,56,1,10
95,70,80,69,71,17,57,15
53,61
114,6
20,87,109
126,76
38,91
46,3
130,6,114
81,55
80,101
10,125,7,81,134,56,60,106,99,32,40,1
118,89,30,3
50,101
56,135
135,10
68,22,59,136,20,37
11,88,142
15,50
17,70
23,129
113,30,13
17,50
17,95
130,15
31,133,30,113
111,14
113,35,3
6,5
104,98
3,46
36,84
4,70,28,27,17
27,95,85
9,8
6,4
78,49
57,27
34,119
36,38
67,61,124,49,75
48,38
10,54,32
106,98,24,1
22,79,68,53
81,34
3,14
46,116
34,39,103,33,54,119,10,98,8,32
10,56
49,84
49,91
90,3
82,18
33,126
5,15
30,3
62,89
99,33
73,6,5
128,71
88,30
30,111,116
87,22
19,87
31,14
19,59,49
101,85,86,27,120,72,140,51,127,16,5
124,61
34,105,126
30,88,3,31,113,111,62,41
107,20
98,103,33
57,130,15,96,71,4,101,17,72,85,27
13,122
83,92
138,94,107,67,48,92,37,38,61,36,75,74,21,20,83,49
28,15,73
17,77,120,16,15,80
103,34,99,9,40,10,32,1,93,54,126,56
48,97
1,24,81,33
133,46,41
10,93
45,122
45,14,41,111
62,82
3,111
69,50,17
67,83
34,81,1,24
40,58
70,95,29
23,37,20,108,68,19
13,41
60,1
41,30,117
66,109,22
15,17,27
61,36,68
10,125,135
45,47,41,116
6,16
51,17,29,114,70
77,51
75,38
56,0,10,1
72,5,15
5,4
134,34,39,54
20,109
102,23,19,108,79,78
17,85
76,1,0
123,1,9,106
25,24
56,93
49,102,87
89,30
103,34,43,1
119,106,139
89,35
98,10,9,34,99,33
1,128,15
30,35
92,91,38
20,49
14,31,82
48,136
128,77
17,72
106,104
31,64
115,45
71,73
34,56
27,120
37,36,83
6,71
15,4
24,126
107,94,48
27,6
134,32
11,64
91,67,22,20,138,19,53,87,49
75,74
125,119
80,73,6,15,65
35,42
38,75,36,74,49
12,31,13
59,49
111,113,3
123,1
96,29,17,69,72,50
27,72
20,49,61,87
30,46
115,18,111
34,1
96,140,17,73,29,15,120,52,5,6,127,71
18,111
30,113
101,29
111,30
8,24
111,35,30
81,43,56,9,58,60,34,76,103,123,32,99,33
49,79,108,61
72,4
76,1,105,40,119,98,106,34
50,15
74,48,49
49,74
12,111,64,3,31,30
47,41,89
39,33,55
57,13
119,55
10,135,76,106
1,34
56,76
