126 82
3 81
139 49
17 52
108 56
102 50
111 119
4 58
114 70
129 56
19 38
109 66
42 58
119 136
17 22
38 85
109 119
132 17 20 34 50 63
109 110
110 82
46 7
103 140
31 75
103 125 50
109 17
30 85 94
31 99
103 41
111 49
1 134 48
111 43
109 11 110 136 36 51
131 56
103 126
111 119 126 58 63 94
14 7
134 82
82 85
34 85
49 81
109 112 126 132 3 37
17 38
17 35 5
110 26
1 109 17 31 42 46
131 42
29 74
109 51
125 93
119 91
1 4
109 124
126 17
141 58
109 141
107 48
141 31
42 7
119 49 50 63
109 42
0 75
14 20 60 98
109 11 57 58 82 84
116 42 90
130 71
103 60
111 5
119 3
109 131 17 4 75
3 5
41 5
41 54
107 50 51
130 99
125 82
17 45
52 72 83
107 26
138 17 4
111 136
10 140
111 42
103 58
131 90 93
114 80
131 25
119 24
36 51 75
138 17
0 118
111 17 48 75
1 111
29 31
22 34
126 41
74 81
111 62
38 5
109 58
118 126 80
103 17
130
20 52
38 50
132 50
42 50
0 40
34 63 85 89
122 4 50 52
119 4
49 50
0 50
1 103 109 111 119 123 50 58 75 82
119 76
1 107 110 119 125 14 20 29 32 40
42 81
10 17
119 20
17 92
20 50
138 60
37 9
49 60
130 90
10 22
106 110 135 29 4 41 58 84
58 75
126 136 17 4 50 56 75
109 116 68 85
109 65
126 70
107 50 72 85
41 42
42 79
102 80
1 68
129 138 32 6
17 57
119 132
17 42
7 70
22 5
17 67
58 59
109 13
116 126
134 4
119 50
116 82
109 50
114 57
126 50
126 132
103 109
108 4
109 26
38 47
130 4
17 56 74
125 20
1
17 4
129 138
111 119 17 4
111 129 22 50
102 32
47 5
26 40
20 36
32 78
17
39 88
126 40 7
109 138
109 20
114 126
3 58
140
59 66 82
38 68
48 7
34 4 58
0 24
119 39
104 115
1 131
1 17
119 126
132 99
42 49
56
111 82
126 52
119 17
132 20
129
110
31 50
1 92
119 92
139 58
32 99
109 119 17 99
109 24
0 49
138 139
22 46
60 73
48 50
119 38
132 58
20 4
138 81
17 26
39 58
17 50
58 60
136 46
5 50
138 91
46 67
20 32
34 38
119 5
63
1 123
119 58
109 126 17
20 56
110 76
127 141
103 36
31 82
119 49
40 49
111 50
37 4
102 42 65
111 21
1 58
109 22 85
111 87
136 39
50 85
7 81
103 107
110 131
134 40
119 13
10 132
49 80
123 130
114 81
130 38
49 99
119 17 50
112 125
4 80
111 46
43 81
132
36
102 118
111 126
111 81
103 24
17 56
31 54
111 130
110 138 5
35
134 75
136 42
1 112
52 58
126 80
123 50
65 75
112 125 58
110 22
32 46
103 52
107 130
122 17 56
141 38 39
5 50 70
109 131 17
42 60
111 20
114 17
51
56 61
111 29
111 60
10 109 64
126 3
138 58
110 38
4 50 65
129 40
141 94
126 17 99
52 79
130 5
122 17
111 22
18 3
109 126
111 39
131 41
119 22
30 60
3 67
18 42
42
66
46 58
48 99
139 25
22 81
130 60
63 81
123 48
138
134
103 130 58
42 57
10 85
137 82
138 31 37
17 3 52
60 92
0 136
3 32
31 76
109 4
116 50 80
129 17
107 60
138 32
56 83
0 41
16 32 37 58 60 82
112 50 52 7 99
20 79
111 118
17 37
60 75
110 56
110 58
102 103 126 52 67 98
7 85
49 50 85
17 58
50 90
51 90
103 48
112 22 42 50 51
112 126
3 82
1 56
22 47
111 140 142 31 40 42
111 76
111 36 4 43 47
103 42
129 50
49 82
0 141
17 36
0 119
122 37
107 35 46 50 60 85
137 51
114 48
117 134
119 58 81
111 99
134 5
109 52
125 50
1 45
114 99
111 17
17 60
111 58
4 7
107 99
24 5
20 52 57
50 63
17 32
50 57
40 82
3 50
50 81
32 80
17 65
142 17
46 60
103 110
109 81
50 82
2 34
109 111
119 61
50 66
50 60
103 31
119 124 134 4 81
119 124 126
125 63
109 50 85
126
65 82
103 4 60
109 5 60
138 16
1 21
10 126 50
5 58
5 56
1 18 39
1 80
46 5
35 80
103 22
122 126
137 39
24 94
20 85
125 141
62 85
102 141
23 41
107 42
1 3
132 37
36 88
125 129 52
112 99
126 51
17 99
4 60
37 98
46 57
17 5
107 37
60 81 85
50 62 63
109 17 36
103 126 50
116 60 73
1 48 5
14 141 20
10 111 50
141 31 56
29 5 52
103 17 49
109 111 5
50 56
109 40
1 111 62
107 126
28 75
20 94
59 8
111 134
130 131
17 81
130 36
111 126 84
42 81 85
32 58 68
126 54
125 29 41
126 41 47
1 107 21
17 20
109 137 80
0 4
58 96
123 124
11 22
118 17 39
109 42 58
136 138
38 42
129 32 42
80 81
110 41
103 109 4
103 34
103 82
38 58
131 5
130 52
1 119 88
110 42
104 111
4 87
111 129
56 82
0 107 46
24 99
56 80
40 41
119 42
111 40
126 135 95
107 131 63
126 4
142 80
63 99
17 40
103 50 68
47 52
111 124
107 58
10 32
103 126 90
124 17
107 22 5
36 4
29 50
1 38 97
33 70 82
102 107 29
42 85
38
17 66
29 71
22 82
0 51
50 99
126 25
1 102 35
119 32
52 53 99
109
31 55 80
111 132
32 88
107 109
5 85
103 65
36 72
135 69
102 109
113 50
39 59
0 56
40 58 80
1 65
119 60
103 16 4
17 46
102 103
137 22 50
24 42 99
116 3 45
104 111 131
111 4 40
126 49 66
123 131
5 90
1 119 38
111 37 57
22 4 58
103 72
29 39
104 116
48 60
40 81
36 7
136 79
142 60
141 65
102 17
115 14
22 60
29 60
119 43
61 83
130 58
126 14
126 38
26 82
139 24
0 109 65
126 5 71 88
119 126 50
49 56
40 43
134 85
131 3 60
108 20 80
104 126
103 111
132 14
0 1
106 118
109 130 17
22 48 65
109 111 41
22 52
107 34 60
111 56
17 41
130 54
126 42
17 65 99
25 51
43 5
103 134
126 85
22 29
141 66
17 80
4 63
138 50
38 53
136 50
39 78
126 32
50 58
105 47
110 17
126 88
19 50
20 49
0 107
29 32
59 67
126 60
4 58 65 85
111 31
17 40 94
109 34
0 103 111 119 130 141 31 49 50
39 50 60
107 17
54 58
111 140 34 43 56 99
123 31
39 5 52
104 126 75
111 113
4 42
56 99
137 42 58
111 6
110 112 20
126 140
112 51
15 81
42 69 90
80 90
63 88
17 52 63
58 65
0 105 45
103 24 61
110 17 22 32 50 56 58 82 92
17 75
103 123 125 132 17 35 40 85
130 94
52 91
36 56 99
50 51 59
115 20 50
22 43
109 26 60
111 78
126 40 85
1 107 65
56 81
17 34
1 115 3 71
22 74
119 63
126 137
1 103
0 49 91
125 39 52 58
4 43
41 60
109 124 41 65
109 111 126 138 39 42 85
126 22 5 50
63 82
1 39
107 109 111 5
115 98
4
112 36
20 38 89
1 5
124 139 42
134 41 72 81
109 90
125 37 80
58 72
48 94
109 7
109 45
109 36
36 37
58 80
126 130
22 58
17 94
39 50
1 42
137 29
132 42
24 54
17 47
50 73
110 85
50 65
31 46
37 53
24 4 64
133 63
107 85
124 51
36 56
1 125 126 17 4 42 51 73 95
60 85
111 4
24 48 50 91
105 17
64
38 63
111
135 29
52 90
54 67
10 20 41
42 73
32 65
22 56
130 25
17 88
137 81
126 99
103 109 136
126 67
58
59 90
107 98
1 140
0 131
0 82
109 15
107
5 67
125 52
119 52
103 38
103 116
119 130
109 56 99
0 60
42 48
37 39
0 111 80
17 24
126 56
132 5
99
119 55
31 51
32 54
81
20
32 60
50 92
122 25
119
79
37 96
136
34 63
22 42
50
105 82
125 134
61 80
119 138
60
109 124 130 40 52
126 98
17 31
108 130
141 46
31 92
138 39
34 50
92
132 39 88
24
7
111 125
32 42
102 129
121 139 74
131 134
112 55
111 132 31
125 84
38 99
3 85
15 21
5 74
57 60
126 42 5 65 66
103 4
130 32
39 41
3 42
105 46
119 139
103 136
126 75
10 108 138 91
4 40 50
103 119
109 64
5 59
38 97
125 17
126 39
140 79
132 17 50 72
113
60 63
40 64
20 24 42
111 50 60
4 50
107 119
127 54
40 92
42 71
10 132 29 52
17 51
114 134 7
103 38 64
17 72
119 17 4
0 132
41 80
138 3
41
1 119 2 20 43 50 56 58
60 65
36 84
109 68
1 17 19 20 29 52 82
119 132 32 40 58 69 86
0 109 13 3 36 46 56 58
68
111 119 36 52 56 62
43
40 87
52
1 17 32
62 75
109 85
20 40 80
107 129 37
125 140 56
0 119 14 36 58
68 74
111 48
107 52
42 47
1 103 3
123 82
19 36
110 119 81 92
17 3
138 139 17 63
126 63
131 138 50
36 46
103 39
103 125 130
108 126
132 35
119 126 38 7 74
0 17 96
29 8
50 62
129 17 32 66
40 46
129 142
126 134 42
109 116
20 29 5 82
1 110 112 136 17 82
119 17 32
10 22 24 65 66
0 32 91
17 31 37 92
1 50
0 109
102 111 134 24
34 68
1 103 119
111 32
111 29 32 39 40
109 20 50 60 82
105 108
56 75
116 125 133
40 99
32 5
17 38 5
109 60
107 82
125 90
50 75
125 130 36
36 67 99
104
114 65
1 51
13 47
109 111 56
119 85 88
119 72
138 96
115 56
119 137
129 140
10 109 132 29 63
48 82
50 7
119 58 98
83 91 99
109 136
111 85
130 82
116 17
137 67
131 50
19 82
38 91
47 50
10 84
22 50
58 79
1 17 50
109 140 50
136 99
81 94
26 29
46
111 125 126
37 63
35 60 65
15 20
111 5 7
24 50
107 50
66 72
0 102 31 58
103 17 5 63
36 38
110 17 52 81
107 36
1 104
107 4 58
126 138
126 50 56
50 78
37
111 126 138 41 48
0 10 130 85
141
110 50 83
27 60
126 130 20 50 83
88
126 36 75 90
104 109 134 139
109 39 45
121 50
126 140 50 80
115 136
32 52
4 50 88
14 17
119 130 63
130 49 5 60
107 25
126 71
38 56
131 51 58 69
48 50 69
116 131 65
111 40 7
132 67 84
109 111 74
129 22 32 34
141 60
119 140 37
109 36 80
40 90
126 141
58 92
58 71
51 57
18 52 58
108 81
126 92
119 17 24 42
70
34 40 50 92
13 82
129 21 22 32 85
17 29
5 92
138 22 4 90
38 5 50
112 49 50
126 20 56 90
116 51
102 32 42
34 52 90
111 17 99
111 31 99
110 66
112 133 37 60
25 49 58
110 50
102 107 52 63
103 17 42
109 115 29 60 85
126 22
141 50
116 128 60
32 81
42 54 72
137 4
103 42 56
142 58
37 4 42
113 126 17 22 56
40 50 54 88
111 32 82
108 3 34 58
103 107 109 84
111 134 22 7
142 4 50
131 50 57
1 107
120 39 70
119 132 17 60 81
15 4
130 56
126 132 3
105 129 134
103 109 132
105 109 119 22 70
119 22 4
102 111 126
36 57
131 141 21 36 74
2 99
31 41
103 109 71
111 50 85
103 64
109 119 17 29 31 40
107 126 29
138 24 4 52
111 4 40 50
119 17 49
132 66
134 67
1 17 20 82
5 52
111 126 130 26 92
0 5 74
10 101
126 17 85 94
0 111 65
109 3
17 20 65
126 4 67 72 81 85
114 132
139 4 96
111 119 42 5 75
116 141 22 52 99
5 56 66
111 130 134 42 99
138 4
114 126 4 90
103 68 85
17 5 50 59
1 119 132 22 42 50
126 39 56 98
126 47
1 136 56 62
65
110 119 42 60 76 99
103 132 40 99
75 82
14
130 134 50
13
14 57
1 119 77
71
109 17 65
51 94
109 141 91
109 132 99
103 109 139 140 50
40 52
109 111 40 41
109 121
109 126 22 63
109 32 36 75
1 14 32 99
102 109 56 58
110 119 29 58
114 132 4 50
111 126 17 4
111 72
41 65 68
103 20 46 75
107 111 29 74
136 28 36 78
126 60 62
136 138 32 82
109 136 36 50
104 81
14 20 49 56
32
111 125 50
108 130 71
38 43 82 92
17 52 81
0 102 133 134
37 58
134 138
119 126 39 57
131 29 60
103 130 17 92
36 54
51 99
105 13 32
107 109 125 137 81
137 138
109 126 130 31 54
109 22 26 37 40
31 68 85
119 17 56
17 36 81
1 38 60 81 83
19 42 58 69 9
119 126 132 38 5
109 39 42 47 87
109 130 136 50 99
126 17 38 5 56
10 123 37 42 58
53 67
126 17 19 58
1 10 126 131 17
0 32 75 85
109 22 24 58 98
110 140 32
119 126 17 38 42
111 22 56
114 126 58
106 109 17 80 99
0 103 126 2 56
130 140 17 20 4
119 126 32 46 80
13 134 36 41 50
123 126
137 19 29 4 42
14 22 43 7
114 119 40
109 119 17 49 60
138 17 24 60 88
103 14 49 51 90
0 110 41 68 71
111 22 31 60 99
1 119 122 17 58
24 40
109 20 26 32 51
125 134 29 41 5
138 3 82
109 126 50 56 90
104 107 42 62 63
19 29 48
126 40
141 17 34 51 56
107 111
119 132 3 5 70
108 111 122 24 81
126 134 34
102 130 17 41 51
141 29 50 90
131 138 141 72 85
1 109 139 65 85
3 4
103 109 130 52
111 119 14 32 75
109 3 4 74
111 116 126 20 53
119 36 7 80 99
107 109 130 138 82
103 107 129
115 49 83
111 141 29 80 90
119 126 58 60 88
110 17 29 41 5
1 17 20 26 71
103 38 56
1 13 132 17 48
132 24 38
126 4 5 58 7
125 137 63
114 126 58 94
103 111 130 132 136
1 109 125 42 5
134 22 3
102 105 17 31 40
105 14 39 43 7
130 85
24 29 39 40 85
1 134 22 40 60
1 109 125 17 42
112 17 22 63 72
109 111 119 136 49
110 49 58 90 95
109 126 36 62 80
0 42 7
109 142 17 33 36
40 67
129 20
0 111 48
108 22 41 49
4 70 88
126 132 25
112 17 24
104 138 17 32 42
126 29
41 50 69
109 132 17
11 59
110 111
137
125 130
17 37 40 60
0 111
14 50
0 137 41
111 34 5
125 60
126 32 47 81 90
119 138 5 60 70
29 39 58
110 14
1 126
10 131 132 29 52 67
1 119 29 50 76
107 134 31 5 52
119 36 43 50 58
109 111 38 39 65
24 9
119 41 50 85
4 42 50 82
110 42 50 95
20 31
119 126 52 93
115 126 38 4
115 17 56 58
82
10 109 131 50
111 130 50 78
0 111 57
38 57 65
109 138 42 82
0 109 60 74
32 40
108 13 40 72
126 17 36 50
102 66 67 80
111 119 52
111 136 20 4
107 132 26 36
101 31 58 72
0 111 126 7
109 17 20 22
125 5 7
14 38
111 129 73
51 7
139 19
0 68
17 50 60
115 9
130 52 85
1 109 140
109 110 119 124
107 109 56
105 50
131 21 81 83
109 138 4 68
113 22
32 39 50
107 119 20 42 85
109 40 58
4 53 58
65 7 93 99
1 17 5
119 17 46
140 42 62
17 74
1 138
126 17 43 50
38 41
132 17
123 125 22 29 46 50
124 136 17 36 50
111 17 42 72
107 53 65
109 17 48 5
31 35 7
17 20 85
29 75
10 114 22
34 40 46 50
109 2 54 58
111 42 50
138 3 42
103 85
106 111 134 65
119 4 52
109 125 3
112 119 20 82
17 93
109 22 60
119 126 134
111 119 126 51
126 14 60 81
142 82
119 13 5 50
107 126 62 80
109 121 21 52 65
10 134 76
105 116 20 29
107 136 48 72
116 131 5 60
126 139 65
108 14 142 99
43 51
103 109 126 29
1 25 60
116 32 51
110 126 17 38
49 51
111 130 132 60
127 88 99
17 50 78
126 42 50
37 41
130 57 92
50 67
31 98
0 107 119 24
103 130 142 50
141 32 60 7
36 40 43 75
17 3 32 58
1 137 43 60
107 119 132 86
20 32 60 88
130 141 75 82
125 130 36 77
126 58
109 132 52
20 22 25 5
107 28 56 60
22
111 119 17 50
110 138 64 90
122 136
103 126 17 50
1 31 39
38 81
111 38 82
138 32 60
17 41 58
119 125 20 54
102 105 109 85
137 69
17 20 60 65
103 126 49 58
126 14 140 20
129 15 17 5
15 29 58 62
107 136 34 99
119 126 50 52
15 18 65 99
125 27 56
126 130 36
107 7
136 81
107 37 5
116 34 85
141 50 99
39 74
111 129 141
112 42
4 65
107 72
129 25 31
32 50 54
125 126
10 102 137 17 52 58
126 29 31 50
132 141
32 63
132 75
109 5 81
35 42
134 17 29
109 29 50
125 138 36 91
124 37 81
102 21 58
58 85
111 46 58 82
1 128 132 50
130 17 39
50 64
42 53 7
126 17 56 60
1 119 131
109 126 81
119 40
12 126 54
112 58 66
109 112
36 49
102 41 65 76
130 92
106 38
125 22
109 114 76 90
71 99
110 111 86
134 58 81
29 41
106 32 48 75
83
109 38
103 119 134 40
105 109 50
0 26 36
1 10 130
119 19 41
112 17
118 119
109 56 9
65 78
132 14 81
140 96
135 17 48 50
13 134 46 81
0 17 58
109 135 75
25 35
14 48 60
4 56
109 4 85
111 4 50
136 58
43 67
119 81 85
109 36 58 99
101 17
0 29 49 5 80 82
37 70 88
1 103 134 88
10 109 126
17 38 99
111 112 125 138 40 58
103 40 58
109 111 25 65
30 58 99
24 4
29 37 40 90
106 15 46 90
106 119 132
141 21 22
22 65
129 72 96
107 17 90
134 42 43
126 29 38
112 126 58 74
42 49 50
131
116 58
58 88
43 68 75 82
114 22 26
1 5 50 60
126 24 4 99
130 139 42
119 125 17
0 103 81
116 2 4 85
102 116 139
129 4 50 82
111 42 49
137 142 50 65
110 93
14 62
20 52 84
116 36 65
18 2 3 31
4 50 82
103 121 126 141
132 14 17 25
109 126 42 60
17 85
111 125 138 67
100 138 50 70
56 67 7 88
0 28 50 81
119 21
1 125 137 85
109 126 17 53
129 63 72
31 67
107 111 23
107 22 31
32 50 99
22 39
122 4 58 85 90
107 109 113
29 42 64
102 119 49
0 109 35 74
102 17 63
109 131 42
24 63
1 17 65
127 17
130 27 82
109 136 63
138 58 85
20 5
29 73 75
102 17 50
103 129 130
10 110 126
119 32 49 73
125 19
126 141 62
17 59
32 4 98
140 52
103 50
109 22
132 17 46
123 52 99
103 125
63 98
113 14
114 119
124 97
126 14 66
109 113 22
116 59
48 67
46 50
112 132 136
125 132 17 40 50 72 82 88
116 92
17 50 88
107 109 111 126 17 42 58 81
1 30
111 7
41 50
103 42 50 52
38 4
119 126 138 22 56 66 7 81
100 58
0
17 48 65
112 63
1 109 113 22 4 50 94
36 50
22 75
137 3 38 42
38 46
109 23
126 5
103 123 126 135
134 50
103 29 31 38
126 14 50 81
111 34 47 54
4 69
140 83
109 50 54
112 119 4
1 10 103 114 123 138 5 50
50 68
125 126 24
63 76
60 97
135 38 85
132 41
111 62 75
32 68 94
1 138 17
139 50 85
109 50 81
141 57
109 17 41
142 72
141 20 57
102 107 80
0 42 85
17 5 85
1 113 49
103 108 110 119 14 31 58
10 138 40
62 82
50 58 80 81 85
17 34 41 50 92 98 99
134 40 56
109 111 126 29 38 85 99
63 88 91
107 17 60
1 16
111 57
107 132 138 60
111 142 17 40
0 109 90 93
103 109 119 130 40 43 50 52 58 60 65 81 82
0 109 110 14 142 4 49 58
108 111 126 134 17 85
5 54
112 50
136 65
18 81
103 20 31 42 58 65
103 119 17
1 63
17 34 65
105 139 54
10 17 99
131 36 92
101 102
115 126 39
134 37 94
0 63
132 22 81
42 72
106 126
1 12
136 56
0 1 17 42 58
37 95
107 140
22 67
111 4 50 61
116
29 51 52 85
106 22 31 52
109 130 24 29 40
60 93
103 124
49 91
32 48
10 119 42 5
38 60
126 132 17 50 70
131 50 52 54 56
116 22
111 119 12 62 85
17 25 39 42 74
49 69
109 119 34 39 81
13 17 24 47 50 65 70
109 126 17 50
16 60
32 56
126 36
60 79
121 19
131 99
50 52
18 82
103 107 109 17 5 60
132 32
14 20
119 32 43 57 71 82
29 48 60 63 92 99
107 111 17 38 47
132 138 36 42 56 63
119 141
114 141 24
123 67
127 42
108 42
22 84
29 42
141 75
111 91
37 68
138 20
15 99
40 88
54 90
0 107 137 14 52
126 90
13 39
111 24
112 58
60 88
12 69
139 50
131 62
1 29 42 5 50 65
140 32
125 29 40 5 58 65
85
125 35
103 29
20 63
38 88
31 40
1 110 17 50 54 80
107 109 111 119 31
0 103 106 141 50
37 56
0 19
57 58
52 6
111 63 82
132 40
49 5
130 31
126 18
40 54
17 87
119 29
20 42
0 32
105 56
57 73
119 46
29 58
126 65
129 75
4 81
109 115 17 58
130 132 85 88
111 24 60
85 88
132 22
3 31
126 81
123 15
5 53
104 68
98
1 141 67
107 39
103 40
102 31
19 65
104 52
25 87
115 57 7
126 20 50
49
48 68
103 108
119 65
56 64
38 62
110 126
130 42
38 83
105 34
108 17
114 50
126 93
31
107 4
111 3
130 20
108 40
75
125 138 51 81
109 39
108 58
136 64
111 52
1 94
50 87
73
21
40
138 57
1 82
111 132 49
125 39
109 17 37
0 86
109 82
5 7
103 109 17
111 131
3 41
102 123
36 64
124 3
114 138 39 72
10 103 126
134 137 66
29 49
126 131
33 5
117 17
125 132
103 7
36 52
65 85
107 20 3 42 50 57 78 80
109 75
132 4 74
119 50 58
19 26
22 88
103 16 80
36 93
4 90
36 82
1 29
34 48
39 67
24 65
108 126 70
126 130 42 58
1 109 111 119 125 136 15 32 36 49
31 93
111 119 17 54
110 126 132 58
115 46
1 111 13 17
141 17 32 36 41 42 48 87
51 56
41 88
29 56
103 136 80
1 107 109 111 126 17 32 40 42 63 66 82 85
0 64
0 37
134 38
36 41 56 69
110 31
36 39
107 125
126 22 38
10 36
103 119 5
1 43 47
26 33
26 99
103 43
58 99
125 126 50 56 58
1 119 24 36 49
105 119
64 89
40 59
113 29
107 24
126 20 36 43 57
66 7
110 119
49 76
114 59
32 90
109 130
142 67
42 5
119 37
106 126 36
129 85
50 58 7 81
15 51 54
125 98
111 47
138 79
25 51 67
58 90 99
117 131 14 81
109 11 126 81
1 62
1 22
14 75
126 42 43
25 32
132 98
125 58
72 90
50 94
19 22
114 5
26 65
134 42
0 126
119 125 50
38 67
19 63
109 48
111 138
0 34 40
126 17 41
126 4 65
17 35
10 129 50
4 85
68 93
1 136
36 50 7
48 85
136 4
119 75
139 17
132 40 80
119 62
126 74
107 40
134 51
32 39
126 20
0 43
42 8
109 125
14 81
39 65
105 132
40 62 79
15 50
17 48
134 37
90 99
80 85
108 126 40 65
109 31
17 62 65
1 141
108 24
82 99
107 123 126 37 50
116 119 36 58 75
37 82
109 119 72
103 129
115 126
136 32
129 42
60 68
114 25
29 54
107 22
109 54
10 41
2 36
2 5
111 92
138 31
20 41
137 17
40 48
125 36 56 60 75
17 6
110 134
103 22 9
31 39 60
115 85
13 14
134 25 41
132 79
20 29
107 63 81
26 38
60 81
109 5
111 75
58 82
109 73
49 58
111 115
126 48
32 6
20 24
20 62
133 85
115 39
47 85
129 130
123 36
104 119
102 65
21 41
107 129
127 19
2 56
132 85
20 39
116 81
1 132
119 82
17 68
0 109 111
32 50
109 119 40 58
129 98
107 132
111 71
134 58
62 64
103 137
58 63
5 64
29 36
2 3
1 119 50
109 52 96
132 67
112 56
0 65
137 74 95
131 58 60
127 29
105 130
140 29
24 82
103 109 125
138 56
114 134 5
111 39 57
14 19
36 85
41 75
107 32
13 99
136 22
57
104 122
125 25
114 40
39 48
10 40
38 57
32 58
129 49
108 50
13 49
132 25
0 3 31
79 90
130 46
32 58 97
17 7
132 51
27 4
111 93
3 90
47 60
102 58
124 125 21 56
126 4 40
111 112 42
110 141
109 111 129
109 132
119 126 20
118 4
37 72
0 1 17
104 136
103 14 29
34 40
32 66
52 7
4 99
115 58
117 119 132 22
119 42 50
38 72
130 36 5
141 32
22 80
141 4
129 36 82
31 65
110 29
119 36 58
138 42 46
24 58
130 50
131 4
95 99
130 48
107 119 60
141 20
109 35
109 17 63
40 82 99
140 34
104 58 59
65 81
0 139
119 125
129 82
109 132 138
70 95
102 42
33 75
109 134 24
107 31 56
126 7
18 56
109 139
1 134
135 67
20 26
40 85
127 31
115 119
109 41
21 40
36 42 56
107 59 95
4 49
71 88
19 29
17 82
139 57
39 5
123 58
126 42 63 81
0 48
107 130 132 92
39 4
126 31
31 85
108 25
1 109
29 85
5 82 98
130 24
103 106
134 17
2 47
117 132
138 14 50 52
131 4 54 65
140 48
42 74
138 62
112 88
34 60
142 50
36 51
40 56 75
111 34 50
14 26
126 42 71
103 17 41
1 7
131 58
1 119
1 130
132 136
65 79
103 130 48 85
111 17 24
126 127 17 60
24 38
126 8
129 141
29 5
126 84
31 39
129 46
132 138
137 85
110 90
0 62
123 46
130 49
5 51
111 36
17 62
24 81
105 111 17
72 80
132 19 32 48 58
121 40
10 109 111 5 72
111 86
1 52
1 41
31 37
56 93
0 119 34 60 72
116 135
125 29
125 99
126 49
126 43
109 115
101 50
139 22
115 22
19 88
26 58 93
126 24
1 103 111 114 125 127
29 7
130 68
40 60
119 35
0 103
1 36
41 99
58 70
56 60
125 71
113 75
103 99
103 81
126 21
10 48
0 66
7 72
137 62
111 14
103 142
111 90
32 38
132 64
109 33
39 91
102 7
126 38 58
126 22 80
103 22 62
112 47 82
119 124 7
126 50 57
136 50 7
58 88 92
132 50 85
108 113
109 52 71
105 138 29
1 13 85
106 24 60
42 68 7
19 20 63
105 111 66
110 22 36
109 138 42
42 43
104 39
132 31 50
1 42 81
140 65
41 5 56
103 119 126
103 17 32
25 50
105 17 56
109 125 134 50 51
75 85
24 83
108 18 35
134 90
126 26
112
111 126 134 72 74
138 52
60 72
131 34 50
109 29 54
101 17 80
103 132
14 58
138 82
119 81
39 66
42 75
126 22 4
130 132 65
103 37
109 112 67
22 79 82
126 137 22 38
119 46 7 72 80
106 17 29 50 90
32 60 68 71
133 58 59 62
109 40 85
14 99
103 56
104 108
25 64 92 97
36 56 60
129 5 58 98
1 113 17 47
116 138 42 50
141 22
1 112 50 56
109 17 50
5
115 42 60 71
109 136 17 21
119 138 22 29
126 38 90
109 24 29 41
105 60 7
54 60
3 46
22 36 95
1 126 17 36 58
1 24
29 5 56
111 32 41
38 39 50
1 32 41
103 116 4 49 99
41 72
32 70
138 25 82
113 49 90 97
126 15 39
17 48 74
0 39
103 54
3 80
17 20 41 50
10 60 81
102 115
116 39
17 22 42
116 132
17 91
14 5
109 111 60
24 56
104 14
41 82
43 92
124 54
4 93
58 68
106 60
35 58
68 70
119 51
4 40
39 98
134 69
137 5 82
107 111 17
39 57
115 93
109 99
119 36
133 140
22 24 56
126 50 99
106 134 41
34 4 7
3 39
111 25
38 41 42
109 24 52
25 26
136 85 99
34 65
4 91
1 103 109 126
38 75
50 88
142 39
102 20
111 127
101 111
49 52
118 132
109 98
136 17 29
103 57 82
109 125 60
0 16
109 49
109 63
49 72
75 91
132 142
119 41
14 3
1 13
15 44
139
22 48
43 90
110 116
17 43
42 95
107 138
28
4 94
115
109 37
54
102
72
125
80
17 2
109 56
109 142
47 50 88
119 20 51
18 99
110 17 52
119 140
65 73
37 50
132 60
103 25
29 70
106 22
106 90
49 85
138 40
49 75
119 47
20 80
14 92
124 83
36 60
17 64
136 54
39 80
105 141
102 38
58 69
129 38
17 51 58
19 3 4
46 70
39 57 78
109 25
110 17 50
130 132
103 51
36 47 80
1 90
129 36
141 92
109 136 94
20 60
109 119 54
14 80
114 20
1 119 131 82
40 72
107 141
111 141
37 92
0 136 17
42 59
108 111 40
138 141 31 90
52 65
42 56
36 40
68 99
129 136
103 5
10 58 75
48 58
125 42
28 58 66 67 85 90
137 58
137 31
112 40
58 66
109 119 7
110 119 56
126 40 56
132 63
63 7
0 130
4 47
126 138 17 32 49 50
1 111 118 137 17 22 43 52 54
116 38
35 91
141 17 50 58 68
10
138 41
125 51
34 99
109 118 32
111 136 32 42 85
0 102 119 17 50 56 97
113 34
0 73
10 20
47 81
1 17 42 82
109 22 31 50
31 74
119 25 8 82
123 20 47
110 62
3 38
107 119 126 130 46 63 80
34 4 51 74
102 103 32
75 93
1 31
105 111 17 25 52 58 66
126 52 99
134 24
31 58
109 25 29 35 37 45 68 82
107 20 5
123 34 36 50 85
1 109 126
120 60 94
109 111 126 35 54 92 99
132 39 74
109 129
107 117 122 141 41 42
141 17 88
1 132 17 22 24 31 49 58 68
116 119 137 17 22 38 39 40 42 5 60
111 119 130 41
109 119 130 134 137 17 50 58 72 92
116 138
109 118 17 29 36 40 47 58 63 82
39 68 81
126 56 60
119 20 38 46 82
125 129 141 142 17 39 49 5 50 70 81
125 131
111 17 29 36 42 46 49 74
106 132
119 67
103 107 109 134 136 49 50 66 7 88
119 66
50 54
105 65
0 111 29 40 48 52 65 71 82 90
1 107 119 126 22 53 65 88
32 67
1 126 4 50 88
109 118 126 131 20 36 43 65 80
1 15 18 40 50 54 56 82 90
111 130 26 36 39 54 56 85 94
102 103 116 132 138 139 56 60 91
111 126 129 130 132 17 37 50 52
31 55
107 109 132 34 5 50 65 81
107 110 111 138 142 22 42 9
111 17 46 50
103 13 141
119 126 20 51 65 67 75 95
15 17 36 42 43 56 58 81 99
37 42
129 131 132 138 40 50 54 81 90
1 38 46
126 134 14 17 38 40 50 72 97
0 132 17 29 60 82 83 98
138 141 42 50 56 68 99
25 38 50
37 88
40 65
109 17 52
103 111 138 14 37 42 50 58
50 80
130 37
126 34
116 65
109 119 126 132 20 22 41 85
32 74
109 138 40 42
115 60
10 126 129 136 21 29 32 74 81
112 138
103 140 17 39 41 42 60 99
119 14
113 134 138 26 32 58 63 71 80
110 91
138 19
103 129 130 34 50 58 68 80
142 7
46 85
1 107 115 17 19 20 50 59
132 19
136 41 50
15 17
22 7
135 75
56 65
119 56
65 90
105 52
141 49
0 70
136 51
31 96
107 15
119 85
142 5
111 3 38
119 132 137 25
106 48
114 90
1 17 36
40 79
10 122
119 80
34 87
134 99
19 56
17 25
60 7
40 50
1 70
91 99
107 56
126 19 63
109 134
103 20 68 72
119 87
1 10 42
126 134
34 42
126 129 5
94
138 5
132 31
141 39 82
1 60 81
1 107 94 96
110 17 4 52
0 29 50
111 33
60 99
136 20
17 90
113 85
24 50 60
109 47
119 3 48
14 97
0 141 29 90
140 49
110 132
0 99
107 90
109 132 142 36
131 34
119 125 17 73 80 85 99
103 31 36
132 46
109 46
52 53
103 127
19 31
14 46
58 90
81 82
50 72
141 25
10 92
132 17 42 57
136 5 87
110 137 38 64
0 125
129 9
132 4
49 65
126 130 37 73 81
1 13 131 41 42 66
107 111 119 49
107 110 119 17 22 38 4 42 48 57
107 109 111 4 50 51 58 90
109 119 60
113 31 81
126 57
36 99
38 50 52 72
78
102 52
110 32
109 126 42 56
1 109 58
66 85
136 41
48 52
114 128
24 52
111 31 5
103 109 17 32 58 7
10 34 60
58 62
23 52
103 126 138 20 50 53 60 74 85 99
0 103 106 119 130 17 3 34 38 4 98
134 32 42
103 109 127 132 134 22 24 31 49 72 85
0 104 107 129 15 20 29 32 42 50 58 59
109 11 111 119 17 36 50 52 54 60
109 111 119 17 3 32 4 49 66 88
136 17 22 38 47 54 56 68 75 9
36 80
1 103 126 132 138 17 20 50 57 58 59 81
115 17
1 29 48
111 112 119 126 130 20 38 39 40 42 50 67
109 112 130 132 140 17 24 41 54 81
107 109 111 131 132 3 36 39 67 72 85
131 3
129 68
111 119 126 138 17 31 36 5 65 7 85
39 50 90
110 111 114 126 17 32 52 58 97
103 14 17
107 109 115 135 24 38 4 48 49 50 58
130 141 39
60 64
1 109 119 142 17 26 36 59 65 85
126 31 58
109 110 117 130 3 31 32 49 50 52 60
0 109 132 14 140 4 50 58 72 92
41 73
52 74
81 99
32 9
17 32 82
129 24
107 108 110 111 119 125 141 17 24 29 31 41 46 55 88 91 94
131 90
100 103
29 97
58 94
138 36
110 130
31 60
115 67
109 29
103
4 92
127 99
139 99
109 114
140 45
43 63
110 75
38 71
36 58
125 138
104 110 50
111 67
113 126
22 41
136 31 58
1 99
10 4
117 72
104 36
119 54
109 32
112 136
115 56 58
40 56
132 81
39 99
103 86
124 57
4 72
140 82
125 34
51 81
39 46
108 85
119 15
107 46
22 9
132 28 32 4 80
18 34
22 71
32 82
1 40
19 41
51 75
131 132
2 50
3 99
32 37
119 88
68 69
20 37
109 111 139 58
25 58
132 65
103 3
119 26
130 17 36
58 67
111 114
119 2
71 90
39 90
20 58
1 116
0 117 50
1 18
17 63
131 22
140 142
32 50 58
116 130 20 4
20 48
29 68
136 52
3 36
126 19 5 57
1 138 50 52 65
26 81
32 49
29 72
119 136 56
42 88
139 75
1 50 60 75 93
50 70
110 111 134 17 5
104 111 129 25 99
1 4 45 58 96
17 22 60
109 17 36 50 71
103 126 92
22 31
109 126 50 60 88
132 5 60
17 31 51 99
101 60
109 118 119 17 18
138 25 40
102 131 136
109 126 50 85 90
125 136
104 112 42 58
52 63
105 25 50 77 81
107 111 140 42
0 26 36 99
111 20 4 50 70
1 119 132 17 46
108 36 50 82 99
10 122 17 50 64
111 129 22 55 83
109 114 3 7 82
103 126 32 37 42
109 3 49 50 80
109 132 17 22 49
106 11 111 142 32
119 94
119 36 50 52
107 110 139 58 85
1 107 109 111 17
109 49 73 75
111 137 52 56 95
1 103 132 137 38
70 91
22 51 58 9
123 45
110 48
111 19
38 65
20 75
37 40
112 81
130 22
50 65 94
10 31
119 53
40 57 60
73 82
0 17
114 32
126 35
51 60
111 126 72 90
136 17 65 92
132 14 50 57
119 138 41 6
111 17 49 5 57
103 130 46 57
38 80
111 122 56
110 130 29 85
119 36 42 58
119 32 65
113 36
102 108 15 5
22 57
36 63
10 36 37 38 92
116 22 4
1 125 135 3 99
102 58 65
137 58 98
1 49
1 131 72
114 85
5 60
26 39
126 2
34 41
141 5
20 81
80 88
38 70
50 93
110 60
22 42 94
123 17
108 32
102 111
109 58 71
119 57
131 17
113 4
110 88
3 60
38 66
60 90
65 74
39 60
41 56
103 134 32
101 5
0 67
115 50
15 3
140 50
104 7
119 142
112 22
38 40
130 17 36 56
123 56
17 49
51 63
17 83
52 56
42 82
21 38
47 82
132 36
5 99
72 87 98
13 56
12 41
114 52
22 3
103 63
1 110
107 116
136 47
126 17 40 62 82
127 52
123 138
0 111 114 125 58
126 132 4 50 63
125 138 17 29 58 63
111 41
109 111 123 130 141
111 26 49 7
131 138 17 68 93
136 80
10 81
126 17 35 99
12 17 50 79 94
1 111 125
135 141 65 72 90
81 88
17 25 39
10 111
41 51
10 119 125
139 40 5
109 114 126 14 22
109 130 54
109 111 112 134 4
32 75
104 36 58
42 46
1 65 72
60 70
131 38
122 65
56 57
136 96
17 24 31 42 58
119 141 17 41 42 5 50 60 64
109 132 38 50 75
107 111 17 38 99
130 40
107 51 52 56
130 95
47 56
109 71
126 83
126 129
126 91
34 58
134 64
29 79
42 46 80
1 40 41 52
0 58
109 17 42
130 134 24
22 3 67
36 42 58
111 116 17 85
126 19 42 99
124 125 22 49
22 62
111 32 50 80
134 17 3 9
107 81 95
118 130 36
111 126 26 36
20 30 56 99
111 25 58 63
111 12 138 5
20 84
108 109 3
141 7
114 132 34 42 56
130 17 73 90
36 42 52 83
103 32 51
111 136 32 81
20 24 52 91
32 42 69 99
109 125 134 63
1 10 42 90
103 125 31 56 60
46 71 85
1 10 61 63
103 132 17 4
111 23
31 80 81 85
109 17 26 40 56
109 31 65 71
109 138 29 99
137 21 41 42
111 17 50 7
108 126 32
104 20 75
109 111 51 52 81
139 36 40 80
125 141 22 81
138 72 74
102 111 138 41
119 22 50 72
65 7
111 61
0 119 5 80
109 119 39 5
140 38
109 17 92
107 109 111
109 37 72
103 109 20 46 92
1 81
17 6 65
130 56 58
109 126 36 58 68 72
138 14 17
105 63
110 17 36
111 50 59
126 132 29 60 99
107 109 126
102 135 67
126 35 41 56
126 50 75
25 40 42
110 17 49 50
126 36 65
119 130 99
103 24 56
17 35 42
103 126 56
138 26
2 58 80
111 4 68
103 49
129 140 17 32
13 3 35
60 82
17 29 49 58 72 82
132 42 82
119 17 31
109 48 80
112 114 130 132
31 58 82
132 4 90
131 58 82 90
103 119 4 50 72
126 138 22
1 20 4 64 99
126 17 58 80
50 54 56 8
22 51
88 95
19 4 81
103 105
126 41 56
126 140 99
17 22 46
41 46 48 56 58
126 49 56
103 109 17 20 58
1 107 109 24 66
104 112 119 17 29 47
105 43
109 119 126 3
126 134 56 61
107 108 119 66
136 139
109 111 58 81
139 17 3 67
108 111
111 51
118 122 20 24
119 77
126 4 50 68
107 20 42 58
109 17 38 5
109 126 7
0 107 111 50
10 119 125 29 68
25 3 36 4
0 50 52 98
56 85
37 49
105 40
130 19 31 42
127 47 50
112 74
17 50 65
126 26 37 75
109 125 138 22
116 3 4 56
110 125 41 50
22 58 83 90
111 134 99
10 107
107 119 60 66
127 13 42 91
109 111 126 17
1 125 40 63
111 17 52 58
126 134 17 56
111 119 125 22
132 29
119 56 72 90
107 41 53 60
50 63 81 99
132 38 52
140 7
101 111 49 60
1 103 135 65
1 119 17 38
116 132 34 54
125 126 22 36
17 19
42 99
102 109 134 24
36 4 60 62
43 60 85 99
125 38 41 50
17 36 72 75
115 42
126 139 17 48
110 17 63
141 3
49 92
131 25 42 50
56 58
107 142 46 5
130 50 57 78
56 92
24 50 57
1 109 11 125 134 17 29 63
53 60
10 119 3 36
24 60 68 93
21 54
110 31 4 87
31 61
15 80
108 130 40 58
29 82
107 52 58 65
22 25 31 81
40 91
1 10 50 79
111 22 25 82
102 37
22 29 39 65
101 109 42 65
111 119 5 56
17 4 41 52
107 132 52 62
139 51
1 119 38 5
105 4 60 88
68 81
109 127 21 56
113 25 40 51
132 56
131 41 63 81
38 40 58 81
104 20 81
71 75
119 126 131 134
124 126 31 80
113 20 62 63
116 90
20 65
1 25 29 88
10 51
110 46
26 42 51 99
103 111 58 99
109 111 125 63
134 58 90
126 130 17 20
29 3 31 50
0 111 66 7
109 17 51 59
110 123 40 42
17 22 51 60
103 111 138 60
136 43 68 82
116 4 87
1 48 5 51
1 125 130 46
10 103 136 82
111 119 138 99
107 137 20 32
109 132 17 82
102 138
119 126 56 58
14 65 82 90
132 139 19 63
32 34 58 88
50 58 66 67
141 50 73 90
108 125 83
109 111 42 57
111 114 3 82
126 17 6
39 82
42 47 85
49 73 80 99
124 138 52 75
29 36 51 81
126 17 5
17 3 38 42
20 22 99
35 49 58 99
111 134 81 97
126 138 58 75
34 62 88
121 25 60 7
0 119 36 82
103 35 56
1 109 17 50
109 140 34 57
119 129 22 63 71
111 129 4 67
119 5 52 58
103 111 17 36 46
106 139
111 114 38 52
22 35 41
17 41 56
132 42 71
10 109 59
106 126 33 4 74
1 136 42
109 114 42 43
118 126 58
138 38 90
119 134
10 111 113
0 132 49
17 24 58 60 79
110 4 40 56
16 51 99
106 109 17
104 29
18 50
0 125 132
10 109 111 38 50
31 32 56
7 82
22 41 90
126 130 22
1 4 5
0 127
102 51 81
1 101 99
131 4 58
31 42
63 93
111 126 138
17 50 74
109 91
34 43 50
114 50 86
130 131 91
132 53
118 25 26 42 46
125 142 15 40 63
36 91
132 17 94
103 14 29 5 50
139 39 40
103 139 20 42
108 120
109 57 99
126 31 92
104 17 42 52 58
111 14 17
0 1 43
125 130 73
126 26 82
42 51 7 90
119 135 42
63 9
103 50 66
130 134
119 56 58
103 22 67 80 85
141 17 46
110 22 31
116 119 17 50 56
42 58 97
119 126 36
141 54
19 20 7
109 122 126 17 52
121 17
25 73
119 9
102 130 91
125 29 49 50 68
60 65 71
17 36 39
109 18 56
141 24
109 111 40 41 54
1 17 85
106 24 39
109 141 65
111 39 56
50 57 85
111 129 4 42
1 56 74
104 4
112 58 60
137 81 99
107 138 64 99
4 58 92
39 40 82
109 111 136
126 39 75
122 22 60
131 139 29 34 58
116 39 42
37 85
111 116
126 139 42
1 110 4 46 49
0 34 48
110 119 132
119 129 99
110 13 130
110 14 32 4 50
111 39 50
31 50 56
125 58 71
122 140 50
109 111 32 52 64
109 111 126
110 17 82
126 39 42
110 17 24
0 103 109 36
103 7 9
110 111 7
111 126 99
119 126 136 16 62
126 58 65
125 136 85
0 109 83
117 81
0 111 42 62
39 42 5
115 22 29 42 54
109 60 85
104 110 85
103 13
119 40 60
116 56
42 67
11 17
32 49 5
109 83
1 110 39
34 90
24 4 82
111 17 82
126 5 79
103 26 41
110 14 37
17 42 50
48 66 7 74 81
109 50 52
126 17 48
109 125 132 50 83
62 99
0 109 17
132 18
110 126 40
1 114 26
111 32 36
31 49 58
103 5 50
110 130 4
109 72
22 36
111 25 50
109 125 29 50 82
104 50
114 68
126 49 90
109 67
1 31 55
105 107 109 32 49
102 107 125
26 42 60
39 85
32 54 56
142
137 56
10 17 82
138 29
68 75
14 141
65 69 92
75 99
103 138 43 81 85
1 19
126 3 38 52 88
109 140 22
32 85
109 88
109 29 99
20 91
59 65
141 80
111 54
58 81
115 16
103 111 14 36 50
0 111 119 135 58
57 85
114 58
10 50
107 132 134 58 76
3 56 60
103 107 29 41 67
126 72
10 119 17 37 58
109 138 50
134 54
10 129 32
32 68
111 52 65
10 119 15 17 5
102 107
20 22
1 50 56 60 82
111 134 32 50 7
125 40 5
110 79
10 107 109 126 52
56 88
123 88
56 71
10 17 4 88 99
24 32
1 142 41
111 94
135 138 3 36 46
1 106 109 40 81
111 119 60 65 80
16 41
129 58
106 136
138 74
20 88
50 57 88
107 109 125
26 57
111 98
43 50
103 40 42
103 90
111 17 50
36 76
22 37 9
111 34
138 72 81
20 43
111 130 28
35 65
131 71 85
0 109 111 60 82
109 94
1 109 127 50 86
39 81
41 60 99
35 38
10 105 24
109 111 119 60 70
125 85
113 42
32 34
116 48
102 119
109 57
110 57
28 29 56
108 75
21 24
107 38
124 126 54 60 71
112 132
52 99
110 80
57 68
17 96
105 71
0 132 20 4 65 82
107 111 63
34 37
111 132 25 40 61
119 137 38
42 60 99
109 114 126 138 17 65
109 70
105 83
140 3
112 132 17 72
114 129
13 41
24 43
103 126 58 85
52 57
109 49 50 98
126 130 132
123 17 20 50 88
111 114 58 65
111 39 5
17 72 98
85 90
134 35 38 50
141 20 39 56 58
19 54
108 41
131 21
29 57
0 106
103 139 67
10 111 42
129 50 52
1 4 50
22 40 63
126 132 42
130 31 82
109 119 17 5
137 40
123 42
36 92
51 85
39 72
29
122 126 85
129 132
13 52
29 83
107 110
15 56
25
42 94
136 17
126 45 7
52 68
41 93
122 20
62
13 68
107 29
0 122
138 38
107 35
19 68
39 73
64 99
109 139 26
65 76
52 92
27
19
108
25 81
109 122
107 134
103 139
116 134 17
1 2
24 42
51 71
136 140
19 41 60
119 36 50 65
26 37
132 17 50
0 35
114 22
48 88
109 123 85
130 58 85
111 22 37
108 132 4
129 78
130 50 7
130 9
25 93
51 82
15 60 67
136 49
110 125
22 93
118 29
109 11
0 25
20 35
102 119 17
118 66
103 38 5
20 51
126 19 24
34 52 53
64 73
132 36 43
129 16
35 7
2 31
122 139
111 44
24 60
1 60
29 35
111 70
1 136 7
101 22
125 38
107 111 119 126 39 48 50 84
116 131 42 50 70
80 95
117 5
42 53
126 50 63
110 136 81
36 65
131 5 69
74 99
2 35
104 42
136 15
119 93
32 35 58 60 74
24 34
25 85
111 3 4 43 50 92
130 17
26 7
80 94
111 88
131 60
36 56 71
122 66
0 1 109 121 126 17 37 4 78 80 85 88 9
17 35 5 60 91
130 20 40 49
138 25
34 58 59 81
43 56 81 99
1 111 14
14 56
103 141
113 17
11 119 17 67
22 99
125 43
134 25
19 83
29 92
124 130
0 109 50
125 4 52 81
141 82
25 76
134 65
36 5 80
10 14
139 15 50
112 82
29 62
102 126
1 58 69
109 92
119 131
132 65 99
119 22 40 58 80
137 49 5
139 5
37 50 54
131 19
107 126 5 7
140 17 50 90
104 17
29 65
11 58
128 131 17 4 50 56 72 82
109 130 134 140 37 39 42 46
111 65
32 57
126 127
38 40 56
28 63
17 61
107 136
116 119
125 3
138 34
116 46
136 141
111 112 35 50
24 3
10 56
20 58 99
43 60
132 72
135 22
102 109 140 17 50 60 65 9
36 98
111 68
103 111 119 126 127 29 3 32 36 42 50
37 80
23 42
16 39
10 19
101 17 49 58 83
127 56
115 82
25 31
110 70
11 60
109 84
122 129
111 32 47
1 71
26 58
106 50
10 127
24 49
103 59
1 112 116 119 32 42 52 82 94
104 99
111 80
124 36 58
107 22 38 39 50 64
1 58 81
17 20 39 49 85
103 111 126 129 38 55 80 98
134 5 50 7 75
125 29 48
140 42
1 84
109 111 119 126 14 19 42 50
119 69
118 24
112 39
142 34 50 68
41 49
108 112 16 50
1 110 111 35 4 72 85 99
124 29 34
22 85
132 71
125 47 58
4 82
138 4 48
103 110 6
0 20
127 138 62
109 138 22
108 109 111
1 103 36
108 109 111 119 132 5 84
108 109
13 36
131 29
129 57
138 63 67 90
3
136 72 81
109 119 17 36 4 58
130 43
3 65
129 45
109 114 130 24 50
103 122
50 51
111 136 63
134 18
34 36
115 126 32
15 32
131 57
110 20
138 142
32 85 86
35 88 9
15 90
107 31
19 51
134 22
107 111 119 20 22 27 50 52 58 68
5 75
13 19
139 68
24 36
119 125 126
103 126 42
103 107 136 22 34 50 58
31 66
136 72
136 60
111 63
107 51
110 52
137 36
131 30
0 81
107 45
130 50 51 92
135 17
141 17
41 65
32 4
129 31
74 85
31 4
107 139
126 68
122 88
0 107 109 111 126 132 138
134 41
74 82
14 41
107 115
142 24
50 74
25 72
58 9
136 5
16 17
134 20
56 62
41 85
1 107 119 126 131 132 142 17 40 5 56 58 71 85
120 50
10 109
3 54
124 50
134 29
10 126
131 40
102 99
134 7
135 136
112 32
106 58
40 51
115 136 50 72
1 14 49
132 139 32
45 58
51 68
43 65
140 58
101 82
13 17 7
131 52
105 110
38 52
141 68
19 52
57 99
84 99
29 4
37 43
121 56
116 42
138 22
138 65
31 56
14 32
7 99
123 29
102 81
139 80
62 92
37 51
36 63 99
116 50
17 9
65 67
17 4 81
107 111 137 17 39 40 42 5 60 63 82
103 128
109 122 141 17 50 58 91
119 49 72
111 20 60
17 46 48 50 62
108 136 60
108 132
0 22
114 125
116 43
119 68
39 56
107 109 110 111 119
52 54
10 109 76
109 50 58 99
119 22 40
65 94
129 60
42 51
68 85
130 31 50 81
58 7
114 13
110 111 126 32 5 50
109 137
102 88
132 39
117 138
107 109 125 42 5 51
103 9
60 9
125 40
107 119 130 20 57
17 84
10 116
17 31 36 40 52
116 51 63
20 38
119 99
103 125 17 50 81
126 127 60
82 88
65 98
119 130 29 53 85
112 20
132 50 80
117 14
129 65
129 42 5
130 138
119 6 71
141 17 92
1 109 111 17 36 40 50 58 96
22 50 88
102 110 115
119 49 70
114 7
123 60
10 134 17 26 4 48 50 57 74 92 99
119 90
137 49
138 18 72
4 54
25 46
110 98
21 53
1 107 38 51
110 4
24 31
107 109 112 130 17 50
110 111 17 32 58 80
22 38
47 69
4 51
138 88
2 58
123 141
118 22
13 17
34 53 82
117 137
110 40
40 42
46 81
4 75
136 14
139 71
22 29 3
125 5
111 38
126 17 25 65
52 82
131 36
29 95
29 40
131 37 5 81
125 137 138 99
118 126 40 85
1 126 46 50
107 119 136 5
12 138
126 134 138
115 24 63 67
109 26 58 67
31 36
121 138 139 42 75
110 111 132
107 20 32 46 60
132 82
134 36 7 81 90
114 138
102 103 125 131 36
129 4 49 50 64
1 2 41 42 56
17 32 60
129 17 90
111 125 126 5 80
19 42 48 56 75
0 122 50 88 99
127
130 81 85 90
27 40 46 5 60
0 119 22 4 9
107 63
126 135
103 132 140 23
65 68
1 13 17 25 58
107 136 17 42 72
19 42
137 17 42 5 94
107 26 74
103 122 126 39
109 71 92
13 134
109 36 60 63 85
111 136 31
0 36 60 67
132 5 51 58
0 126 17 32 68
19 58
108 53
115 126 62
122 38
103 104
125 7
32 41
102 24
112 119
132 88
1 115 17 53
126 132 37
109 38 5
111 24 65
104 13
103 50 56
103 111 4
114 60
51 58
24 62
111 22 29 40
25 52
130 65
125 67
41 57
130 55 68
64 80
103 52 97
43 72
25 90
5 60 92
29 32 50
110 134 58
126 94
138 42 50
108 22
109 17 31 40 53 60
126 138 17 19 36 4 64
125 24 4 92
4 48
107 111 24 42 49 51 94
141 34
107 42 93
1 103 109 119 138 64 99
1 138 36
1 22 46 52
138 99
6 85
17 76
114 38
107 68
126 28
29 52
36 73
31 64
41 98
22 37
46 82
22 5 88
130 67
41 81
42 55
36 5
45 50
118 36
103 95
103 131
109 20 50 7
25 29
0 119 125 130 138 49 5 50 57
123 26 54 66
114 64
111 127 63 7
114 45 67
17 41 47
14 17 20
22 64
24 85
25 34
103 9 91
52 59
19 39
107 122 41
48 81
11 50
28 52
119 136 17
1 119 140 17
21 32
127 58
132 7
29 81
32 72
129 50 56
107 21
131 71
6 94
138 68
133 99
25 65
11 130
119 71
131 68
102 74
29 38
17 50 92
109 131
115 20 63 90
116 137
111 126 13 132 17 85
58 7 82
112 5
113 41
15 68
5 81
119 129
113 94
109 43
131 81
0 90
104 65
14 52
17 25 26
140 60
103 118
28 50
101 75
19 24
39 51
72 99
4 74
102 34
126 37
116 4
129 94
61 7
21 56
134 36
0 5
109 126 14 22 42 47 56 58 90
34 45
103 107 17 46 82
17 71
50 55
137 92
24 72
113 20
40 7
104 34
119 7
17 69
37 75
26 85
22 40
132 14 17 22
22 70
17 54
35 97
26 67
114 39
134 32
64 81
36 87 99
103 46 50 51 52 85
107 109 36 50 58 73
110 112 20 41 60 82
1 10
119 126 36 40 5 54
126 136 17 37 58 68
85 99
129 80
107 123 126 4 5 65
1 111 137 17 58 80
111 129 141 32 43 99
136 63
126 139 141 50
112 126 134 50 58 64
119 124 136 17 18 20
109 126 17 4 5
107 126 129 36 41 65
113 116 36 50 58 99
129 138 17 36 4 52
109 130 132 43 81
119 86
103 126 137 40 50 99
103 20
3 51
104 134 139 17 19 34
109 25 31 50 56 58
111 126 13 20 42 77
119 132 138 139 17 38
35 50
107 65
140 20
126 17 71 75
42 86
119 35 70
116 88
109 119 138 32 36 5 56 9
103 36 52
17 48 93 99
0 17 46 50 56 58 82 98 99
109 112 29 4 42 60
103 107 109 126 20 32 42 49 51 56 70
10 103 109 119 132 38 56
106 5
111 119 130 132 17 41 50 52 58 82 85 99
119 125 130 18 31 5 95
0 111 124 126 17 40 58 68 82 91
15 56 94
109 119 121 24 27 4 41 48 49 70 72
63 7 81
20 46 60
103 111 37 56
108 15 37 51
103 139 17 58 60
103 117 29 58
126 42 99
110 48 57
1 67
126 130 32
112 119 136 142 29 38 51 65 7 73 99
0 134
131 20
109 110 42 82 99
24 38 7
109 123 132 134 43
1 118
109 111 26 4
124 36
136 21
103 119 129 136 17 5 50 74 99
103 111 115 138 17 22 40 49 58 65
32 58 60
112 5 90
122 32
1 139
35 85
54 55
20 47
141 84
119 25
10 5 81 99
119 132 4 85
107 48 56 79
119 29 75
112 31
103 14
36 68
19 79
104 41 49
104 47
126 13
131 66
50 91
107 81
112 57
109 110 29
110 4 58
60 80 91
108 14 45
105 69
1 142
43 71
19 99
126 66
109 95
15 67
110 114
13 60
131 14
43 74
41 46
22 49
116 136
119 133
5 65 74
51 52 68
106 52
1 22 42
105 42
31 81
125 29 60
60 63 64
108 16 58
63 65
137 60
102 4
132 8
124 71
137 139
4 64
67 81
104 75
5 70 92
1 32 4
32 42 49
119 126 82
101 96
140 99
119 130 17
42 5 81
141 9
109 111 42
117 50
126 130 91
108 126 81
32 41 99
114 4 50
109 111 34
126 46
67 80
20 74
102 112
42 62
13 132
34 88
32 89
41 52
111 140
36 43
138 80
52 81
125 47
114 134
109 80
58 74
106 111
125 62
20 71
13 130
130 47
0 72
118 74
105 5
0 104
60 85 93
32 80 94
129 32
1 125
109 124 126
136 31
113 119 68
112 125 50
25 49
106 125 134
115 81
109 53
60 91 99
116 20 82
38 82
16 50
109 130 91
32 40 50
9 99
132 14 60
130 33
51 98
103 80
20 63 7
17 57 58
129 92
131 138 57
29 53 65
111 63 65
137 140
132 38
126 139
52 85
14 86
20 40
18 71
51 52
109 126 32
131 42 52
58 95
72 81
126 14 63
20 78
40 80
129 99
104 130
85 97
14 142 42
21 42
114 42
125 139
14 40
3 47
20 49 58
17 50 72
127 3 50 56
1 122 99
125 56
121 5
25 67
125 142
40 78
92 94
31 83
50 59
49 7
131 75
140 39
140 40
45 65
20 99
119 14 40
101 42
138 141
132 68
40 5
107 137
105 109 29
140 17
111 28
52 9
36 66
42 58 88
22 4
111 132 56
103 20 34
109 18
105 33
130 17 52
107 114 132
103 21
67 7
105 134
20 3
132 85 90
7 80
103 121
45 99
107 109 132
42 63
141 36
125 32
4 52
114 123
36 9
114 142
102 130
122 4
107 19
16 3
109 26 67
123 50 7 70
109 116 4 60
126 44 51 81
138 32 33 65 82
109 111 32 43 70
103 81 82 92
109 41 5 50 60 82
10 118 119 138 22
102 114 119 138 29
20 7
110 3 4
111 114 7 70 99
132 54
46 52
36 58 93
107 11 82
42 52 97
109 119 20
29 50 58
35 70
71 93
12 5
10 102 111 126 141 29 57 98
28 79
139 48
57 88
7 77
21 31
10 42
38 92
39 54
111 73
10 126 29 49 61 82
109 135 22 40 99
59 71
38 43 50
43 73
104 130 17
135 64
21 58
105 80
126 97
1 32
119 50 63
111 15
72 85
1 127
93 99
0 61
14 22
127 140 20
102 82
137 65 99
17 30
10 131 7
122 69 80
17 32 50 58 71
123 50 7 75 80 92
126 131 17 37 43 48 84
107 111 129 50 54 58 81
109 111 22 90
119 129 50
63 85
36 42
43 46
0 138
1 22 67
124 49
107 14
126 131 88
4 88
116 5
107 53
1 72
107 30
107 37 54
31 97
10 5
34 7
110 63
36 67
31 52
106 119
110 19
36 81
111 37
75 77
103 92
112 4
21 82
19 29 60
125 41 49 51
0 111 82
29 46
24 29
109 16
116 125
21 72
107 20
111 122
105 109 110 111 140 17 18 36 39 47 49 53 58 60 7 88
4 97
104 14 35 4 52
0 33 75
116 31
126 15
41 76
122
129 34
102 98
0 109 54
84
77
109 74
109 119 127 5 50 90
111 141 51 60
10 110 91
103 107 109 138 20 92 99
119 75 99
22 32
20 42 50
109 14
46 74
32 33
90 92
22 50 58 90
105 38 52
125 4
39
1 20
131 49
19 49
126 16
126 14 17
125 92
125 36
57 81
139 56
126 20 3
119 141 4
125 140
119 122 136 140
13 31 42
134 31 99
35 42 5
110 36
109 118
14 32 60 90 98
109 87
35 49
58 60 68
42 7 81
32 59
42 65
54 99
17 39
140 60 84
43 48
10 58
74 92
1 130 58 63
110 78
19 53
11
114 17 3 50
136 141 17 5
138 17 36
39 60 65
130 142
119 68 82
1 46 53
15 90 96
113 56
114 29
126 36 58
122 138
17 22 82
10 17 19 58
111 54 56 7
132 3 4
126 17 93
139 53
10 39 53
106 42
104 58
122 99
132 80
122 63
0 85
19 90
71 81
22 24
129 81
39 42 50
102 14 5 52
34 40 50
28 56
113 122
132 30
139 58 80
107 5 50
12 40
16 97
116 140 42
1 50 56
5 56 58 94
119 129 17 29
38 5 58 7
132 138 42 59
110 136 4
111 126 130 65 9
109 68 82
37 66
119 63 82
79 85
103 55
4 98
17 32 40 56
135 21
131 46
131 24
110 132 60
111 20 41 58 60
105 93
136 82
110 71
102 103 126 127 14
112 119 81
25 92
139 35
10 112
0 45
138 63
0 140
104 109
70 99
132 15
103 134 47 5 56 81
103 97
13 22 58
113 63
119 70
125 126 72
11 136
1 17 4
114 41
48 74
109 125 68 75
1 98
142 50 62 7
126 29 67
1 111 80
109 119 126
109 132 36
119 34
1 134 15 17 56
17 26 85 88 92
16 53
141 56
129 29
13 57
62 71
1 85
138 51
26 36
11 16
110 3 32 50 82
41 92
109 57 8 80
130 137 3 56
109 17 4 52 97
101 103 40
32 40 41 49 5
125 21 58
108 72
119 48
138 3 54
19 5
116 131
16 31
1 102
109 9
112 138 17 58
139 60
102 9
107 127
129 66
139 3
37 81
139 7
50 97
43 68
28 32 5
118 81 88
137 65
1 14
103 132 4 52 63
103 88
118 60
16 75
140 31
47 59
102 126 20 5 72
109 119 32
132 62
24 7
48 62
131 140 19
124 64 82
131 83
117 130 36 52 75
131 22 81
104 32
119 5 50
103 109 134 42
127 42 50
132 83
116 56 99
111 66
113 130
138 43
102 109 136 17 50
116 134
134 38 70
20 36 99
103 110 17 57 82
0 109 49 69 85
107 136 56
114 49
104 111 125 36 50
118 134
26
106 41
40 58
41 58
29 66
41 48
109 110 29 52
50 71
109 138 17
125 54
119 126 17 68
34 54
142 4
130 20 24 37
10 103 56 85
29 34
80 99
0 36
0 29
49 68
130 63
1 17 43
111 134 37 88
131 4 56 85
135 138
36 5 81 94
56 90
109 4 77
130 81
126 22 50 88
14 60
109 111 68
20 97
21 90
119 127
67 90
126 49 5
60 80
1 37
139 36
111 49 60 62
12 29
24 4 50 58
17 62 64
14 42
105 109 136 39
26 50
24 29 40
130 51
142 99
142 38 42 50
109 50 52 81
17 41 68 85
103 126 14 59 63
79 81
56 72
88 99
17 20 36 46 81
17 35 4
101 14
131 33
104 41
115 117 137 60 71
139 62
47 62
1 141 17 60
10 109 42
131 96
111 126 52 58 60
134 37 73
67 82
102 138 17 3 32
17 19 48 50 67
108 119
119 126 42 5 56
109 17 68
12 132 17 29 38
10 109 17 20 40
17 28
111 134 20 43 51
107 138 17 50 99
36 40 42
117 27
103 22 42
103 119 57 60 71
102 136 50 63
66 72 97
39 42
126 77
117 20 50 52
56 94
138 32 36 58 65
12 26 57
109 137 3
139 20
40 5 74
119 72 92
134 92
106 132 29 70 81
126 62
37 60
78 92
119 130 42 5 60
20 53
14 31
35 52
136 17 36 42
107 111 17 22 72
132 14 58 85
16 34
0 111 126 65
41 42 51 56 99
0 1 3 60 82
32 79
119 126 129 81
132 28
123 24 39 71
132 134
31 32
0 74
36 50 51 58 66
115 91
111 56 63
129 62
27 64
41 63
10 136
29 3
69 80
111 126 77
123 19
119 29 52 56 71
58 8
130 41 72
107 42 5 72 85
113 64
127 49
56 66
130 42 50
109 140
10 103 109 14 65
139 21
48 49
0 140 74 82 88
142 2
0 34
53 58
105 22
25 46 50 58 72
110 5
1 105
1 64
126 46 85
132 24
141 89
17 18 81
58 93
126 69
119 17 75 79
119 126 2 22
48 54
137 50
81 85
0 132 4 97
82 92
46 51
106 80
31 72
22 31 82
126 66 71
116 126 22
110 140
64 94
47 58
48 85 91
136 85
29 9
34 96
73 92
26 72
43 52
122 81
114 88
24 25 58
134 3
3 38 49
122 24
134 63
35 82
56 67
114 71
22 25 42 52
25 41
29 99
108 52
116 54
1 119 20 28 37 49 60 72
13 138 41 42 5 58 83
141 38
13 3
100 111
124 68
7 90
141 74
38 50 95
6 82
40 97
31 68
51 79
35 43 98
141 52
41 94
133 50
119 34 53 72
0 14
103 109 38
140 33
29 80
31 46 93
20 4 50
3 62 72
109 111 19 5 50 58 70
14 36
122 22 32 38 82
114 116 119 126 36 42 50 58 65
1 103 109 126 39 60 62 72 82
10 24 54 58 70 81
0 102 109 111 119 126 36
107 110 40 52 56 82 88
10 108 126 132 43 47 65
20 72
142 29
103 32
10 7
123 20
138 24
115 15
102 5
0 92
72 91
48 90
125 41
109 119 138 52
1 6
60 96
109 119 139 20 50 90
65 72
22 90
68 71
136 43
111 116 126 52 56 58 82
0 109 13 17 4 48 52
103 111 112 42 50 63 99
41 68
0 38
107 22 39 41 47 51 56
114 119 17 4 62
60 95
117 82
119 137 17 36 60 80
13 42
141 40
119 129 36 42 47 54 58
109 20 26 5 65 7
107 109 125 29 46 58 88
1 109 17
111 126 17 18 50 75 99
105 32
103 11 112 119 132 26 56
126 134 19 22 46 5 57
102 111 77
103 60 85
14 39
130 34
138 42
134 14
1 118 119 125 129 41 56
19 60
32 91
102 42 63 67
1 103 109 126 17 31 37 38 54 7 80 83
50 58 63 85
24 88
5 57
22 87
43 70
64 82
32 64
17 56 81
104 5
24 80
21 5
131 23
130 138 38 56
109 111 114 4 79
69 81
103 135
140 84
115 17 60 90
3 55
133 134 54
136 40
3 37
124 42 76
17 23
10 103
17 48 81
102 92
1 103 119 129 4 47 50 65 9
109 119 132 37 53
10 39
36 48
38 43
10 119
1 22 4 48 58
125 49
36 41
10 52
132 16
103 126 132 22 31 36 38 39 50 52 82 85 99
142 41
131 54
109 119 125 58 99
17 20 50
1 43
29 37 58
104 111 72
118 19
119 31
10 110
129 41
15 98
138 37
70 94
116 24
130 15
57 61
31 47
119 17 4 8
136 19
125 24
126 136
108 46
131 65
19 32
102 139
33 5 73
124 65 99
109 62
105 90
13 25
108 131
105 58
112 49
14 72
20 82
86 99
75 80
47 7
118 17
80 92
103 50 60 92
131 138 4
3 52
58 63 82
129 4 54
119 132 56
1 9
0 129
124 46
126 64
20 22 24 50 65
85 91
41 52 65
0 1 5
103 19
106 74
136 20 39 4 93
17 42 67
126 22 81
129 5 50 7 90
34 82
0 42
13 26
130 80
109 21 22 38 42
113 134
14 2
18 43 51 56 88
107 136 56 68 80
104 17 32 47 54
66 75
58 64
0 10
10 107 109 25 29 50
1 103 17 38
109 111 36
126 130 50
103 109 129 14
1 111 39 97
107 139 94
35 5
0 4 43
2 54
103 26 51
20 60 82
134 71
119 17 51 52
29 90
102 41
11 32
111 20 36 58
107 114 36 63
59 82
130 3
46 93
46 80
32 36
116 7
24 39
116 19 34 36
67 99
67 75
134 62
37 74
124 85
40 62
40 71
109 42 52
13 58
79 80
140 4
17 41 70
113 119
67 88
72 92
139 40
52 60
103 74
59 60
110 65
116 63
20 67
45 80
107 3
134 81
118 50
140 94
132 70
40 57
15 66
25 56
136 17 20
138 140
36 74
126 36 50
106 19
29 64 7 71
139 81
140 141 50 80
24 5 58
107 111 50
111 126 136 40 91
42 92
21 47
15 31
17 21
15 77
110 67
110 25
81 9
56 7
49 71
131 32
138 7
110 24
103 111 82
111 17 65
102 49
111 41 8
17 98
126 34 60
1 119 75
111 29 78 85
104 111 136 31 58 85
111 126 50 56
126 20 5 50 62
119 41 62
17 56 63
60 94
111 130 136
132 92
142 40
108 31
111 17 90
39 64 72
134 39
51 80
111 119 60
125 56 69
116 130
109 125 56
111 25 58
119 22 49
139 16
17 33
22 38 41
104 67
35 38 56
125 70
119 4 40 57 80
39 95
35 38 99
103 141 41
119 126 130 49
1 74
106 36
134 80
11 51
107 126 17 5
115 42 63
26 38 40 49 51
17 31 99
141 32 99
42 46 52 85
130 78
29 36 49 63
13 138 50
17 22 62
17 31 58
103 50 97
107 119 140 22 56
107 24 31
22 26
103 109 126 40
70 97
90 91
119 136 138 56
5 50 7
136 46 5 58
11 20
1 103 17
111 20 42
68 88
107 109 41
72 75 80
70 92
111 126 50
114 132 39 85 88
102 49 5
111 134 95
131 22 92
10 139 58
46 92
5 56 62
125 27
52 75
5 9
103 5 81
32 51
141 26 52
13 24 47 58 65
111 38 7
131 85
4 48 57 81 82
40 56 69
115 41
141 51
70 81
5 72
37 94
56 76
130 35
10 17 22
47 80
5 80
57 75
16 7
139 16 60 85
114 14
126 42 85
111 51 63
103 46
57 92
52 62
2 43
4 43 58
137 90
103 75
108 109 22 39
119 140 42
34
9
134 46
111 14 141 35 37 80 90 91
1 132 17 57 63 67 7 83
111 112 113 119 17 24 58 85
109 126 29 5 52 54 99
109 126 132 22 40 90 91
111 119 136 36 59 63 91
42 9
119 126 17 43 51 54 56
129 17 38 40 71 91 96 99
7 88
103 109 119 130 17 40 43 46
109 123 125 126 129 32 67 74
102 113 132 36 54 56 58 9
103 111 125 138 17 5 50 71
112 60
0 103 119 132 4 49 50 85
110 3 34 40 60 63
111 119 136 17 50 52 56 58
111 41 42 46 50 54 60 68
1 109 111 132 29 36
38 49
1 17 29 39 42 99
112 93
104 109 119 125 140 90
0 107 32 42 50 90
111 43 50 54 60 82 97
106 42 50 58 60 67 81
126 140 17 20 36 58 80
50 52 58 60 90 99
108 111 119 40 42 56 82
1 116 17 50 58 82
13 31
109 119 15 17 35 42 99
103 111 15 4 57 60 81
103 109 126 17 43 80 88
109 116 12 41 69 72 82
111 126 17 34 38 39 85
103 73
126 59
45 90
126 132 135 17 51 58 65
56 68
103 121 29 46 50 71 99
127 22
1 103 130 138 49 56
111 132 17 3 47 50 55
1 111 119 20 24 48
102 126 134 17 54 58 80
114 129 136 41 52 66 80
103 112
103 109 118 134 22 59 60
19 40
82 90
74
111 126 17 58 70 72 81
119 38 39 40 5 81
102 108 37 4 49 60
10 140 50 52 60 72 92
109 126 29 32 34 35 4
103 111 27 50 58 60 64
127 17 40 47 50 64 71
125 131 4 40 56 7 80
112 119 126 42 52 60 99
116 21 46 52 54 60 99
110 137
1 48
136 38
102 111 38 4 46 77
108 17 20 4 50 6
109 118 4 47 80 82
130 19 20 21 24 85
103 5 50 51 7 80 82
131 137 36 48 50 52 85
132 17 20 22 34 40 7
110 140 2 32 51 52 99
131 132 3 36 4 58
102 29
109 130 20 36 42 50
130 17 38 39 57 60 99
1 20 22 29 39 58
10 22 42 46 50 64
109 28 32 38 42 50 85
109 19
106 119 126 38 60 85 99
0 103 111 119 134 29 54
119 140 36 49 58 85 90
103 111 132 38 5 52 60
126 20 35 41 50 52
109 134 141 29 46 50 7
104 141
111 32 48 56 79 82 99
0 111 17 25 3 4 74
107 109 116 31 36 50 92
10 125 140 17 29 47 65
107 109 125 134 26 7 90
110 118 134 34 43 5 60
132 134 14 24 58 75 85
110 73
119 126 17 23 30 60 61
109 119 20 22 50 60 7
17 3 31 56 60 81
114 22 38 42 60 63 85
0 103 131 38 50 81
1 109 111 126 17 50 85
126 35 40 41 5 68 80
140 34 38 4 50 68
1 109 111 119 129 56 72
103 119 24 42 58 7 73
122 126 138 17 41 58 72
109 125 130 141 17 41 42
112 130
17 20 26 3 68 92
1 110 126 31 49
106 2
108 70
111 136 138 22 34 62 85
56 63
119 132 17 4 46 52
111 113 17 22 29 38 72
110 129 132 14 17 24 50 81
32 94
1 129
110 92
13 130 22 38 5 51 81 99
109 126 131 141 29 38 58 82
109 29 3 53 60 61
123 80
109 122 132 17 22 69
1 107 114 126 60 81
103 132 134 4 41 60
111 133
39 40
119 138 17 26 4 65 80
126 50 56 81
38 56 57 79
111 132 22
134 31
109 114 126
129 134
104 74
4 41
116 60
23 70
42 80
32 7
43 80
133 38
111 130 35 42
37 71
43 49
129 4
107 41
114 20 82
13 133
130 131 80
