109 141
112 130 17
0 41
104 50
123 38
17 36
132 35
138 92
119 5
107 56
17 39
116 4
109 30
126 40
111 17
137 65
126 37 65
111 134 22 40 5 50
103 38
39 7
119 88
109 32
38 56
135 63 90
4 99
119 132 134
42 74
60 88
130 4
1 16 54
20 58
103 119 58 72 74 80
115 134
43 53
1 103 129 17 20 24
107 39
130 49
41 70
119 43
103 119
110 17 25 70 80
103
4 42 5
31 36
0 38 49 54 72 75
14 17
22 94
36 42
5 56
108 82
37 57
140 56
4 49
141 40
17 90
132 60
10 39
29 42
17 20 36 99
119 130
132 17
103 105 36 38
111 134 138 32 39 53 60
59 76 92
125 50
119 50
1 4
115 60
108 17 49 50
17 3
109 20
130 17
138 29 38
31 42
141 7
38 39
65 85 88
126 23
109 42 46
50 60
29 82
50 82
126 74
109 125 19
50
126 52
103 20
24 48 58
109 42
50 70
17 19 50 56
111 75
49 51
119 125
109 112
119 60
111 50
103 88
131 38
103 31 37 67
119 58
126 66
17 85
111 81
111 38
115 116
4 65
111 17 41 7
105 35 60
22 52
109 132
119 72
109 115 14 17 2 4 50 60
119 32
109 112 119 134 136 14 17 60 9
17 4
109 38
109 119
126 81
102 62
20 29
58 81
10 111
125 85
75 81
107 5
10 109 24 38 49 50 85 98
114 42
107 111 130 136 29 42 48 56
57 61
1 106 130 99
134 68
17 22
107 123 126 67
46 50
22 62
1 109
56 77
119 17 51 52
50 99
20 4
130 38
130 41
17 81
32
24 7
36 4
17 71
13 82
111 139
31 4
50 56
66 74
52 98
111 126
126 35
63 68
0 138
41 50
111 20 99
103 36
22 58
126 17
126 99
0 126 49 96
142 41 50
52 81
17 50
111 31
67 8
16 4
5 75
125 4
119 32 50
110 56
17 42
119 36
126 50 52
25 74
138 29
131 80
102 17 42
25 32
107 125
119 126
101 50
54 74
129 26
109 13
58
129 134
17 99
17 40
126 4
123 52
81
3
43 5
0 125
31 32
139 5
122 26 40 98
132 137
32 51
111 60
1 138
55 81
36 81
39 4
111 21
119 52
123 4
45 6
17 94
3 50
24 81
110 117
109 85
109 58
119 24
32 58
45 50
109 36
40 56
112 125
130
132 58
126 9
103 140 40
119 63
0 1
1
130 42
65 74
56 67
17 56
5 58
22 56
109 43
139 50
109 126 54
109 50
34 42
119 4 60
29 45
111 85
24 65
136 138
63 65
22 4
109 17
19 52
106 82
109 5
13 65
65 99
40 49 99
125 58
112 36
139 42
109 3
22 32
1 104
111 67
129
1 5
111 16
64 7
42 62
129 50
17 58
56 57
112 41 56
107
36
109 56
106 126
58 99
60 81
109
103 53
109 138
139 17 29
119 81
126 93
52 60
113 35
17 24 41
111 119 90
4 50 62
111 126 49
40 42
41 43
114 61
126 49
34
138
119 46
116 129
111 52 81
109 17 50
130 68
50 90
62 75
109 115 7
23 58
50 88
31 87 99
42 66
103 41
0 37
113 51
114 3
103 66
111 94
26 81
119 79
1 51
129 29
126 5
131 86
22 42
109 26
50 58
0 99
29 5
109 94
103 40
52 65
138 20 54
116 17 31
31
116 139
136 45 70
125 42
102 119
1 58 80
36 37 50
42 50
126
1 111
40 60 64
138 38
110 81
109 39
119 49 99
81 88
123 50
109 122
1 119
17 65
109 125 17 38 65
109 141 17 39 61 99
103 49
111 119
112 56
137 31
111 40
107 66
17 82
107 110
1 119 142 42 56 80
119 99
32 83 92
110 138
1 60
32 99
4 85
56 80
109 14
132 32 39 60
141 20
107 47
42 80
109 126 16 17 50 63
0 58
41 58
126 32
119 17 48 70
11 63
14 52
20 40
132 65
39 99
103 4
132 36
15 39
112 90
107 112 119 71 85 90
130 51
10 38
103 24
126 29 67
31 35
138 81
119 129
15 64
26 56
111 35
1 126
119 82
109 115
137 4
134 36
138 4
115 42
25 88
36 52
22 90
110 57
32 41
60 7
40 73 86
54 81
118 52
105 94
110 125
63 90
24 58
49 92
109 92
141 38
111 117
40 92
39 68
51 60
126 82
107 17 20 56 85
0 131 63
1 68
131 138 36
1 125
138 5
42 61 83
20 42 50
116 72
131 29
19 36 85
48 5
17 24 32
10 50
31 85
111 51
129 13
103 21
37 60
32 50
122 60
126 42
1 103
0 111
11 56
126 131
17 2
106 130
125 126
110 14
111 17 5
102 40
111 98
31 5
136 64
107 68
112 50
125 141
119 85
132 40
29 65 81
109 111 14
109 119 125
111 119 82
127 29 75
107 108 57
115 32 82
10 126 36
0 107 5
111 122 36
20 38 4
129 31 47
14 60
0 22
40 82
2 29 59
107 82
42 81
118 43
126 14
132 38
39 82
107 132 34
119 42 43
29 56 60
56 59
126 22 29
126 136 81
103 108 42
107 50
17 20 32
17 51
119 17
20 48
111 130
5 67
103 122 17
29 50 58
4 5
111 14
131 51 59
129 17
17 22 50
19 63
136 80
110
109 20 29
66 84
102 65
17 87
142 58
103 90
140 72
103 34 67
56 58
141 31
49
3 81
103 32 40
33 75
110 132
109 65
65 92
129 139 40
109 17 42
112 20
129 85
119 20
10 85
109 135 42
17 5
107 13
0 20
0 132 20
130 138
17 32
139 26 81
34 68
139 5 52
109 52 84
102 119 41
111 24
9
132 139
1 52
4 58
43 51
28 50
109 40
109 7
119 39
107 39 99
125 60
139 42 52
107 17
109 126
136 141
10 20
127 7
58 82
38 61
122 24
3 39
15 65 74
10 24
20 25
102 117 24
40 62
138 85
103 56
0 126 56
109 129 17
134 4 95
42 93 99
141 17
4 41
29 50
126 67
119 4 58
111 99
20 24
0 132 54
110 40 82
36 50
17 70
50 65
122 52
38 72
131 135
38 57
26 90
37 50
126 25
32 39
14 20
126 34
104 107
31 50
40 60
3 36
119 138
81 99
22 38 4
14 57 85
111 50 99
22 32 40
132 22
107 116
107 109
138 39 40
29 56 99
130 9
115 34
41 90
111 58
4 56
137 36
1 111 5
110 50 73
0 105 132
17 74
109 36 93
119 42
111 52
103 29
17 60
102 49 56
119 65
109 134
10 119
32 67
11 58
51 63
132 54
109 31
110 63
3 80
48 81
49 71
102 67
36 43
109 111
119 126 134 68
36 57
111 134 53
10 109 111 119 140 17 29 47 56 72
5 56 99
0 17 52
29 36
119 137 140 40 42
35 39
111 34
142 46 50
0 7
111 82
109 111 91
110 131
21 50
50 54
111 136
1 59
3 62 7
36 58
17 92
103 36 50
107 65
4 41 58
38 40
1 20 38
107 4 50
111 125 14 17 37 42 58 82 91
3 82
119 3 32 38 40 58 65 71 85
102 126
126 3
111 71
138 54 74
119 52 60
104 130 52
111 130 37
139 49
123 17
20 37 52
3 85
58 7
102 56 68
103 111
111 116 21 4
72 82
25 85
126 20
103 141
1 17 4
111 17 40
103 111 126 50
0 138 141 17 20 31 64 81
54 56 63
138 17
137 57 62 81
14 39
50 68
119 131 29 61
104 127
24
132 141 99
126 90
109 126 85
119 19 65 98
131 56
126 50 90
126 6
52
103 130
112 116
37 52
90 99
1 49
48 57
105 95
56 60
107 36
5 85
32 85
112 40
121 7
17 46
20 49
29 32
126 130
132 42
29 39
54 60
25 42
116 41
122 50
103 58 99
10 65
17 88
36 92
134 88
104 111 17 20 24 46 47 56 58
138 74
103 85
7 79
106 109 126 4
103 138
13
17 24
118
13 37
19 51
40 48
56 81
22 51 57
112 22
108 50
102 68
126 72
107 58
42 5
114 81
103 125 66
126 56
114 22
110 127
24 42
106 109
125 130
127 94
111 36
18 53
125 142
1 88
125 134
50 51
5
136 5
1 92
82
109 22
82 99
110 49
17 20 51
123 126
24 99
19 85
111 20 40
135 67
49 58
75
132 52
10 35
103 17
139 140
137
126 36
116 130
126 63
134
87
105 50
62
42
119
135 63
108 66
138 65
126 58
50 91
99
114 126 24 42 51
103 58
42 49
103 109
131 51
14 57
111 41
102 80
51 81
65
109 4
4
0
62 65
42 93
42 95
106 24 29
42 85
116 21
126 20 40
109 53
120 138
139 31
5 54
103 132
103 111 126 131 29
0 118
1 130
25 91
51 72
135 35
29 58
106 131 22 38
1 119 91
132 63
20 85
13 17
107 51
42 54
119 32 5 82
110 142
1 39
105 134
1 34
131 50
104 109 3
100 17 90
38 52
17 69
111 49
110 126
31 90
41
112 4 56 58
139 57 90
109 14 65
107 111
4 60 99
136 47
11 31
134 5
85
48
116 38 42 48 58 60
104 111
111 46
109 130
109 132 17 32 36 41 90
110 112 119 126 22 35 58 99
103 110 126 16 42 56 60 85
1 109 118 126 20 39 50 52
111
114 31 41
0 134
132 73
107 39 67
140 32 60
15 29 56
0 111 131 29 7
111 134
137 56
47 62
111 42
105 99
126 31 48 63
1 109 17 57
104 4 92
131 35
0 1 17
59 99
31 60
111 119 130 60 62
119 130 139 81
17 80
20 31
103 107 36 41
108 131
22 50
17 29
1 110 41 60
137 46
102 132 19 50 58 72
125 2 49 99
126 17 40 5 65
17 42 5
0 17 42 50
36 9
1 132 25 42 68
10 81
103 119 60
126 7
106 40
111 126 20 50 80
111 129 42 7 85
136 40
114 56
29 56
109 24 58
4 81
132 42 50
85 93
10 22
107 81
42 99
109 18
109 125
103 38 91
109 139 63
109 29
36 99
106 92
111 125
29 60 68
42 72
0 136 4
140 48
125 52
50 75
107 40
38 50
113 14
117 47 5 58 78
56 99
10 136 48
102 115
103 20 57
3 59
23 41
140 7
104 92
107 141
41 82
40 58
1 17
29 81
34 40 67
110 58
140 17
136 85
131 39
1 134 60
136 4
129 4 62
126 60
56 75
102 58
107 38
1 3 81
13 50
32 37 4
10 36
134 17 40
136 58
138 50
141 93
116 126
119 132 50 56
109 24
126 138
52 63 81 85
109 52
1 107
111 3 60
31 34 64
31 52
108 111 126 14
29 55 58
1 90
109 119 134
111 113 119 17 27
38 7
109 111 20 57
132 34 70 85
17 4 80
126 132
42 97
109 119 49 54
119 56
37 94
50 85
22 81
59 80
107 126
111 29 70
66 71
0 32 36
110 138 9 94
131 17
29 51
38 41
28 41 50 64
129 42 90
0 36 71
134 17 67
119 32 37
129 50 54 99
20 56
109 17 32
125 49 99
12 82
114 129 58
122 29
31 82
105 56 71
22 85
126 14 99
134 142
106 50
22 98
20 50 82
126 52 56 57
118 36
1 27 4 58 60
107 17 39 62
116 125 82
114 129 49
109 39 50 99
130 17 36
63 72 81
109 19 38
0 126 99
110 17 32 52
141 22 58
4 88
0 107 17 43
111 126 141 81
109 91
119 126 19 56 81
119 48
111 22
40 80
109 17 63
103 91
117 119 58
42 65
134 50
109 62 92
42 52
111 130 63
1 111 126 141 9
102 52 81 99
103 126 82
119 25 38 50
0 119 49 5
109 36 82 87
17 36 60
109 25
109 132 25 50
20
111 3 54 75 97
119 130 38
17 31
110 85
1 17 58
126 3 83
4 41 50
125 126 17 42 46
1 130 40
125 142 4
124 65
101 35 42 56 72
103 113
10 12 56
50 56 78
103 34 54 58 68 81
17 31 40 85
111 4 41
17 32 4 50 80
1 107 60
26 32
40 90
0 2 50 97 99
1 32
40 41 50 58 91
31 82 85
20 37
119 58 60
114 119 17
119 84
129 135 93
113 47 59
107 20 31 50 53
17 25
109 51
58 74 85
0 17 49 60 85
0 111 112 58 60
132 32 42 48 82
139 41
54 58 82 91
1 17 85
126 32 58 81
125 25 50 52 68 99
114 125 75 83
0 38
109 138 22
129 139 22 56 71 92
111 112 17 4
32 7
119 20 56
116
124 17 85
1 32 85
126 41
63
40 41 99
119 41 50
114 126 47 51 82
107 20
1 114
129 49 56 62
36 63
36 38 4
31 73
119 136 17 81
22 5 58 7
125 3 42 56
119 131 56 65
134 22 3 75
29 41
85 99
105 138
64 68 80
1 125 132 60
107 126 17 50
0 1 141 38
1 103 99
103 125 37 50
49 50 58 82
39 41
109 15
20 42 50 58
125 36 74
112 134 38
24 5 73 99
113 115 22 60
1 103 65
40 99
14 50
109 67 72 85
102 42 50
19 4
103 132 138 92
136 17
20 5 50
122 134 24 31 40
126 64
130 25 35 42 56
111 114 40 42 50
139 141 41
119 141 74
17 25 40 50 52
119 17 3 85
109 17 51 75 88
108 109 49 60 85
131 134 22 26 80
122 141 32 42 66
109 129 136 5 88
103 134
4 56 58 82
109 32 37 40 91
62 82
1 111 17 7
132 17 19 35 50
17 32 46
111 126 29 31 36
119 126 20
118 119 67
109 20 60 7
111 119 41 50 88
109 131 42 63 99
35 42 46 58 60
10 119 134 26 50
119 32 38 4 85
103 22 5 50
0 17 31 58 71
107 33 60 82 99
111 119 28 4 99
47 50 68 9 90
38 5
25 34 50
136 15 58 80
126 50
1 109 57 62 67
109 111 112 125 36
102 130 17
119 40 50 56 82
132 49 50 60 93
119 132 50
111 31 51
126 17 38 5 88
0 20 51
60 82
130 137
140 22 48 56 80
107 132 139 17 4
119 35 72
119 50 56 82 90
17 52
135 138 19 31 99
1 111 22 34 73
119 134 17 46 62
20 97
126 42 60 75 80
119 22 24 29 50
109 140 31 41 91
110 41 58 63
111 129 130 22 50
109 52 56
112 119 130
107 110 132
0 126 17 75 88
4 51 61 62 85
109 112 49 56 72
1 104 5 50 58
5 52 7
20 4 68 72 74
111 126 17
1 111 17 20 4
107 25 26
36 58 74 75
38 40 52 60 7
132 133 40 57 80
109 80 81
119 138 20 26 50
17 32 50 52 53
113 17
106 109 111 29 41
14 17 52 62 9
134 15 51 56 69
111 132 24 43 99
111 114 17 82 85
119 49 50 71 88
17 42 58 75 99
136 36 50
0 139 37 5 80
129 48
103 125 17
116 57 66 82
132 4 50
20 46 65
85 92
109 126 19 56 95
17 75
111 40 48
109 38 50
103 131
126 29 50 60
4 83
136 56 71
40 54 80
105 111 62
17 26 99
141 41
1 109 111 82 83
109 111 15 40 82
126 50 58
107 138
107 109 121 5 50 65
111 17 50 58 8
109 111 56 74 88
116 138 46 5 50
107 35 37 42 92
140 58 60 99
119 36 43 99
136 81
111 119 16 22
108 63
132 74
139 17 36 7
111 115 31 58
1 109 4
109 57 60 68
138 14 41 50
0 126 35 50
1 60 99
126 39 7
1 22 57 85
13 132 51 90
49 5 58 74
20 42 50 91
32 50 63 82
129 56
112 134 99
142 60 68 71
126 129 141 29
103 41 47 60
136 17 50 82
107 109 131 83
31 70 75
111 50 92
134 58
114 50
109 39 90
102 17 81
107 125 49
109 126 68
138 60
17 4 51 65
136 14 58
103 126 50 93
111 130 32 58
10 126
126 24 60 85
109 130 141 5
109 56 7
102 17 24
111 19 22 41
111 126 132
102 111 50 83
114 93
103 127 75
107 126 132 29
109 57 66
17 22 31 32 37 54 94
131 34
34 41 50 58 75
138 17 2 22
22 4 92
1 134 58 71
103 50 70
119 126 80
25 78
126 36 91
102 119 132 4
103 58 63 65
4 50 58
107 24 81
42 46
1 109 58 65
111 126 132 42
137 24 28
104 132 60 88
24 38 48
118 56 88
131 70
103 142 38 99
107 109 17 40
1 7
111 17 20 49
111 125 38 75
107 137 139 24 36
140 85
110 134 60
29 48 49 58
111 17 50 90
111 126 42 60
3 31 49
114 17
111 62 66
131 40
111 5 51
42 5 50
17 31 36
17 50 52
65 67
114 139 141 40
136 40 92
34 56 70
132 17 36 5
3 7 79
126 31
17 32 5
42 68
107 139 31 52
107 134 17 51
126 132 14 36
1 134 29 58
3 38 43 60
108 3 60
28 32 39 50
22 36 57 9
111 20 58
40 50
32 41 51 91
16 17 36 90
10 132 39 43
40
19 65 80
1 138 32 63
10 127 24 92
107 115 58 92
17 21 56
109 50 58
113 81
103 70
1 115 58
109 38 4
109 136 34
111 29
126 17 60 99
103 81
107 111 119
50 7
103 126 129 58
10 109 32 60
132 29 36 56
109 112 114 119
119 126 39 65
10 52
1 125 132
102 4 6 65
1 130 4 43
107 123 20
35 36
17 49
123 39 60
111 40 7
36 65
103 109 3
136 57 98
109 116
132 24
17 40 72
32 4 80
1 19 85
29 40 80
134 17 43 60 65 90
109 34 58 65
119 71
36 85
41 88
42 43 88
111 126 25
111 125 52
126 4 50 55
110 49 58
42 48 57
126 43
119 22
0 116 17 99
132 17 2 50
103 22 42
119 134 24
119 141 41 99
110 111
130 17 26
38 56 81
29 69
107 126 14
104 132 45
125 48
116 119
109 17 51 57
47 63
109 17 40
103 42
18 5
114 126 4 40
140 54
1 29 60
108 39 81
1 42 51
24 5
112 136
1 126 75 81
126 22 4
100 126
108 29 5
11 111 129
111 5
24 82 99
126 50 85
1 109 56
38 46
109 119 126 88
119 50 71 81
31 32 95
103 45 50
32 37 58
102 74
101 29 72
29 38 50
109 82
103 72
130 56
109 110 31
109 126 58
4 40 62 81
104 111 17 4 42 83
137 38
24 45
119 17 49 85
1 22 26
1 18 57
32 37 39 50 60
109 132 99
126 37 50 54
123 38 5
107 132 5
10 4 50
17 39 43 46
141 51
103 17 50
116 36 4
130 131 56
109 114 85
106 126 132 17
126 50 88
126 27 64
105 126 46 64
32 33
109 33 41 80
109 111 17 58
0 42 85
126 24
125 17 75
126 42 89
103 111 72 83
107 20 35
20 29 50 62
103 111 132
110 138 42 85
29 48
126 17 67
102 112 126
111 20 46 49
103 38 7
109 119 126 63
105 138 56 85
118 134 34 50
0 106
20 4 43 98
103 80
1 109 111 41
109 36 5
109 110 22 71
103 106 107 130
111 112 17 43
1 134 21 40
74 85
119 126 31 50
103 11 29 30
129 17 65
17 50 56 64
116 82
109 119 21 93
20 95 99
109 67
34 40 99
111 49 84
103 126 17 85
126 56 66
126 40 65
13 34
107 50 97
137 17 22
103 136 52
4 50
41 56
125 19 20
103 109 119
14 51
107 42 60
134 140 92
126 138 17 70
140 4 81
107 60
130 75 85
13 58
64 99
119 136 50
110 72
110 62
112 142 40
1 3
20 33
102 60 91
132 138 140 18 20 56 63 98
109 132 50
107 126 19 4 46 54 58 60
50 71
35 50
124 22
103 24 60 75
42 60
109 11 111 119 132 53 55 81
107 67
136
0 132 17 79
124 98
0 107 126 132 39 46 50 74
41 94
103 108
111 91
139 92
119 22 42
1 134
10 141 36 60
132 64
112 5 50 99
0 41 50 65
119 22 29 81
138 56
41 80
126 17 50
107 62 90
115 119 130 132 139 20 22 63
136 59
0 111 48
107 136
0 39
1 133 29
1 102 20
140 4
109 134 25
0 17 56
128 90
17 48 57
29 39 82
104 36
22 29 7
135 31 42
114 50 99
0 125 75
32 42
29 42 81
108 109 53
109 111 125 126 3 31 64
109 22 49
31 63
132 48 5 59 78 85 94
107 111 3 49 55 65 82
101 17 54
103 110 130 25 36 81
126 17 81
114 43 58
0 22 36 50 59
109 126 17 41
1 42 56 58
1 107 109 111 17 31 36 48 50 58 67 68 85
109 117 141 36 4 68 85 92
110 138 43 5 52 7
17 97
134 50 60
114 125 142 37 40 7
1 107 56
41 46
110 51 57
109 118 80
138 80
50 58 62
10 107
103 111 25
114 118 31
138 36 86
58 67
109 110
65 68
101 74
127 38 58 65 75
103 110
140 42
112 126
109 14 43 50 53
17
114 37 38 43 99
104 38 4 90 91
50 52
125 17 22 4 65
0 50
10 138
109 60
41 60
132 136 17 5
111 134 17 29 8
115 50 52 58 60
19 24
0 138 139 42 50
107 111 17 50
111 88
103 109 134 46 58 60
102 132 17 22 4 42
103 114 119 65 81
129 81
134 141
126 137
49 81
20 62
116 90
125 22 39 52 74 85
53 82
70 81
103 107 126 130 17 72
107 111 115 41 42 88
136 18 29 5 50 81
10 50 58 65 82
138 56 58
130 3
18 42
113 38
15 4
50 94
134 17
32 81
25 53
111 126 140 49 58 81
60 97
110 88
60
10 60
119 29
22 36
119 127
111 114 126 75 91 92
11 3
126 129 138 50
4 71
64
107 48
39 48
110 96
131 41
1 99
102 129
107 3
119 17 42 52 60 7
107 109 130 140 50 62
0 109 33 34
54 71
39 63
111 32
130 15 60
103 126
40 68
114 14
103 52
132 75
130 58
122 83
111 114
109 117
109 42 60
41 49
126 73
26 29
104 60
141 99
1 111 122 32
107 132 70 94
58 60
109 111 137
105 58
107 138 41
7 80
126 22
110 82
13 80
38 49
1 140 85
22 40
32 60
22 72
0 45 5
110 112 40
119 54
22 41
17 67
31 58
19 50
20 90
49 90
36 88
14 88
130 92
141 62
130 5
56
138 37
38 48
3 7
130 43 46 67
119 136
37 81
132 46
81 85
107 42
111 25
58 65
125 17
112 72
80
71
125
70
134 38
50 87
110 41
1 41 42
13 59
46 60
61 72
126 141
123 56
3 41
58 90
52 7
17 57
3 5 50 58
111 113
138 54
124 138
138 40
21 38
140 52
56 85 90 99
113 116 17
105 124 7
20 92
134 32
49 56
130 14
111 138
1 42
137 23
36 56
28 88
111 56
110 111 113 17 36 40 50
10 132
136 6 63
43 50 81
132 9
50 63
1 43
102 116
57 58
124 3
5 92
63 99
115 126
42 94
107 135 58
0 106 126 37
39 40
63 81
0 1 109 130 140 4 50 54
4 82
20 52
109 112 116 58
50 81
110 119 125 99
13 54
110 119 14 140
1 119 24 37 39 46 58 65
103 82
125 132
109 72
103 50 60
111 129
122 97
110 125 126 134 138 14 142 17 31 42 5 50 56 58 80
114 31
81 82
130 134
111 20
116 26 42 82
109 114
41 68
32 53
109 116 50
136 20 40
109 17 90
70 85
138 49
32 82
0 10 129 17 29
1 16 22 31 50
60 63
109 48
22 34
111 40 41 42 58 75
119 21
32 57
16 58
109 2
130 136
4 60
22 37
131 140
132 68
54 93
119 136 22
109 17 54 60
138 20 32
108 32
50 80
38 81
116 42
110 88 99
107 109 116
107 24
111 40 48 60
1 109 119 85
132 80
107 7
1 17 99
103 46
45 54
125 56
105 107
130 22
116 140 29
41 5
20 99
126 46
113 24
126 94
36 42 69
110 119
119 22 38
72 75
103 111 125
109 115 136
130 19
109 132 67
34 85
103 106
111 132
107 80
115 138 17
111 80
110 50
20 94
22 38 50
4 93
109 131
110 4
50 98
83 99
17 63
109 74
125 41
1 20
19 20
110 119 43
26 71
141 37
102 132
5 53
134 60
34 52
17 38 46 50
119 4
103 31
13 35 50
14 64
17 72
130 29
20 43
101 39 42 7 94
13 137 17 20 5
106 58
108 4 99
102 31
50 67
15 99
119 138 42
60 68
5 50
4 40
132 66
128 39
118 17
103 99
4 94
120 52
57 72
118 119
39 90
1 125 22 31 60
108 43
52 88
111 141
29 38 42
17 29 58
41 57
110 42
119 31 42
115 51
1 32 99
72 88
20 32
5 68
116 39
38 92
58 94
116 131 50
118 31
141 85
109 81
139 81
124 20
114 40
109 124
131 60
35 60
0 63
138 20
34 4
29 50 67
130 29 50 56
60 71
126 75
114 141
119 17 50
103 107 3
25 38
126 136
109 46
119 31 36
1 123 4
14 94
132 50
109 118
132
11 26
17 45 5
30 91
140 63
126 134 90
109 137 41
10 4
139 66
38 58
119 34
107 119
22 80
2
134 63
140 58
107 117
35 70
50 66
80 92
136 75
13 60
125 82
111 32 34
111 53
134 51
119 26
112 71
119 19 99
31 64
103 60
132 142
111 142
42 47
109 38 39
127 18 42
0 109 75
114 48
4 85 9
1 14
119 13 66
20 41
42 7
107 14
135 41
110 20 42
17 3 58
106 90
124 5
32 36 7 81
111 20 82
15 37
0 111 142
142 42
51 58
69 92
32 36
118 63
125 29
117 58
17 42 51
111 58 74
126 38
1 65
127 4
105 17
1 47
107 111 75
1 140
39
138 29 46
36 73
116 24
0 119 36
63 85
54 68 81
114 84
126 51
1 38
36 82
104 75
24 60
10 103 109
126 70
127 31
129 7 82
20 5
17 61 90
41 67
136 22
102 37
111 43
119 7
109 133
119 40 58
120 126 31
134 20
12 126
1 37
20 60
105 36
125 62
32 48
121 130 29 49
1 108 115 60
142 17
119 73
2 97
103 50
111 32 5
39 50
134 40
1 41
132 51
112 29
129 34
138 2 50 81
118 36 56 9
24 85
140 35
109 99
68 99
102 17
38 4
48 95
126 137 46
110 33
0 103 135
0 47 60
125 46
104 26
22 65
57 99
106 5
20 42 68 99
109 111 130 132
104 20 3 42
112 12
101 48
37 65
102 90
51 82
52 67
138 24
142 67
49 50
0 17
71 90
119 40
129 36
108 4
20 34
39 58
0 72
102 134 90
126 19 40 50 62
0 109 126 22 82
111 54
0 60
38
142 50
34 50
104 130 56 65 76
36 54
103 57
22 9
0 126
24 52
108 80
79 81
38 91
48 85
41 81
141 82
41 54 99
103 125
107 119 134 50 58 97
119 35
101 112
119 47
125 81
13 66
119 132
129 99
130 82
141
22 79
140 24
14 36
102 103
48 49
32 90
2 41
1 136
124 52
43 82
48 75
138 26
133 65
58 72
14 56
138 58
36 38
31 99
1 40
36 40
14 15 54
34 74 80
111 131 3
20 24 37
32 35 49
111 119 126
20 7 74
126 15 7
119 130 85
119 50 83
0 109 138
119 14 46
136 3 4
103 126 99
126 141 63
109 20 52
103 141 34
131 17 4
1 111 74
138 36
58 85
111 50 82
109 111 80
107 130 50
107 113 119
119 52 83
114 140 141 69 72
119 97
103 32
112 141 37
22 71
140
17 68
102 4
119 126 20 48 50
10 58
31 42 49
107 34 45
122 80
138 139
52 75
111 72
133 20 58
1 4 65
40 85
129 51
140 20
103 47 99
1 32 36
0 103 14 17
109 116 141 17 31
111 136 50 95 99
51
37 91
129 138
114 126 134 66
103 51 70 81
132 31 58 59
125 139
22 29
37 40
138 35 70 81
1 5 90
109 126 17
109 29 31
22 29 32 45
104
110 112 48 65
107 126 93
131
119 41 42 99
60 92
105 107 42 50
17 22 42 94
111 131 58 92
111 132 26
75 80
37
133 50
112 29 5 92
107 114 130 4 60
132 20
20 50 51
109 22 31 4
130 15 5 50
139 47
109 113 114 24 47
68 80
10 47
138 57
136 88
17 48
119 126 67 99
142 5 99
40 54
63 97
105 109
38 40 65 99
130 39
109 14 53
73 81
125 72
111 116
36 42 88
105 91
37 7
130 22 32
46 48
31 92
21 22
124 82
7 82
10 109
52 78
29 92
5 99
105 119
110 17
101 111
22 54
110 20 49
103 109 125
110 7
109 90
103 107
45 60
29 67
138 64
110 60 62
109 36 65
110 2 58
112 32 39
127 50
134 7
119 25 93
75 96
134 91 99
126 17 80
64 81
40 47
17 43
62 74
1 22
26 29 50 68
132 99
36 5
24 41
109 27
112 60
131 5
37 66
41 51 81
112 73 84
112 116 58
72 99
136 29
22 25
39 60
20 69
130 75
35 77
88 98
113 85
126 26
132 70
50 92
125 51
22
102
20 81
57
103 129
22 70
29 63
141 36
1 37 58
109 56 71
116 17
134 85
104 119 58
130 81
37 58
112 93
111 66
142 52
107 130
31 56
104 37
85 94
107 123
5 51
56 82
19 29
119 41
57 81
70 99
132 69
47 5
27 56
41 42
56 72
38 82
106 4
108 126 138
102 107
41 6 90
109 139
109 119 48
21 70
49 5
110 72 81
76 99
1 22 94
68 94
1 111 68
126 5 82
114 82
1 102 109 81
17 20
132 7
18 4
17 46 6
0 19
129 4 81
134 139
35 58
124 46 80 99
124 31
48 60
37 75
62 67
111 84
111 119 99
134 22
130 60
36 91
119 141
24 50 69
138 17 20 37 42 50
4 58 90
119 37
134 43 99
130 14 57
48 69
111 59
39 94
50 62
119 137 17 32 66 75 81
52 58
103 131 36 5 56 75 81
112 14
107 119 136 5 81
114 49
20 38
108 136
29 75 90
0 102 109 17 29
1 103 106 126 20 50 87
112 113
46 99
49 60
102 104 132 17
0 65
119 17 25 42
102 50
110 17 45 98
15 39 56
107 52
115 65
103 109 110 17 20 22 90
109 138 140 66
119 124 65
1 58
3 4
111 119 24 35 5 63 91
119 42 82
132 31
50 79
101 54
109 111 126 17 41 99
32 4 65
16 65
111 132 20 22 50
10 138 54
132 24 58
126 129 138 40 6 68 88
1 109 5
102 124 125 41 42 50
130 131 63
109 111 116 125 126 24 32 56 58 85
103 107 125 17 22 25 4 42 50 51 75
1 103 24 52
109 119 141 17 20 25 3 50 99
65 80
108 112
107 109 119 135 22 3 31 50 52 58
119 22 63
140 38 60
119 126 42 50 52 85
109 111 14 17 21 23 26 41 50 7 72
107 41
107 119 121 132 134 17 4 42 5 50 52
46 56
109 125 136 17 4 48 5 52 7 90
60 70
112 52
131 31
119 125 126 127 141 4 42 56 71
10 104 111 21 50 67 75 81 84
125 5
0 103 111 60 68 81
1 130 17 22 31 42 90 92
10 107 134 38 48 51 56 58 60
134 140 17 4 41 7 81 93
136 41
1 105 110 124 17 19 38 69 75
1 111 4 47 58 60 7 81
50 57
0 106 109 111 122 7 85 99
109 128
13 140 29 41 50 56 57 60
110 119 124 139
69 99
31 38 40
1 104 105 109 111 126 49 50 85
111 125 132 24 32 36 50 82
119 17 42 5 50 58 60 69 99
109 138 58
102 103 109 130 45 60 63 71 99
1 111 126 130 18 42 64
109 114 127 17 50 54 83 9
103 111 58
103 77
129 50 74
109 125 126 17 20 40 58 7 88
39 84
42 92
60 72
107 2
103 125 130 138 140 42 54 7 99
136 95
107 32
109 126 25 43
10 119 132 136 17 38 58 80
103 65
1 110 111 126 25 32 40 94
5 9
104 107 24 25 26 36 5 50 80
137 29
28 65
125 63
131 65
10 111 119 20 24 42 60 94
0 105 17 38 4 50 88 95
17 58 75
36 60
110 99
104 126
132 21
138 41
17 19
111 18
126 39
121 17
1 31
119 62
134 90
115 56
132 81
109 34
13 24
121 49
1 56
0 132
60 84
0 3 58 80
4 52
109 41
1 135
125 37
35 72
112 17 49
130 36
126 33
15 50
1 85
32 56
112 7
4 57
140 80
102 125
130 7
54 92
122 41
134 92
31 75
107 109 125
20 7
110 40
135 50
102 42 49 65
21 35
116 25
109 110 41
36 49
24 75
140 47
130 29 60
130 50
31 76
119 134
132 24 50
103 50 7
25 29
103 110 111 4
109 126 127 32
13 29 32 39
36 74
13 32
60 99
129 130
60 85
108 116
14 5
119 140 50
130 17 72
1 5 71
4 63
111 13
17 35 63 82
141 39
130 25
52 85
102 131 57 60
106 109 110 126 141 33 37 58
36 48
58 70
108 47
108 111 138
20 50
65 81
129 21
31 72
17 41
0 81
56 83
126 132 17 81
17 34
0 58 59
126 15 32 38
103 97
110 25
0 109 129 17 50
1 107 109 140 141 20 42 49 7
114 130
103 17 50 81
1 108 119 126 14 17 22 32 50 52
1 119 126 37 50 58 85 90
111 112 119 19 29
126 50 81
124 64
26 58
109 123 50 62
52 63
60 8
107 126 17 56
126 138 32
125 38
40 75
20 39 50
124 13
107 71
10 104 109 49 56 7
113 92
17 22 42
114 58
0 103
103 119 134 17 4 40 50 63 85
1 103 109 137 20 29 32 34 5 85 94
110 17 93
107 109 130 137 20 41 49 50 52 71
103 109 110 126 136 20 22 50 9 92
103 109 129 21 39 41 58 59 60 62 94 99
101 103 107 126 127 17 48 56 6 68 91
34 39
103 123 126 17 29 31 32 35 36 62
17 32 42 50 52 72 75 81 92
141 65
117 126 132 136 31 39 5 56 62
0 103 126 29 4 41 50 52 57 99
102 107 119 125 131 17 18 52 58 63 64 65
118 135
109 118 134 14 16 17 29 48 56 99
132 135 81
111 126 140 17 24 36 39 40 48 50 58 63
122 17 72
0 111 117 126 17 20 50 51 60 65 81 84
116 55
1 123 60
134 24
1 105 111 25 26 39 4 40 62 88 99
39 49
109 17 99
119 126 136 17 3 34 4 50 84 90
126 131 141 17 26 36 39 47 52 54 56 85
11 88
142 40
10 32
103 136 57
62 66
111 118 119 124 132 17 36 5 50 54 58 62 63 68 85
14 26
136 38
65 7
112 38
20 57
47 75
67 82
119 75
104 136
19
110 55
123 58
12 65
32 92
122 3
53 76
56 63
105 71
49 69
126 131 17
50 83
130 18
105 3 5
3 93
19 42
15 3
20 34 60
103 76
17 21
34 58
126 77
13 74
36 80
118 77
129 15
111 65
82 84
48 74
4 55
18 50
51 80
107 111 22 71 81
141 58
138 47
58 74
20 86
11 17
34 99
68
91 97
111 68
109 116 24 62
119 74
17 38
32 75
60 65
134 65
126 34 50
134 49
138 67
141 22
107 119 81
139 51
119 19
112 4
45 49
126 36 79
106 17 99
119 58 65 81
56 85
52 56
125 19
107 32 7 81
1 102 109 111 50
54 98
50 72
22 43 45 66 72
18 32
138 22
102 137
17 40 50 7
131 52
32 42 5 99
105 109 126 4 41
110 14 60 71
126 58 94
29 36 38 41 6
119 126 17
20 41 50 81 82
125 24
130 22 38
1 57 60 90 99
132 3
0 139 17 25 92
10 123 141
107 109 32
103 125 42 72 85
109 37 4 56 62
107 97
126 134 3 38 60
109 111 56 58 91
109 3 52 80
136 29 50 51 80
1 17 36 42 54
32 38 4 65 82
104 135 136 22 7
111 136 17 56 65
114 131 132 90
42 88
1 132 5 57 58
103 3 31 67 90
109 141 15 59 97
1 126 17 60 94
36 96
109 139 21 5
109 117 126 4 80
109 119 20 38 54
126 42 50 52 58
1 102 119 50 60
138 141 22 60 91
126 129 131 38 52
14 32
126 48
38 60
11 48
141 42
119 80
110 9
108 22 85
40 46
112 81
106 22
137 7
20 51
129 41
136 62
10 139
17 66
130 54
104 85
15 62
22 32 37 87
111 4 80 92
17 20 36 39
102 132 31 57
109 111 113 52
1 138 68
126 45
113 132 58
109 34 48 7
126 134 58 90
36 50 97
29 50 62
101 109 123 19
116 2
1 126 141
109 119 132 38 91
10 46 97
1 109 92
115 58
118 54
19 22
5 60
133 60
40 70
110 36
3 60
104 141
21 32
54 63
126 54
58 61
20 65
132 49
111 90
43 65
29 67 72
17 30
17 29 6
111 131
132 19
138 90
111 39
1 115
110 68
111 4
127 88
59 90
134 39
130 56 63
136 24
103 75
29 38
116 71
0 31
14 4
1 38 93 99
40 41
34 65
123 134
45 56
110 46
36 41
140 50
58 66
49 7
139 58
109 126 99
116 35
32 40
138 72
75 99
130 132
132 56
129 79
139 43
10 109 14 17 99
112 5
132 138
111 129 24 58 65
107 139 48 68 85
101 131 17 42 57 82
125 126 81 88
109 132 40 56
10 134 138 21 99
14 97
41 85
1 138 29 50 60
1 39 49 81 98
129 47
122 126 4 50
0 20 73
109 4 67
1 67
1 113 141 4 88
33 58 60
140 38 58
1 111 119 126 17
129 73 85
136 18
116 119 3
125 20
109 79
111 139 36 60 74
111 119 132 24 48 49 60 99
1 63
109 111 3 50 80
1 126 17 38 56
113 26
5 59
114 68
107 139 50
142 69
24 88
120 38
20 42
130 20
141 47
53 57
38 56 7
63 93
51 99
109 142 36 5 88
82 97
52 56 7
109 111 5
119 49 50
56 65
113 126 40
110 111 31 42
134 20 24 42
38 42 85
109 134 16 53
125 42 48 50
40 41 50
106 126 19 5
17 36 49
119 22 29 60
17 38 59
107 119 17 22
24 30 43 63
109 126 20 37 49
24 50 60 80
111 29 58 81
139 17
111 17 70 90
109 129 31 60
119 35 74 85
0 109 132 85
122 36
132 138 82 88
17 39 42
103 111 40 64 72
137 48 86
141 17 43
107 109 41 42
132 4
141 22 74 99
2 24
1 119 138 4 46
126 15 74
17 34 58 63
119 19 20 65
105 109 7
34 36
111 72 88 95
20 65 99
137 14 63 81
4 72
1 107 58 60 85
101 132 138 90
114 119 138 50
17 26 56
126 17 40 82
114 36 4 50
32 38
1 136 138 80
1 103 14 140
4 75
126 142 50 99
32 52 80
136 26 4
119 40 75 81 99
20 42 72
116 126 80
1 111 50 58 6
37 5 60
38 4 65
39 43 58
107 17 56
109 111 125 130 17
126 64 68
109 132 40
17 22 38 60 75
125 36 82
20 41 56
111 126 132 22
5 50 52
36 40 90
119 5 85
106 17 66
115 130
125 42 81
114 126 17
125 39 47 78 80
29 36 72
109 18 63
10 102 50 52 99
17 42 94
110 138 56
138 42 54
20 25 3 42
119 34 81
104 139 5
111 26 90 94
104 110 138 50 85
103 58 70
139 17 22 36 41
24 37 39 5 58
17 20 24 4 42
43 80
0 96
1 17 24
22 49
129 43 49
109 111 52
131 58 92
126 49 5 58 81
103 49 81
130 87
111 125 132 139 5
0 107 41 42 60
39 4 50 60 65 82
108 132
119 42 88 9
114 41 50
127 41
142 48
137 58 7 80
17 4 56 60
39 47
1 14 17 50
116 129 28 58
31 7
14 50 52 58
3 40
111 113 131 40
109 39 4 50
34 40 42 50
36 50 64 81
132 5 58 7
17 32 47 75
103 119 15 17 7
47 5 58 95
119 20 58
132 29
109 4 49 58
109 40 52 90
0 92
10 119 17 22
103 138 22 56
34 37 50 99
110 114 25 47
102 126 50
46 49 81 90
122 4 50 56
119 17 50 81
119 40 65 99
17 22 7 70
126 138 29 99
17 50 51 81
111 116 125 32
50 55
16 24 34
101 46
60 75
1 31 52 58
111 31 4 41
103 109 17 37
103 111 42
10 111 132
111 115 40 75
109 20 37 60
103 60 67 75
116 20 43 52
103 126 83 99
107 109 19 98
111 119 50 9
22 60
103 36 4 57
13 90
103 110 131 32 84
22 5
1 50 56
17 5 66 8
17 54 60 80
137 99
103 40 58 81
102 108 119 85
17 47 52
111 136 140 141 17 24 52 82
139 68
126 42 5 57
109 119 17 99
126 25 42 58
103 47
111 125 48 56
132 5
111 119 39 58
17 20 25 7
129 42
138 17 56 58
15 38 39 50
134 136
140 17 60 81
126 17 5 50
4 48 60 97
32 5 56 76
110 119 50 99
103 109 42 5
103 68 82
10 103 115 126
1 126 56 79
39 56
129 141 29 5
129 90
104 64
1 26 63 99
103 58 88
103 119 58 82
111 20 36 68
32 50 92
72 85
107 12 125 50
16 32
111 63
32 63
136 19 22 56
126 20 32 74
111 14 31 99
103 109 17 22
5 81
1 140 20 31
119 132 34 37
125 141 34 82
137 17 50 52 99
111 119 59 60
109 42 5 50
140 31 32 81
1 109 130 20
0 52 65
129 68
109 129 140 17
111 126 37 82
103 125 19 58
20 72 82
109 37 58 66
0 131
103 17 63 85
1 119 126 17
1 50 56 85
103 14 36 4
119 129 32 56
0 22 41 50
17 50 56 82
111 130 58
109 20 49 82
123 134 18 85
109 3 75
56 74
119 30 51
111 115
1 40 65 67
107 125 17 75
1 119 20 32
50 56 80
132 72
111 114 126 25
109 132 17 51
142 17 38 85
110 126 63
126 5 57 63
122 29 57
103 119 123 29
109 132 134 80
107 68 94
107 119 56 60
58 74 88 99
112 22 31 36 38
119 91
42 56 57 96
104 36 38 42
110 139
24 50 51
103 111 119 74
111 7
14 50 68
123 32
24 42 5
126 36 39
126 37 97
125 134 17 5 85
122 136 29
119 17 73
1 19 31 32 74
102 42 65
0 137 42
131 15 29
107 4 74
103 110 132 41 82
17 38 50
31 32 36 40
130 5 50
47 70
140 40 85
142 41
42 68 80
4 58 99
109 58 94
107 126 65
109 37
6 81
111 5 80
1 126 85
107 129 29
126 4 71
111 116 20
0 141 42
21 60
112 24
103 5
1 50
15 25 7
111 31 7
126 28 29
111 32 41
0 34 58
107 36 5
138 2 32 5 85
109 126 17 9 91
17 50 99
103 109 113 130 49
0 14 3
0 29 40 94
0 68 85
136 139 40
104 111 119 14 85
1 31 38
134 17 50
31 71
109 17 81
1 131 99
110 39 4 54
126 134 56
50 54 63
102 126 17
126 14 52 82 99
102 40 48
119 32 49
0 17 41 42 85
132 17 42
103 137 50
109 119 31
126 42 58 71 73
115 50
125 131
125 22 68
0 119 50
131 20 3 34 54
14 26 65
126 17 7
132 17 52
136 31
1 17 31 34 81
102 35 46
117 17 94
104 50 60
108 110 80
58 75 81
109 126 39 40 54
119 136 82
40 88
104 25 29
39 4 56
111 5 50 82
111 22 71
103 50 52
0 131 60
13 135 17 4
58 60 88
1 137
1 126 82
107 59 85
115 81
109 42 5
107 109 40
32 50 58
110 2 22
10 111 33 40 50
110 118 25
126 32 50
17 37 58
17 31 49
1 132 81 90 99
138 50 53
111 67 70
24 31 49
109 111 126
134 50 7
138 19 46 65
0 14 17
129 4 58
32 36 58
12 17 82
109 111 47 5 9
130 4 57
36 39 84
5 76
110 51
107 139 17 36 37
10 111 85
109 125 17 41
132 21 53
111 136 81
141 75
112 137 58
20 46
58 60 85
3 63
119 132 14
0 119
113 17 88
17 26 39
24 40 81
106 111
108 38 58
102 19 67
109 25 3 42 53
40 45 60
103 14 38
127 51
126 24 56 58 72
116 54
13 52
126 32 85
140 3
107 127 50
111 32 58
139 17 4
24 50
126 17 85
126 17 42
126 13
19 39
32 36 38 39 92
36 94
119 41 82
22 75
111 39 64
1 126 34 36 73
126 22 79
131 33 68
134 36 50
20 26
3 58 72
1 54
25 99
141 57 90
126 65
111 136 141 22 49
14 38
122 126 41 60 63
22 42 74
117 4
136 4 74
33 36
109 126 42 82 91
20 54
42 86
119 34 4 46 58
111 69
109 116 58
5 82
29 41 60
0 126 38 54 72
118 40
123 17 89 99
126 88
103 109 60
119 130 17
25 51
137 80
129 132
110 114
40 41 42
109 119 131 132 58
10 93
1 103 126 130 99
3 58
125 34 50 80
134 82
108 127 40 56 58
22 31
16 29
54
103 40 51 61 81
1 131
0 1 111
88 97
37 40 48 56 94
42 52 56 68 82
136 17 50 7
4 92
41 52
116 136
134 40 50
119 134 82
47 65
1 123
104 136 57
126 133
111 16 34
75 82
103 17 4
141 19
106 126 90
132 32
132 136 31
114 36
1 111 32
114 126 50
66 81
111 112 126 56 93
103 48
109 68 72 81
64 80
123 85
10 81 99
119 31 81
110 3 38 51
111 64
67 72
48 50
15 38
114 126 58
1 36
102 111
138 39
112 119
10 74
110 17 23 34 68 85
136 19
109 130 46
124 24
130 71
17 41 5 58 71 85
130 38 50
19 54
111 126 129 39 60
130 69 90
107 38 40
109 17 32 40 5 65
108 72
102 109
1 109 17 31 42
17 64
5 63
113 119 140 58
116 134 50 67 99
109 5 50
1 111 116 130 72
102 126 56 63 94
50 58 69
51 9
0 111 74
38 94
103 110 47 96
14 15 22 50 58
130 37
22 99
134 19 42
125 59
105 26 50
109 48 85
28 4 65
123 5
111 47
32 80
110 54
131 138 39
126 19 46
20 4 50
138 36 41 5
119 13
29 77
130 57
117 40
130 32
35 39 49
114 64
131 99
139
121 50
39 5
136 83
28 56
67 71
22 92
13 56
102 98
119 130 50
125 99
43 60
71 74
119 38
25
3 38
39 42
111 15
0 29
108 36
0 109
0 48
65 9
14
1 82
107 90
132 14 93
119 31
31 91
0 32
127 19
121 130
124 138 5
20 22 63 88
73
118 32 62
102 29
34 56
107 57
41 48
136 65
115 39 4
14 24 46
131 22
42 46 9
126 25 50
130 4 48
82 91
26 50
111 112
47 60
40 49
43 61
109 63
109 138 4
52 79
52 60 68
29 31 41
109 56 90
111 50 51
62 88
10 137 17
7
109 21
4 67
14 65
114 20
1 109 35
111 116 119 43 52 58 81
138 70
130 52
46 50 52 75 98
29 7
57 91
125 22
42 58 70
14 20 4
110 48 68
10 7
22 67
13 131 20 42 5
37 43
125 83
1 106 107 46 48 51 64
103 68
109 59
104 112
58 80
109 22 98
65 93
103 107 109 113 119 126 138 139 37 43 52 67
109 3 40 58 69
15 17
104 32
105 132 17 38
137 25 32 97
105
109 125 38 85
34 82
126 20 65
102 42
132 32 42 58
104 81
58 92
23 60
102 81
0 88
111 132 60
20 83
2 58
35 76
102 103 72 85
115 125
130 85
126 140
3 50 51
142 99
126 49 50
17 18 60 80 85
102 17 80
18 67
111 112 31
109 75
0 72 85
41 91
17 56 79 93
24 58 82
0 90
113 58
102 5
111 19
46 57
111 119 50 54 58 7 72
106 109 17 20 26 36 38 42
52 92
71 83
28 80
0 80
42 82
123 39
136 52
109 80
102 63
18 81
119 9
15 56
114 132
14 42
106 17
1 125 47 52
116 36
126 140 17
2 50
139 99
103 109 111 141 17 4 41 50 58 63 80
91
130 64
109 111 119 130 138 40 50 82
116 22
1 133
22 39
102 141
119 134 22 36 58
10 17
129 60
116 31
74
0 85
48 58
37 63
130 65
129 40 42
39 81
4 42
132 90
121 126
114 54
20 80
71 99
111 126 142 40 46 50 56 60 63 64
46
17 76
53 75 81
110 126 26 50 56 58
36 60 94
22 88
109 111 126 140 50
111 138 17 51 60 81 85 99
1 103 132 29 41
34 38 42
126 98
35 85
119 132 20 25 36 58 73 97
10 125
126 37
141 52
1 136 138 71
107 111 50
115 85
1 105 107 109
31 88
109 57
119 141 19 20 58 62 90
43 52
131 20 56
103 139
68 95
17 41 42
17 47
126 138 4
129 64 90
25 50
72 80
17 42 58
119 39 85
1 71 84
14 87
1 109 71
103 110 17 42 69 85
109 36 4
42 63
111 27
138 31
1 103 22 4
123 132
116 50 63
126 17 58
109 137
39 72
0 109 127 14 17 31
29 53
92 99
1 107 17 60
63 71
47 82
0 111 14
138 68
16 22 81
3 75
118 88
56 93
109 68
29 3
115 22
29 34
109 7 98
40 79
109 47 65
0 56
111 57
141 43
1 111 115 126 29 42 7 84 85 9
48 99
37 5
17 26
127 17
140 19 76
106 109 48
130 16 21 29 58 63 95
120 32
132 39
131 66
126 85
49 66
114 60
111 126 81 99
34 79
17 37
142 60
46 90
116 142
34 63
14 22
57 75
119 93
131 75
119 94
1 95
0 52
1 57
32 43
10 103
113 42
1 108 111 14 17 41 60
141 81
134 71
103 114
5 65
28 29
6 92
107 109 112 127 29 38 48 5 56 58 7 83 91
109 62
42 58
102 38
118 132
127 43
102 35
35 68
125 129
110 22
106 20
17 24 58
129 46
119 60 99
140 60
0 5
103 5 51
108 109
108 111
137 41
51 56
24 36 42
134 34
126 127
38 42
56 90
126 84
107 112
114 136
137 85
123 42
68 85
111 76
113 22
50 74
51 52
105 3
2 3
119 131
126 29
105 111
107 63
109 119 64
131 132
29 85
107 129
13 99
126 134
109 49
25 31 63
102 109 132 32 36 42 49 50 51 56 85 90
7 81
27 82
119 127 22 46 5 50 58
105 4
1 132
38 50 56
102 112 132 58 71
103 42 68
109 83
129 71
31 65
40 57
135 19
119 15
11
109 126 31 37 99
10 64
103 38 49
116 17 36 41
124 138 85
1 110
130 43
38 80
17 19 41 50
36 70
21 5
109 17 29 36 60 68
22 51
39 85
109 111 119 41 50 58
38 88
12 132 28 32
122 38
136 50
119 132 140 39 66
109 66 99
78
39 43
138 140
136 36
109 22 38 60 66
106 38 4
109 126 31 52 82
111 126 38
51 67
107 133
112 51
108 49 58
129 20
25 42 46
111 122
0 103 109 111 17 20 36 51 60 85
109 50 81
109 45 60
132 50 90
119 98
1 102 107 114 119 22 43 56 58 68 7 92
29 31
82 98
56 70 86
24 29
107 37
35 88
113 52
112 47
109 20 24 58
125 73
59 65
40 78
1 10 107 132 134 50
50 56 68 82 96
7 75
19 79
58 63
35 51
138 3
118 134
109 88
36 83
25 40
36 51
111 119 17
104 42
59 88
39 80
130 24
102 56
3 5
123 22
24 32
50 78
40 71 72
140 32
111 126 29 35
107 72
41 72
4 54
4 40 64 82
12 40
10 129 26 41
111 126 17 6
111 126 36 41
1 111 122 127 58
109 141 39
110 47
137 36 60
125 138 20 7
103 136 138 58 7
105 136
126 134 39 52 88
103 114 116
119 36 56 60
17 22 50 58 99
10 122 125 42 67
102 119 50 56 80
115 17 20 29 69
111 119 5
107 51 58 63 72
116 29 50 68 69
111 17 90 93
109 32 38 4 60
111 118 137 16 17
15 49 50 96
130 99
109 123 136 31 90
132 41
0 109 115 141 40
103 141 21 35 49
107 109 126 41
129 141
119 50 56
103 31 42 99
116 48 81
119 55
0 114 17 50
105 50 90
108 20 60
31 50 56 94
109 17 32 52
17 3 34 60 80 86
103 96
126 5 99
46 64
136 35
105 73
138 99
129 39
50 53
14 90
129 43
0 39 50
1 24 36
0 102 49
130 25 81
126 68 80
14 38 74
114 119
0 4
0 131 134 90
105 109 126
20 22
111 40 84
13 96
31 48
138 56 63
105 42 58
139 34 46
0 122
109 136 29 60 66 72
116 17 24 38 58 82 85
1 37 5 81
60 98
119 121 126 50 58 68 92
123 20
17 25 92
109 132 14 50 56 68 76
25 50 82
103 25 51 71
1 75
107 85
118 56
22 74
110 65
1 117
49 65
65 82
129 131
138 75
40 47 62
116 68
56 64
17 98
58 59
102 64
46 52
140 31
108 37
103 116
128 40
18 85
123
42 56
126 47
67 90
119 77
29
131 17 32 42
0 126 134 141 142 26 38 47 5 73
0 13 34 63
125 80
38 79
112 17
135 85
15 42
131 17 38 81
126 27
36 90
0 49 65
110 50 57
39 41 60
40 52
126 80
3 68
106 123
119 66
117 46 99
0 14
25 90
122 42
81 83
125 71
103 119 65
70 92
141 32
1 105
41 63
114 34
111 139 29
132 17 40 5
126 44
50 56 65
42 75
107 18
103 95
36 71
138 141
1 50 81
21 58
126 91
42 70
5 96
139 3
4 98
115 66
121 42
126 28
115 138
17 3 60
102 41 58 63
20 82
1 131 22 7 95
103 138 60
136 37
102 99
10 90
119 49
29 4
13 85
43 97
4 80
125 74
3 51
25 60
33 38
119 25 58
110 5
78 99
125 57
10 137
141 49
111 3
125 65
54 88
136 20
69 81
85 88
125 25
129 63
58 68
103 104 126 131 141 15 33 42 51 60
24 36
67 99
104 109 22 41 96
0 62
32 5
134 23
25 54
58 62
11 126
19 56
103 92
14 7
119 46 52 97
22 48
23 7
24 82
25 80
51 88
125 14
127 99
138 37 54
134 74
107 110 58
134 99
112 130 138 42 99
113 119
116 126 132 40 90 99
109 5 50 58 80 92
10 130 42 50 60
4 51
121 32 36 4 50 99
38 70
111 134 20 31 38 49
3 90
109 123 126 130 39 82
124 134 5 51 7 72
111 130 50 52 60 91
1 125 141 29 40 85
112 119 17 24 50 98
109 119 21 50 60 85
114 116 39 50 56 60
103 109 111 42 52 63
109 39 42 5 50 72
107 111 132 134 40 85
106 20 26 42 58 92
130 17 32 38 65 80
10 114 126 131 140 99
109 19 40 50 82
132 134 14 43 50 56
97 99
119 14
14 71
20 39
137 17
22 26
125 94
44 5
40 81
2 48
127 58
17 4 5 58
0 119 130 132 16 17 22 25
107 129 85
138 5 57 71
107 14 141 17 20 22 29 90 96
7 88
119 17 22 50 57 85
108 126 17 22 35 4 41 42 50 58 74 88
107 112 16 47 60 62 85
10 107 111 132 3 50 56 7 71 92
109 111 126 140 41 50 85
102 110 111 129 17 3 42 62 7
111 34 48
110 111 129 132 139 29 36 4 60 90
130 139 67
126 139 85
4 50 55 98
126 42 48 56
111 17 63 80 99
10 109 119 136
107 17 29
102 63 71
105 132
119 32 58
126 49 5 50 52 58 60 71 74 80 81
15 60
20 21
18 7
119 126 4 50 72
81 91
114 4 49
13 15 35 50 62
22 68
137 36 60 99
116 58
103 109 111 14 25 30 42 58 72 74
109 111 132 17 42 5 51 56 6 88
106 42
103 46 85
126 17 38
116 49
103 140
142 53
119 142
45 64
57 65
0 107 132 20
56 97
132 20 81 94
130 58 81 82
138 65 99
132 85
14 58
31 79
14 17 3
72
107 22
24 37
130 31
17 49 58
139 4
107 136 50
126 42 82
110 35 56
17 35
137 66
34 5
131 82
24 49
109 12
130 26
17 73
110 3
43 81
130 61
48 93
107 13 17
29 46
119 50 81
122 17 56
141 50
138 29 82
1 41 50
111 119 4
110 91
34 46
52 72
103 136
118 65
126 92
21 39
126 71
29 36 91
109 129 22
1 111 132
0 109 126
107 29
31 43
142 20 36
123 36
17 22 39
140 50 63
122 67 85
118 140
11 121 24
43 50
0 31 66
110 32 34
17 62
40 65
70 90
119 51
19 60
123 57
80 82
5 78
108 31
104 29
139 29
67 85
16 72
124 140
47 59
17 42 54
114 4
32 98
43 57
141 60
48 7
111 30
49 9
116 60
142 24
129 58
116 125
131 17 57
31 33
115
37 42
56 66
62 93
14 72
52 56 59
126 50 65
58 75
140 17 72
109 132 58
32 61
31 42 75
139 62 82
109 138 72
118 47 94
136 92
107 75
63 64
17 52 99
112 17 85
20 75
0 59
107 92
137 22
36 39 92
38 76
32 4
103 43 65
111 20 42
105 130
130 131
47 90
104 88
116 19
36 79
58 95
3 42
112 91
108 114
94 99
80 85
119 5 70
112 17 39
20 98
103 54
29 80
3 65 7
122 94
109 123
31 74
119 70
24 56
134 31
103 109 80
107 113
34 60
125 137
132 88
125 136
108 48
112 136 4
109 17 50 85
1 134 40
138 21
123 43
52 71
114 66
65 90
16 47
12 49
29 82 88
111 48
5 52
141 46
138 29 63
25 34
132 37
1 101
124 39 54
36 62
4 90 97
141 48
72 9
134 41
131 37
58 8
124 25
43 83
131 46 62
0 24 3
123 51
22 7 9
110 114 7
141 25
3 92
109 112 56
122 24 25
36 84
130 140
47
102 13
131 21
142 38
1 81
109 129
65 66
112 126 43
111 139 17 85
109 15 17 4
26 58 66 82
126 132 17 50 7
109 24 31 4
111 125 22 50 85
107 131 37 46 65 73
125 130 17 36 64
111 126 17 45
15 82
1 10 42
20 38 58 7 82
113 133
109 5 85
116 19 43
130 20 60
60 90 99
39 58 63
137 81
22 95
26
116 40
11 24
1 102 103 111 22 36 37 56
47 66
108 22
116 85
13 130
134 42
132 91
24 4
131 24
115 22 50 88 97
31 41
42 77
1 119 5 66 83
110 75
141 51 61
10 41 42
106 65
140 57
137 52
110 111 50
110 20
110 92
112 132
134 70
15 68
102 124
104 119
39 92
115 71
58 84
126 138 63
104 49 58
131 16 29
17 36 52
51 71
113 136
0 110 111 43 99
134 22 36 81 90 99
109 126 17 29 42 5 80
132 47
116 132 41 42 46 77 81
113 22 50 60 7
110 138 60
105 17 81
62 85
15 36 83
111 134 35
103 43
14 81
22 82
108 126
114 126
130 78
136 43
136 3
109 118 88
140 67
116 46
26 42
42 90
1 13
141 3
0 85 98
19 46
124 36
17 7
138 95
10 129
138 48
138 82
132 16
11 142 82
136 41 75
62 7
119 41 98
36 60 65
103 130 134 31
108 68 71
0 42
10 102
19 38
109 140
103 107 130 132 141 21 24 29 32 37 42 50 52 53 58 65 91
131 58
0 110 130 17 49
131 32
37 58 92
43 49 90
19 80
106 110 49
59
25 4
11 37
10 107 119 126 50 65
111 132 43 71
102 109 42
1 32 47 65 81 96
111 56 58
119 64
17 54 65
125 138
109 111 118 17 42
107 31 49
136 46
104 17
63 86
36 72
132 43 60
10 42
57 80
32 72
139 19 3
3 52
141 17 60
111 119 32
107 42 81
25 48
103 32 52
19 24 67
119 131 52
109 4 65
112 99
119 134 37 41 56
1 108
40 7
29 90
22 35 4
10 50 51
3 74
139 39
103 63
112 42
109 34 67
40 87
129 59
103 109 42 50
102 20
67
130 37 42 58
39 52
1 60 65
1 80
123 2 85
126 17 35
134 56
36 38 92
15 66
130 77
17 9
138 38 82 94
116 5
111 53 60
119 36 4 81
1 141 60 95
111 37
111 124
69
48 56
134 32 9
138 25
103 58 71
103 31 4
129 52
141 5
19 95
101 76
122 40
136 17 50 99
129 4
119 50 82
107 17 42
107 114
109 116 72
111 126 52
109 35
10 49
126 36 50
109 17 25
1 35 36 61
5 66
116 28
109 119 72 99
113 29 82 85
110 126 29
10 17 82
100 13
107 117 29 34 50
111 20 36
142 36
109 136 39
119 121
10 57 81 88
22 24
103 19
142 22
125 3
46 65
106 125 56
103 115 126 34 82
1 102
119 122 126 134 35
46 5
36 52 74
14 74
88
46 81
108 125
132 134
108 60
101 22
0 110
137 58
10 66
107 34 36 39
75 78
111 115 126 50 83
107 121
103 104
32 49
130 40
110 136
103 137 39
103 126 2
102 36
31 68 81
17 54
109 110 42
110 53
35
28 41
15
56 88
29 88
14 85
136 42
107 109 39 50
10 107 31
129 9
40 59 85 88
108 17
122 20 70
20 52 99
49 58 64
112 132 5
22 38
17 61
126 138 17 32
111 119 138 17 60
54 56
49 67
25 63
136 48
116 63
104 22
137 72
109 50 56
111 126 47 52 82
108 42
125 92
1 126 38
25 36
109 56 8
22 42 65 82
37 99
109 141 17 49 85
107 4 64
136 140 34 42 79
109 15 46
49 88
21 66
138 42
126 136 17
129 35
107 26
1 107 111 3 50
115 136
58 64
107 54
134 52
125 36
107 134 37
134 5 81
112 54
108 75
138 32 5 75 81
19 82
54 58
80 81
103 17 19 50 65
142 82
0 41 50
141 72
105 22
20 95
110 114 132
119 51 81
130 17 42 56 60
109 14 85
129 7
80 98
104 113
38 4 60
109 4 41 79
125 50 60
108 29
17 38 57
72 90
136 15
105 88
19 72
136 34
103 40 43 50 65
41 54
139 63
17 38 96
10 130
109 26 91
118 91
108 137 20 50 81
102 124 29 39 85
1 140 36
140 90
102 75
41 59
72 79
39 59
103 119 132 81
73 99
136 98
110 133
52 90
10 109 132 50
119 139
17 93
10 132 30 50
126 58 60 92
55 74
107 132
116 50 66
132 140 48
56 66 71
20 3
60 64
92
4 97
17 49 80
132 38 4 42
111 132 3 58
124 17
103 132 17 50
15 58 81
1 107 57 75
119 132 138 50
19 31
112 46
38 67
129 141 142
115 132
37 39
56 9
5 50 62 99
20 36
123 34
126 142
46 51
37 80
134 75
111 132 5 82
140 46
119 58 99
136 56
135 17
20 79
123 99
37 41
126 79
62 90
0 137
0 125 20 52
1 14 20 80
103 109 112 47
57 62
1 124 126 132 50
102 7
127 47
29 96
119 129 17 82 99
40 5 99
135 80
135 99
109 11 136 80
114 32
109 45
15 58
107 119 130 134
139 58 99
140 32 63 93 99
126 44 50
119 22 5 50 76
80 90
111 130 50 53 63
111 140 17 24 58
141 71
126 129
110 119 32
119 125 40 60 65
14 99
127 3
17 56 57 82
22 35
10 109 139 25 99
125 126 129 28 50
1 119 7
131 53
110 31 52
118 126 138 38 82
126 132 134 42 73
17 49 50
136 22 29 50
115 19
1 10 102 28 50
103 107 17
107 108
107 16 4
132 48
109 138 71
134 138 52
126 132 50 58 65
102 134
116 81
17 78
108 122
0 35
141 4
116 52
78 88
104 65
17 51 75 82 94
36 53
109 136
17 4 42 51 53
119 17 4 56 99
54 72
0 125 32
68 92
51 92
126 24 29 31
1 111 126 34 58
1 129 38 56 65
134 21
26 69
43 7
111 4 43 65
117 34
1 55
10 92
3 40 41 80
27 85
10 110 127 31 75
12 19
41 58 82
103 26
79 88
19 65
20 70
106 49
10 41
101 63
124 32
103 19 42
39 46
109 56 7 85 91
142 31
14 72 99
15 32
0 126 17 4 50
34 5 65
109 19
111 123
0 86
107 50 93
38 64
51 7
137 39
109 126 17 42 72
103 104 107 50 8
55 65
107 89
110 60
109 125 126 20 54
23 5
47 64
14 37
32 52
1 70
111 119 136
27 41
126 68
1 119 17 40
142 39
124 17 46 60
131 3
141 27 56 81
29 40
14 48
10 48
4 64
102 65 68 88
0 3
114 92
11 28
3 55
3 49
4 58 75
130 136 39
109 2 20
47 92
115 26
4 68
7 91
23 72
1 29 76
49 63
131 42
34 73
63 70
127 38
0 78
110 13
65 69 92
132 141
102 65 71
114 57
26 40
116 92
107 8
103 109 119 137
111 74
0 114
109 126 134 17 32 42 57 75 99
1 72
109 138 17 40 42 49 60 65
31 66
56 98
107 127
141 56
132 59
35 52
111 141 88
1 116
107 130 24
112 26
5 90
102 73
111 38 41 42
102 24
129 65
14 50 75
34 75
127 37
130 74
58 69
119 137
114 29
121 17 50
119 138 32
13 29
42 75 82
125 38 39 42 50 63 94
40 71
110 126 3 86 90
1 103 119 17 20 41 58 65 7 85
0 109 126 24 3 39 4 53 56 7 90
113 123 130 38 42 50
109 111 125 141 17 22
111 139 20 3 32 42 85
109 14 17 29 49 73 77
26 85
136 51
48 72
47 53
103 59
114 137
56 94
119 140
57 85
1 142
35 81
111 93
81 90
109 26 35 5
126 95
1 66
22 91
102 17 36 50 60 99
10 31
111 119 126 138 24 60 90
109 117 130 36 57 78 90
10 136 141 36 40 41 58
119 126 14 4 42 9 99
126 138 140 39 58 82
19 7
100 103 119 3 5 56 81
109 110 111 119 122 41 58
1 103 111 126 17 39 56
103 123 17 37 4 65 7
119 140 47 50 58 59 74
3 6
1 131 134 20 25 45 71
0 118 126 20 50 67 86
10 129 81
20 26 81
140 5
36 6
17 59
132 67
105 32
119 17 26 65 68 69
59 63
119 90
24 38
115 138 4 50
42 51
104 107 111 123 127 134 32 36 42 46 66 7
115 127 129 36
56 73
20 35
131 72
3 37
132 28
102 32
109 111 126 52
10 132 17 20 40
46 58
141 80
118 119 50 85
90
88 99
134 14
134 22 31
1 141
116 88
0 74 99
103 65 7
49 80
139 38
78 82
109 118 132 4 42 50 58 70
109 119 31 4
101 142
119 123
101 125
46 88
38 99
129 46 50 56
19 47
127 52
109 110 111 119 17 20 4 42 51 58 68 80
132 5 58 70 73
48 82
21 7
40 5
111 97
0 81 98
17 42 65
1 46 82
54 80
130 90
5 95
43 88
138 62
136 99
3 99
10 77
125 140
108 119
103 38 56 75
59 85
10 82
13 88
134 135
1 139
105 38
138 32
103 40 65
110 17 82
5 61
10 56
42 53
26 54
108 40
109 119 19 90
3 32 60
21 65
41 69
116 138 50
119 38 49
98
7 99
141 90
13 134 141 75
52 93
108 49
80 9
126 137 40 49 5
126 130 51 82
116 136 56
5 72
11 5
5 7
40 51 58 61 97
7 70
110 119 58
49 68
119 138 99
132 24 40 81 83
4 79
22 7
118 17 42 84
13 41
106 36
109 115 126 46 58
20 91
140 22 5 58 63
20 37 42 50 52
66
29 66
65 91
17 50 58 60
130 17 56
107 62
32 42 73
1 130 65
126 24 29 81
1 119 137 42
109 119 72
107 119 57
32 93
119 20 36
109 130 17
125 22 29 38
31 39
17 41 49 7
20 31 5 82
103 3
13 39
70 88
111 20 73 99
17 86
0 123
7 90
127 56
49 82
107 31
17 80 82
108 99
138 51
130 80
136 14 17
113 99
1 29
9 97
139 46
26 4
104 96
131 137
71 85
109 142
33 7
91 99
15 22
135 32
107 4
125 79
42 64
0 89
134 17 69
135 5
108 126 39 81
13 49
50 56 57 65
132 138 7
24 40
111 2
142 85
126 17 49
104 109 136 58
31 93
20 64
131 47
107 83
137 50
17 31 60
29 72 85
114 99
103 135
24 40 85
1 109 36
125 132 7 80
103 14 19 4 76
111 132 53 88
46 82
109 132 41 42 58
125 40
107 32 39
0 21
43 56
122 41 83
140 36
32 49 5
29 99
81 9
54 99
50 7 99
24 77 82
69 7
116 38
103 60 72
29 4 58
103 132 139
103 5 92
51 75
107 134 40
29 83 99
29 52
7 96
107 50 99
26 52 70
109 119 124 17 52
38 74 92
111 36 62 93
51 54
14 67
131 22 42 48
0 94
14 82
138 67 72
130 83
119 122
47 7
1 109 124 58 80
136 64 80
111 138 22
103 126 136 50
72 92
80 99
109 119 12 73
115 17 60
110 52
140 22 52
17 46 67
16 58 70
125 126 38
91 92
111 129 25 42 99
126 129 39
103 105
138 50 58 82
2 8
107 43
10 3
108 119 127 137 90
17 5 72
22 43 54
112 2
126 132 48
21 49 96
20 93
1 37 62
57 58 60
132 136
1 109 111 50 51
130 18 47
132 49 68
103 13 19
124 85
17 5 60
107 134
126 142 22
136 50 52
10 29
105 111 48
111 17 4 58 82
1 103 50
103 14
124 29
119 129 141 41 49
110 34
129 17 67
102 39
111 9
21 80
19 92
134 4
132 140
135 36
10 75
116 132
20 45 75
104 72
137 50 72
116 50
34 41
70 93
111 83
138 43
132 92
125 39
109 62 65 94
139 89
21 42
26 5
82 85
29 60
3 78 85
31 4 81
71 82
1 94
1 33
21 81
60 67
111 95
0 119 126
109 64
60 80
103 117
108 109 111 58
125 130 20
141 24
10
139 87
111 126 132 24 32 4 60
107 119 124 17 42 50 81
109 111 31 37 51 52 56 93
110 111 17 22 29 46 60
16
111 126 132 22 41 81 99
126 132 17 36 45 75
119 138 42 5 52 74 87 99
107 111 14 17 41 56 82
141 54
0 136 17 4 50 57 71
5 87
107 114 132 14 65 7 80 88
114 130 139 46 50 90
93
111 17 29 49 50 56 58 82
119 134 138 37 42 58 81 98
113 116 125 126 46
0 119 126 31 38 5 54 80
10 114 140 17 42 5 56 58
115 119 141 17 37 58 80
8
105 131
103 110 112 136 66 92 94
135 138
104 52
0 110 126 136 20 36 50
111 36 4 46 54 56 58
17 25 31 43 58 90
1 111 138 24 32 63 85
123 130 36 42 50 99
111 125 126 131 52 56
1 103 111 17 4 48 5
111 126 130 40 54 56
128 49
109 117 126 14 17 4 50
1 111 119 126 134 31 41
1 107 126 22 25 46 60
112 49
126 130 14 46 50 67 72
126 131 132 14 5 57
65 85
138 14 32 4 42 56 73
109 111 17 24 75 92
10 107 109 111 141 80
111 114 116 119 22 58 62
109 111 141 17 21 50 63
111 127 138 50 82
109 112 17 4 40 53 7
0 43
110 31
102 109 17 31 43 60 71
20 30
109 119 126 36 56 63 85
111 119 132 17 35 75 85
141 15 17 29 31 38 98
102 131 36 4 42 5 88
17 22 29 50 81 99
109 138 140 47 50 67 81
29 38 39 4 5 85
10 103 136 50 81 99
126 39 50 51 58 66
109 132 17 22 58 60 99
4 43
51 65
107 126 20 46 56 62 82
136 3 50 58 60 80 85
119 123 48 57 68 70 76
0 109 111 17 60 63 65
27
126 132 20 22 50 58 60
110 132 17 20 21 49 82
133 71
0 1 125 3 38 56 82
119 76
119 131 19 25 37 41 50
116 131 132 32 4 56 62
106 129
119 125 17 25 41 56 85
0 103 109 119 130 132 48
125 26 42 5 50 57 67
1 126 22 34 4 49 85
107 115 47 50 57 64 9
111 119 42 49 64 85 90
1 105 126 138 36 49 82
110 119 17 38 39 60
0 113 130 32 36 42 65
1 111 116 119 24 3 58
104 111 113 119 142 5 56
24 26 29 41 49 50 58
115 46
108 24
106 119 130 50 52 88
132 14 40 60 85
103 109 119 138 25 42 60
109 126 22 36 37 40 50
107 9
116 126 131 22 56 71 99
112
140 40
0 125 126 32 4 42 76
103 111 124 43 56 60 62
109 111 130 134 50 85 99
107 123 126 27 35 52 82
118 138 28 37 52 59 63
17 19 40 48 52 62 74
112 126 138 39 4 60 65
24 32 36 51 63 65 81
1 126 17 50 57 65 83
108 90
118 126 20 22 50 92
107 126 14 43 48 58 65
1 126 17 20 50
0 109 13 139 17 68
130 22 52
111 126 17 38 50 58
107 110 119 126 132 17
0 24
132 28 29 39 52 56 58
17 36 5 57 58
109 112 17 19 50 56 57
111 129 142 31 32 50 74
0 101
135 65
19 90
119 87
103 112 39 40 49
0 111 138 42 49 56 90
1 137 3 41 88 90
46 79
0 132 42 51 71 79
29 32 40 50 62 68
126 3 41 42 50 85
107 119 126 130 17 50 52
111 134 58 70
66 85
62 72
130 22 38 64
126 50 91
122 71
125 54
19 99
47 50
119 16
115 17
111 17 4 41
3 56
46 77
38 96
21 52
118 74
114 52
18 52
107 111 22
4 91
1 109 72
