10 126
132 17
126 31
132 35
132 36
13 42
119 141
20 85
17 50
132 81
109 125
126 139
119 50
139 99
42 88
109 126
4 50 56
17 32 4 5 99
109 111
126 54
50 56
0 40
10 131
17 66 94
109 132
103 113 38
119 85
111 4
17 66
22 67
26 3
1 102 50 58 74 85
125 62
103 116
104 115 118 14 47 81
17 31
116 132
12 50
111 17
113 134
109 136 138 16 41 70
139 72
123 129 41
110 58
1 109 111 15 56 87
127 37
117 56
109 56
127 16
111 126
111 50
107 19
29 43
119 17
107 80
54 96
109 65
32 58
13 131 31 63
14 60
1 50
0 134 139 95
10 107 125 17 29 42
10 130 17
1 16
50 51
103 50
32 83
132 29 36 5 87
40 42
22 75
58 85
132 4 82
42 58
111 41
103 17
132 17 74
0 52
111 22 7
1 32
116 40
103 60
66 82
114 5 57
107 141
134 25
39 41
2 52 80
119 99
1 42
111 112 38 82
138 32
13 31
65 81
4 59
126 90
132 22
10 132
103 26 4 54
68 94
111 99
111 47
0 81
116 36
21 5
85 99
109 131 36 81
103 48 49 50
138 50
32 67
107 90
109 116 126 17 40 41 5 50 60
119 60
103 114 130 3 41 58 65 7 90
2 42
140 68
111 119
1 17
58 65
22 36
130 60
108 134
41 55
22 99
117 46
111 119 41 50 52 60 82
29 94
103 114 134 136 138 2 4 49
103 4
125 132 47 82
52 58
109 81
126 134 17 72
115 48
20 50
141 88
107 50
116 20 5 62
125 31
58 81
136 17
29 38
126 37
130 4
132 37
58 99
111 71
17 99
40 81
60 99
109 17
19 52
111 19
126 34
130 50
111 56
134 59
119 48
103 126
32 50
22 58
119 42
52 67
1 52 58
132 141 37 75
36 94
3 4
132 65
132 49
56 63
36 38
19 41 50
24 29
109 15
77 80
136 36
13
126 50 58
119 52
1 61
17 24
131 5
132 32
5 65 71
15 41
125 74
119 87
29 42
125 42
141 50
103 111
40 50
4
31 42
109 119
13 130
4 50
102 103
65
119
10 81
17 46
17 26
5 99
129 52
132 17 30 49
103 22
109 3
109 40
47 92
41 50
130 138
110 126
40 58
14 5
17 60
126 36
130 25
107 82
48 72
110 81
136 50
34 99
31 58
107 99
115 17
111 60
67 68
7
125 26
1 58
1 22 50
136 60
119 126
130 135
119 71
119 5
112 50
127 50
116 63
109 40 57
108 22
107 132
126 5 60
111 85
5 55
40 43
56 72
107 138
52 85
50 58
106 126
111 3
29 54
60 85
60 82
17 40
114 31 42
60 69
50 65
136 32
129 7
115 20
101
17 62
111 92
138 47
34 67
63 81
126 99
103 3
132 4 48
111
85
109 141
131 31
1 138
14 82
1 37
39 51
63 99
119 126 17
140 24
127 138
109
126 81
126 27 42
108 110 42
109 29 81
0 32 67
111 42
17 37
109 20
19
24
4 81
138 56
52 7 82
38 39 58
129 24
21 50
50 82
38 76 90
104 129
111 119 31
126 138
35 65
109 99
22 53
17 42
126 32
10 5
32 82
17 25
103 58
49 51
0 5
139 4
25 71
109 138
17 92
125 17
10 17
104 42
111 49
130 74
126 129
141 2
17 20
20 40
114 50
126 65
1 126 56
114 130 89
26
17
29 4
40 56 81
130 40
109 115
111 5 76
130 134 42
130 92
111 131
17 32
103 111 99
56 58
112 20
115 42 65
1 103
141 49
54 81
128 24
109 110 111 130 35 85
109 111 119 14 39 42
74 82
58 9
109 32
138 3
125 20
10 46
109 126 32 42 56 82
109 58
119 21 66
116 20
107 41
17 58
59 80
111 140 26 5 56
17 88
31 83
111 125 126 134 17 60
111 29
102 13
17 70
111 130 132 136 62 93
130 81
36 60
1 119
35 42
126 63
119 36
40 82
1 10
109 125 132 47 50 72
1 6
20 82
103 65 74
109 73
140 80
41 99
107 20
58 7
41 75
1 3
41 42
105 40
110 119
42 84
17 75
52 99
126 59 92
110 65
119 125
107 32
109 142
122 36
138 17
17 57
119 39
140 50
50 85
42
117 4
58 90
103 52
4 58
50 70
119 29 32 56 81
0 58 66
103 126 138
10 4
126 82
126 32 65
123 42 50
50 6
108 93
13 17 22
109 22 80
0 32
109 50
117 141
133 42
126 4
119 20
20 7
130 85
36 50
20 72
109 94
141 56
119 130
111 66
131 82
50 66
29 56
109 37 48
3 88
25 4
137 99
109 131
0 119
119 131
126 50 81
113 22 38
107 126 32
41 53 58
126 50 72
119 22 58
103 109 21
134 138 32
118 40 50
109 139
52 54 59
140 43 9
126 66
108 111
17 52
29 42 88
31 99
4 47
34 80
50 80
42 80
118 141
105 114 56
1 29 56
132 17 90
103 108 43
39 50
106 5 50
119 129 60
107 131
142 42 85
134 17
29 82
18 38
1 109
111 72
113 34
47 67
125 50 67
111 7 99
126
105 30
110 3 58
32 42
42 82
132 50
1 102
138 31
116 126 32
42 81
0 58
109 38
109 7
36 80
1 139 69
37 75
3 50
111 39
113 97
126 17
17 22 42
105 119
36 81
126 50
113 17
112 36 52
14 49 91
115 116
17 63
116 17
131 58
0 111
42 46
119 40 82
17 56
137 40
38 75
132 22 99
58 60
126 5
126 43
10 125 17
75 82
19 82
43 46 72
109 50 52
103 109 17
17 38
1 49
123 85
4 42
32 90
110 22
109 129
13 131 138
126 140
14 17 68
134 22
103 50 79
57 64
13 5
47 88
132 46
17 29
134 82
75 99
109 134
136 81
109 25 67
23 82
48 85
111 112
40 41
5 61 72
130 17 43
126 138 56
107 5 72
50 60 90
19 58 68
134 85
4 56
20 56 99
105 47
1 111 29
1 103 4
109 36
116 130
130 19
119 18
103 134
132 43
20 99
111 5
119 53
21 29
107 111
43 85
1 122
56 96
36 58
130 17
136 2
17 36
17 35
43 65
41 85
126 52 72
1 130 72
1 14 50
114 56
126 41 50
103 90
65 66
103 86
103 50 85
111 125 56
21 58
130 58
34 85
5 92
1 41 82
104 17 5
109 136
16 31
109 41 58
14 49
126 38
17 4
119 21
109 82 96
112 126
138 7
126 73
29 65
115 134
20 54
38 64
40 56
37 38
56 99
17 43
109 112
40 46
0 59
42 93
119 65
50 60
142 46
129 85
112 56
42 47
109 119 17 92
119 132
111 119 122
24 32
107 111 119 130 136 141 17 3 60 84
132 41 51
109 130 132 138 22 81
82 99
37 9
32 36 99
130 14
111 140
126 42 50
102 82
131 36 47
107 142 8
35 63
28 79
119 17 99
1 103 119
0 50
107 17 78
102 136
109 111 17
109 122 124 126 131 134 17 52 81
42 60
107 17 19 3 41 42 50 58 70
63 65
48 99
107 17
107 2 50
119 18 49
111 32 82
42 57
0 119 126
25 75 80
17 90
102 85
111 17 60
36 7
49 50 82 85
70 72
118 132
122 49
125 137 63
0 132 20 92
50 81
107 48
106 119 56 99
106 111 13 17 50 56 65
103 138 58
111 36
0 103 131 56
17 64
109 29 58 81
38 42
42 5
50
109 131 40
119 4
14 22 7
126 16 29 50
129 17
17 19
109 112 138
72 81
139 17
126 42
110 40
130 32
17 18
94 99
40 99
103 99
1 82
107 117
1 54
38 88
110 56
132 48
50 75
2 50
119 2
24 81
119 82
50 63
41 56
130 31
115 56
102 126 132 26 29 42 5 50 65 68
40 75
10 107
109 14 42 50
29 36
29
24 7
2 39
83
102 111
138 42
109 45
41 70
1 20 42
107 7
119 38
0 107
22
114 42
22 65
22 42
5 65 99
116 58
113 138
126 29
129 29
109 35
110 50
10 22
75 85
27 82
40 57
119 22
26 52
62
105
103 41
56 57
119 136
10 67
134
38 85
47 58
36 92
125 17 60
0 47
108 41
103 132
17 5 52
43 50
42 92
42 8
103 29
137 41
105 67
107 109
125 50
49 62
112 113
50 77
14 50
49
134 32
132
43
140 25
40 90
41 5
11 3
107 134
107 110
67
132 17 51 57 60
109 71
10 50
25 52
129 41
104 127
107 119
16
119 134 34
109 130
32 38
14
56
31 40
50 90
128 42 85
125 13
46 60
126 22
109 85
125 15
1 119 136 53 58
56 76
59 63
132 5
1
22 40
103 40
109 13
34 57
109 42
31 58 65
103 119 126
111 114
103 109
14 19
42 91
130 75
1 109 71
1 51
109 137
50 59
62 85
115 132
119 138 52
106 126 134
125 58
117 57
26 79
17 5
49 9
109 126 139 49
68 7
11 138 29
111 119 134
111 26
111 34 56
4 7
31 65
129 32
36
1 17 33 48 50 52 65 85
50 54
126 24
124 32
46 81
17 40 50 51 52 66 67
103 109 126 3 4 50 62 99
126 20 32 42 80 82 90 99
110 22 37 48 50 58 60 65
113
99
42 60 99
136 38
134 52
52 82
111 126 3
111 119 36
17 41 56
103 4 42 56
31 50 58
39 58
17 50 56 74
40 54
111 2 22 88
4 63
126 17 68
77 99
134 49 5 68
17 68
22 50
109 115 138 74 81
1 108 111 58
113 126
116 50
130 17 5 50
17 85
1 41
109 111 5
132 134
110 20 35 50
15 16 29 36 41 42
111 126 22 42
17 31 50 62 88
31 50 98
38 41 51 81
141 42
41 98
118 126 130 4
119 20 82
4 66
39 65
103 130 22 80
112 132 137 32 42
0 132
38 81 99
0 41
130 32 52
3 42
1 20
1 29
31 90
107 60
40 63
109 52 68
50 58 80
110 114 29
47
107 126
41 7
24 37
32 99
42 5 56
110 130
24 31 85
34 50
119 124
22 90
102 29
136 29
36 46
1 14 30 60 71
22 49
58 88
132 29 75
46 95
1 41 62
111 31
125
36 40
10 93
114 81
106 109 136
5 60
132 58
111 24
51 66
105 48 50
42 50 52
103 80
106 119
126 48
58 64
31 36 54
102 40
138 81
111 38 5
0 17
130 50 58
109 5
134 58
124 126
110 7
132 38 42 60
109 111 43 63
24 56
102 109 75
111 46
119 90
127 36 41
58
117 34 35
4 43
40
103 136 41 79 99
119 134 50 94
41
103 22 7
132 2
116 130 138 14 22
109 82
125 24 4 58
132 50 72 83
119 123 138
110 47
37
125 41
1 136 50 79
109 52
56 88
1 22
119 7
126 132
132 42
1 111 82
119 56
123 56
130 58 78
109 134 32 42
72 86
109 63
126 134 37 72
1 109 13
109 110 17
112 50 58
90 91
109 51 58
132 29 46
111 7
14 46 50
130 82
0 126 50
116 126 40
65 86
24 5
58 64 85
107 126 36
41 51
17 20 50 96
38
0 116 119 126
32 41
104 109
111 17 50 72 75
103
114 80
124 52 58 88
0 103 41
126 40 67
103 141 17 20
109 126 40
32 58 80
130 37 56
110 17 22
37 50
104 117
138 36
103 32 38 52
31 80
1 119 71 82
10 132 138 81
119 125 132 60 96
138 14
1 53 72
119 38 50
134 45
114 119 126
5 62
17 45 58
1 109 125 29 50
58 82 92 99
125 17 20
131 134 29 43
0 24 32 81
109 116 134 46
17 4 58
39 41 79
82 90
17 91
17 80
102 107 32 85
106 116 136 46 88
109 31 94
3 7
109 88
138 17 50
138 36 65
17 22 24 42 90
114 17 46
115 125 19
29 34
107 132 48 57 65
4 78
140 26
119 43 85
109 49 5 65
46 90
109 14 20 42 5 58
134 50 80 99
123 139 51 71
1 17 50 58
109 119 60
80 95
126 88
10 111 119 4 50
136 54
103 111 132 19 83
109 59 94
3 56
132 17 58 77
134 17 7
102 17
51 71 72
109 90 91
1 104 109 38 39 50
118 81
103 30 7
122 126 50 56 60
111 29 31 74 88
105 34 48
22 37 57 60 65
126 60
126 14 42 60
14 3 51
109 14 20 9
109 111 119 19 50 58
132 50 54 85
109 137 140 141
130 132 50 52 60 80
1 125 17 50
56 68
3
116 119 88
104
91
136 139
107 50 75
108 132 39
25 56
141 50 85
132 17 20
0 11 131 4 46
37 80
138 17 37
110 57
1 10 107 60
31 81
109 17 58 65
109 140 3 32
131 17 22 82
109 136 26 68
29 36 58 82
136 4
107 111 14 56
104 132 50
0 119 135 5
116 130 36 67
24 40 65 73
123 24 56
126 54 68 7
107 119 58 82
19 26
130 138 31 68
138 38 42
126 56
31 56 60 85
109 39 51 63
1 125 131 134
58 75
0 37
101 126 136 93
113 138 91
112 99
126 136 7
20 88
109 126 7
1 109 119 50 85
138 58
1 107 111 17 88
0 104 17 41 63
119 56 65
40 52 74
29 42 62
132 138 48 50 92
111 50 66 68
109 119 50 51 72
111 119 34 42 71
1 119 37 50 58
11 122 126 17 99
10 139 58 60 70
137 17 36 52
1 26 50 75 92
109 124 125 40
111 17 37 97
109 2 63
111 119 129 58 82
112 125 22
107 22 25 50 60
109 29 56 62 84
102 126 5 60 94
109 17 58 9
111 19 31 58 81
136 42
0 105 119 4 46
0 126 138 49
111 42 65
103 107 130 52 7
109 113 125 41 68
109 17 32 39 66
122 125 13 29 50
119 126 17 43 44
104 132 137 22 39
35 37 39 48 72
125 136 61 63 92
109 20 85
108 109 140 141 7
17 24 51 88 99
0 15 16
14 17 97
126 17 22 4 5
0 134 72
18 92
111 17 50 85 95
20 47 56 58 68
17 82 92
109 138 14 50 88
106 134 21 4 63
107 142 58 79 99
111 50 56 58 68
111 58
1 119 129 50
126 3 36 38 52
17 31 42 60 99
1 36 41 56 90
1 103 138 140 21
114 126 136 31 92
102 22 60
1 19 90
116 50 83 94 99
103 133 17 41 50
103 22 34 80 99
103 109 111 27 29
141 29 81
10 116 129 139 90
17 24 48
104 126 18 40 63
111 114 17
10 109 111 132 42
111 22 56 65 81
110 24 32 36 66
102 130 52
13 22 58 62 85
1 119 17 24 50
1 39
107 137 140 5 51
107 17 41 42 99
109 140 50 54 91
126 14 22 49 50
109 110 131 29 80
103 109 111 52 86
1 111 17 49 75
111 52 81
0 126 48 50
114 126
29 58
25 51
119 31 32
54 82 96 97
31 50 67
126 20 42
31 5
126 60 88
109 130 42 91 99
126 35
109 119 88
119 130 58
24 85
103 129 130 138 42
17 49
109 60 82
111 130 29
129 17 5
114 24 60
114 132 22 50 56
111 17 36 37 58
110 48 85
13 2
71 97
103 20 34 42 46 54
103 108 52 72
0 130 22 7 80
39 49 58 60 66
110 136 17 63 72
0 107 119 90
119 29 41 85
130 38
103 119 26 5
32 51
125 131 15 4
126 17 49 60
106 126 17
104 130 135 60
107 127 36 58
107 50 62 68
131 22 9
109 119 68
119 126 38 92
119 36 50 99
54 82
50 63 9 92
131 17 64 80
29 32 51 56
32 54 99
0 103 50 60
107 38 58 85
36 50 58 67
107 17 29 65
107 119 126 82
109 138 46
119 37
35 49
109 42 80
109 111 42
0 10 49
119 22 65
111 63
19 35 4 81
130 39 7
136 14 42 98
40 58 83 93
111 130 92
109 16 42 58 7
102 17 31
1 111 81
118 126 142 41
111 34 50
138 22 29 92
107 121 16
19 39
5 50
111 137 34 46
142 81 98
126 13 36 37 4 74 85
105 111
3 70
131 39 41 65 95
126 2 36 50
125 126 133
141 17 50 90
111 134 82
132 56
60 74
50 52 56
119 17 50 60
10 22 60 91
109 129 4
1 43
109 62
1 17 48 60
109 124 132 60
103 108 17
4 56 72 82
124 125
37 54 80
107 17 65
2 49 58 81
119 17 58 82
1 134
101 109 60 74
136 40 50 58
109 126 29 42 56
109 119 41
138 26 58 81
105 126 17 50
114 119 36 60
126 142 66
134 138
109 126 137
107 42
0 114 119 58
110 43 57
50 68
0 130 41 98
38 4 81 99
36 52 99
111 80 96
17 41 49 72
52 62
102 36
17 58 64
119 127
1 109 92 99
50 99
111 22 4 5
50 61 82 90
126 138 140 17
111 127 132 63
103 138 39 85
103 109 62 99
126 56 63 7
1 40 7 99
112 18 40 63
104 109 42 85
108 112 126 58
102 111 139 53
112 39 42 52
0 58 84 94
130 136
140 17 41
4 85
10 4 94
107 130
1 5 60
0 126 81
109 119 141
136 70
13 25 64 90
129 58 67 7
132 4 7 85
36 37 50 80
10 17 40 58
16 42 50 66
109 38 60 93
126 142 17 66
111 115 119 17
125 17 19 37
32 41 99
107 9
130 40 63
42 83
126 80
109 141 81
125 36 50
72 91
130 21 56
103 57
126 39
50 93
57 63
18 36
103 112 3
109 110 114
132 37 4
110 50 90
111 47 48 52 66 80
17 22 25 58
110 111
64 75
126 41
42 68
126 20
107 65
107 17 63
1 34
109 20 71
121 4 50
103 17 2 81
17 20 39
109 141 18
119 49
130 36
125 138 58 68
0 132 45 60
22 36 42
56 80
103 132 58
109 17 29 60
130 141 52
136 51
109 66
109 131 41
1 107 43 52
29 50
107 3 62
39 80
36 95
22 5
34 98
5 54 60 96
130 56
119 36 81
29 72
0 111 38 82
58 92
34
125 28 50 7
119 5 60
42 50
109 5 88
109 126 130
0 36
28 4 5
119 50 51
126 29 52
43 67
1 109 38
110 38
103 136 17
140 5 56 72
17 7
129 132 17
58 63
20 42
102 111 81
102 111 24
43 99
50 88
103 109 50
111 130 49
109 125 23 63
138 139 14 31 50 7
105 50 60
115 126 42
119 92
132 35 39
141 32 9
119 140 38 41 81 85
109 29 92
36 5 54 82
132 39 42
129 141 58
105 110 125 85
142 29 4 63
109 98
17 31 65 98
39 48 67
112 141
109 37 56
74 83 9
26 50 75
119 38 81 99
111 135 29 40
19 36 65
50 92
10 39
103 109 132 17
126 130 140
103 141 32 54
109 119 122 99
111 141 32
126 17 9
1 107 111
24 40 42 5
32 50 58
1 50 63 65
103 24 56
132 58 90 94
57 61
10 29
125 126 22
36 39 41
103 113 17 83
126 134 42
119 29 90
1 111 126 138
123 18 30 31
103 50 52 56
126 4 60 82
14 31 32 42
111 126 141 60
103 132 20 63
111 17 50 54
0 109 20 27
40 93
109 111 119 34
54 71
103 22 36
109 4 48
37 40
111 140 34 37 6
11 126 91
142 4
109 52 58
0 118 50
126 17 50 63
17 36 50
126 50 51
110 131 85
132 60
41 90 99
124 37 49
109 17 25
119 129 64
42 43 72
73 75
126 4 56
125 22 50
111 42 5 50
57 99
0 102 60
37 60
111 126 41
108 17
109 123
107 131 99
17 22 56
132 4
104 17
31 50
10 119 17
22 41
36 90
119 32
130 59 60
109 119 17 50 58 60 85
0 118 17
110 126 132 22 4 40 94
132 68
71
138 34 40 63
102 126
109 119 17 4 50 75
119 75
41 58
109 111 4 52
103 109 111 115 20 37 4 99
126 141 36 90
111 52
130 66
121 58
122 17 4 50
24 62
103 119 4 65
39 65 75 85
1 140 50 94
29 99
1 85
109 34 65
103 7
113 17 49
105 20 34 46 48 50 58 80
107 2
109 14 32
107 49
111 35 75
50 74
24 65 72
1 46
119 41
5 80
19 41 52
42 85 99
29 48 98
22 47
111 22 4
103 17 60
102 111 33
17 21 85
103 53
1 103 110
1 114 99
109 15 22 40 41 46 50
46 57 85
132 24
116 38 40 52 53 57 90
111 129 21 31 38 5 52
38 72 82
17 22 34 41 52 93
103 17 24
14 17 54
80 85
0 139 34 63 85
123 126 58 90
106 119 125 63
108 111 118 119 125 138 15 20 22 23 24 29 36
0 109 111 40 43 48 58
103 108 136 50 80 99
105 65
5 56
111 138 5
31 56
0 119 131 29 40 52
134 17 64
65 75
113 29 92
138 42 60
104 41 42
110 50 8
24 42
113 51 63
1 38 82
140 63
10 109 50
127 65
3 32
111 90
102 56
51 56
60 81
109 126 42 56
1 5
32 40
119 17 5 50 58
111 113 141 19 36
111 125 25 32 9
41 62
138 17 36 4 46
31 4
141 82
109 19
123 60
0 68
5 83
119 136 36 65 99
126 14 22 70 80
141 32 39 40 76
125 99
126 15 28 32 65
132 17 3 42
109 83
17 39 52 65 85
107 111 114 29 35 42 60
111 122 125 4 48 60
49 80
17 93
111 34
126 131
119 57
107 26
111 67
109 126 20 40 46 60
103 66
36 97
59 99
1 118 119 32 63 82
119 126 19 4 50 82
103 17 42 56 71 82
109 116 125 126 47 56
119 81
32 39 51
102 46
109 49
49 90
38 41
108 38
111 81
58 80
22 81
125 21
109 136 140 20 38 54
110 99
133 20
136 63
109 60
127 35
108 109
14 26
48 56
119 17 40 47 60 85
70 74
1 103 107 29 4 75
59
134 51
119 126 37 58 82 95
111 130 136 63 72 82
109 119 50 63 72
74 75
126 58
19 90
107
119 137
10 109
20 67
108 73
0 10
118 14
136 80
109 92
140 50 65
113 19
140 52
131 34
32 80
126 17 20
119 126 38
102 50
1 39 95
10 34
111 17 38
54
3 81
17 72
111 22
119 40
38 81
10 111
41 72
13 50 58
36 4
49 58
48 90
138 24
105 5
142 5
138 20 66
136 56 75
112
32 69
1 111
22 57
104 141
129 3
49 56
106 5
125 51
136 9
46 58
25 5
111 37
93
134 17 51 88
138 139
107 81
5 58
37 58
132 20
126 98
103 38
139
32
115
110
72
119 138
38 50
115 22 67
125 130
4 60 70
103 75
132 88
123 50
109 14
0 141 17 5
27 65
16 17
36 37
125 81
3 39
29 60 70 98
138 41 63
107 111 4
110 131
26 54
7 99
119 3
24 60
10 60
130 48
107 129
42 85
42 70
1 102 109 111 22 25 32 36
0 13
119 58
105 119 137
137 54
54 62
126 36 72
42 63
57 7
112 119
1 136
5 52
105 50
142 39
10 56
132 17 99
17 34
126 38 43 82
14 34
134 50
111 129 132 20 36 5 50 51 58 60
111 137 36 48
39 5
125 126 136 47
102 109 29 43 69
1 130 142 32 49 5 50 62
103 110
4 56 65
102 109 110 129 131 134 17 29 39 42 5 50 85 99
102 58
131 17
46 52
90 96
119 134 17 42
135 36
10 90
17 36 41
112 52
107 5
103 126 50
123 134
116 27 42
119 29
114 119
102 132 17 29 82
1 102 119 20 82
50 57
108 77
81 99
131 20 50
103 116 119 126 5 50
127 17
111 138
38 99
110 90
110 52
139 20
107 91
129 42
17 39
119 20 36
10 140
130 137 138 17
130 134 29
107 17 67
54 99
126 59
52 63
126 75
0 109
10 36 41
22 39 81
124 130 81 88
126 136 43 90
57 77
56 62
22 60
40 80
103 112
118 60
82 94
20 71
1 63
13 31 4
109 57
110 4
32 5
15 71
31 32
141 17
60 65
133 17 60
0 36 50
42 57 75
113 24
139 14 26
129 99
107 4
85 92
132 58 82
36 65
3 53
126 17 50
26 72
11 81
109 37
137 32
118 35
25 86
0 138
20 31
20 22
4 90
132 7
48 50
130 22 56
117 119
56 82
131 42
106 132 20 82
40 60
107 25
5 94
10 102 36
14 42
25 80
0 142
103 104 112 25 60
0 3 34 41 60
17 20 42
34 74
4 67
116 42
32 56
132 71
141 42 58
32 39
17 9
64 81
39 85
11 17
13 17
4 41
111 57
111 51
123 126 134 85 94
3 85
126 13
36 58 65
29 39
17 95
126 84
20 52 56
36 99
130 141
10 110
66 72
20 75
4 82
103 130
138 4
17 81
17 71
16 36
7 98
4 49
1 132
50 67
107 43
21 80
111 48
38 90
102 109
31 60
138 60
63 80
126 52
126 22 50
111 129 60 85
117 128
71 88
81 98
136 65
71 72
132 14
131 65
36 42
1 126
27 38 65
132 138
115 126
36 72
21 50 56
46 49 50
70 85
119 79
32 81
130 22
20 63
126 35 67
111 132
110 24 50
1 46 99
109 69
116 131
17 87
2 70
39 61
46 73
24 39
20
29 88
52 78
22 92
25 37
123 41
56 9
129 41 60
49 82
32 57 60
102 129
20 37
116 2
60 75
139 50
16 4
119 24 32 56
49 66 96
109 4 80
111 68
121 9
1 103 85
104 139
103 85 95
29 90
119 31
58 68
111 25
22 4 42
20 39 45
1 36
71 75
10 58
113 134 29 88
131 37 50
11 60
22 51
32 92 99
130 20
36 56
122 126
47 81
5 54
104 107
124 49
119 58 60
34 58
131 32
5 58 7
109 12 88
139 56
137 42
103 73
21 4
5 67
110 126 28
3 90
138 65
38 56
1 58 87
111 94
130 132
131 134
103 50 67
141 29
38 57
1 38
109 114
5 90
119 43
111 38
132 39 50
132 59
111 119 65
122 60
134 17 50
130 52
46 5
52 57
50 9
19 60
119 88
117 50
132 15
132 21
141 51 62
35 75
111 20 48
29 60
115 64
134 19
28 58
17 65
124 48
19 92
17 34 88 93
124 126 140 22
107 38
119 8
42 65
10 97
53 56
136 41
17 5 63
103 121
18 88
132 19
125 136
137 20
42 99
76 82
33 38
111 67 80
109 119 131 5
38 51
138 75
40 5
103 81
123 136
134 42
42 95
10 85
17 50 92
1 103 7
112 14 48
119 32 75
111 130
117 20
54 74
119 132 137 50
138 15
1 39 50 52
21 22 40 75
123 37
136 52
3 49
36 52
29 81
39 43
24 31
54 88
2 32
10 129
62 81
34 42
116 13
119 36 53
36 85
106 107 126 17 4
110 132
56 85
38 80
111 126 41 56 57
103 85
109 29
1 56
61 80
50 98
24 48
7 93
49 50
38 52
134 140 5 50 81
58 62
105 94
38 92
12 134
114 63
135 80
142 17
5 50 58
0 126 5 54 60 81
107 35
18 32
10 33
3 5
36 47
40 85
112 58
1 75
29 5
111 73
10 119
22 43
116 118
36 54
103 42
29 92
136 56
31 48
58 76
7 72
114 99
119 70
66 85
1 111 5
49 80 90
33 58 82
15 50 58
104 109 42
111 130 34
32 71 9
0 112 50
131 80 81
111 126 40
132 36 53
119 132 78
109 36 56
127 52 58
50 60 85
109 42 51
38 43 50
109 119 47
32 92 98
104 115
29 42 50
103 126 52
126 19
109 111 138
107 119 29
50 56 75
10 114
4 57 60
20 35 41 50
103 130 99
130
20 4
132 14 7 80 82
129 132
103 17 3
0 31
103 56
110 57 91
111 80
136 16
109 41
103 119
42 56
104 14 80
136 41 85
140 22
20 52
123 90
17 25 99
17 22
126 61 63
132 17 29 50 7
119 17 52 63 82
21 22
119 56 68 80
111 3 7 97
107 119 52 85
14 79
109 31
103 63
114 65
125 22
103 60 7 72
111 50 60
109 126 64 86
41 59 81 97
139 22 65
39
111 112 140 58
1 109 56
115 125 81 9
10 125 126 130
136 37 42 99
109 17 57
132 50 82 88
130 5 50
88 90
118 126 42 82
1 123 20 36 67
109 119 49
111 119 64 67
1 107 126 26
17 36 43
40 51
109 125 39 5 52
1 110
105 137
17 41
54 80
60 63
0 31 65
119 17 20 29
17 41 58
138 82
125 141
17 50 58
37 7
134 48
122 135
1 125
1 125 39 48
31 33 7
121 82
10 36
110 126 50
122 130
126 95
126 3
126 70
1 129
140 82
104 111 17
129 63 80
137 50
138 48
119 28
50 72
126 25
103 72
20 59
132 136
142 60
119 126 58
52 65
142 32 56
26 4 85
109 79
131 68 92
140 58
111 138 4
15 74
132 20 25
18 50
4 60
52 7
125 40 5 79
131 41
29 3
5
107 63
56 81
62 99
106 50
107 58
126 134 71
132 46 50
104 111 112
25
115 76
17 82
5 57
119 80
110 82
142 20
103 115
126 74
80
130 88
141
51 82
65 7
0 4
56 92
116 119
26 80
60
79
136
9
31
90
75
109 39
138 4 50
107 43 88
57 74
14 5 67
22 56
114 52
107 88
109 118
82 98
130 42
5 85
1 107
102 81
81 97
110 36
41 92
41 90
29 85
142 3
129 130
103 129
47 99
126 67
13 130 46
126 134
39 81
126 14 91
48 81
109 52 92
103 107
0 1 90
1 35
103 39 5
25 48
56 67
126 130
116 17 37
48 60
111 38 81
10 130
17 31 42 54
126 40
16 6
126 6
40 92
138 42 81
47 7
118 126 54
108 125
41 81
17 52 76 90
125 139
121 131
32 34
32 37
111 36 90
31 49
107 31
0 75
77 95
109 132 58
119 54
119 126 17 51 82
109 68
5 65
42 5 50
0 126 90
0 109 50
39 67
30 4
104 70
1 103 111 126 132 75
109 4
138 70
110 132 29 40 60 63 64 81 88
111 74
20 40 42 58 73
60 7
141 45 50
111 37 39 4 65
107 114 3 56 60 65 71
10 65
138 43
14 58
136 53
103 36
4 68
4 84
138 67
111 125 126 139
0 139 58 99
111 125 140 60
137 42 50
20 36
52 66
102 42
1 110 119 32 39 80
17 48
109 132 50 92
41 71
107 109 60
126 91
114 125 22 25 32 75
106 22 38
109 111 32 39 50 52 92
17 58 91
132 137
111 125 126 5 50
39 45
24 3 41
49 50 61
138 17 38 41 81 85 93
111 50 72
72 75
10 105 109 13 38 50
130 4 60
20 46
110 62
1 103 110 119 131 142 5 50 88 90
103 110 130 134 17 20 36 82 90
132 140 141 32
1 130 132 34 40 56 58 61 72 99
56 86
0 108 126 129 134 29 42 47 5 52 75
108 36 54
52 58 88
107 125 126 132 42 64 85
103 111 131 17 20 4 42 63 80 81 90
138 80
129 130 132 17 24 36 46 50 51 58
109 43
13 137
103 126 131 138 139 4 56 7 82 92
22 39
126 15
103 116 129 133 138 40 5 54 85 94
127 130 17 31 38 40 48 49 5
20 81
24 65
119 126 139 32 50 56
111 113 132 138 20 50 58 80 90
1 111 130 43 5 50 56 93
22 62
109 123 126 49 5 50 85
111 65
0 105 111 42 50 54 70
126 20 50 58 63 81 82 83 85
116 67
109 111 119 136 20 68 69 7
109 125 36 4 50 75 82 98
126 136 35 73
140 74
13 41
42 72
111 24 40 5 50 51 7 80 85
111 112 130 22 46 50 56 81
1 12 130 132 141 5 56 71 92
108 126
108 125 83
111 119 17 50 60 63 82 92 99
1 111 126 20 48 5 63
107 110 115 119 136 138 17 32 50
25 47 70
16 57
138 29
123 51 85
11 129 130 17 3 36 50 90 99
26 57
49 7
141 22
115 37
111 15
0 126
109 112 114 119 122 51 53 83
1 26
41 46 48 50
107 117 126 141 19 5 50 60 98
14 81
109 25 39 4 40 50 63 99
0 42
104 17 29 35 50 7 75 99
3 99
114 60
42 75
111 125 126 130 17 57 58 60 67
108 64
49 68
0 109 110 131 21 42 56
31 69 85
26 92
1 141
135 99
43 74
67 88
4 65
20 65
18 49
1 92
125 20 31
105 111 127 42
138 22
115 137
33 36
1 142
29 41
5 58 88
131 29
47 56
129 67
106 36
22 34
13 138
127 60
109 110
113 4
113 74
130 5
58 79
63 7
20 26 49
24 68
40 48
109 132 50 58
26 60
137 49 82
130 137
131 70
109 34
0 60
119 139
50 55
31 36
119 130 52
68
142 42
109 91
103 47
119 139 22
1 34 96
103 126 36 71
1 116 121 5
119 137 58
122 20
0 76
3 36
46 7
112 40
82 85
35 66
17 38 94
126 63 92
119 22 67
102 107 17 98
138 71
103 84
104 126
109 51
109 47
105 135
68 85
130 26 31 71
119 130 136 39 58 67 90 99
1 111 68
22 63
126 141
131 14
4 57
114 14 42 56
142 50
1 109 17 58
119 34 4 58 65
1 119 132 138 15 5 52 58
126 3 58
102 109 119 130 134 17 20 41 62 81
109 22 36 38 39 49 50 80
103 130 136 50 58
123 20 73
103 126 24 46
63
109 125 129 37
5 9
121 126 50
32 97
34 88
139 71
110 60
38 48
22 56 58
10 116
20 60
109 129 132 17 38 81
101 3 50
1 106 109 119 125 17 50 58 71 85 88
107 111 137 32 42 58 60 81 85 97
19 50 58
107 109 110 132 14 17 3 33 47 66 67 81
109 111 114 125 22 29 50 58 63 74 88 90
109 111 119 138 139 140 141 38 5 50 52 62
108 110 130 17 20 41 42 49 50 98
48 65
109 20 22 25 32 40 85 86 99
54 85
109 110 125 126 22 4 50 56 58 62 82 85
108 3
104 111
112 34 5
109 129 130 132 17 50 60 72 99
107 109 130 29 41 49 50 52 65
103 111 127 134 138 17 26 3 4 56 99
109 111 125 132 136 139 17 31 40 60 65
116 41 58
58 83
109 136 141 20 22 29 36 43 50 81 99
110 119 41
119 134 141 17 24 36 56 58 60 75 80 88
1 88
46 49 5
0 103 109 119 22 42 50 52 60 99
28 90
1 125 50
109 126 138 14 17 20 22 36 42 5 65 72
103 126 17 19 3 35 50 58 74 88 99
49 60
58 73
131 79
54 60
129 47
1 29 32
1 106 11 111 126 22 29 3 36 38 40 43 49 58 69 7 81
25 54
142 53
141 84
130 3
129 141
81
86 88
24 80
107 3
60 68
122 125
129 20
111 116
127 20
1 26 82
138 99
134 4
138 49
111 39 71
111 18
60 94
125 4
130 64
114 41
39 75
17 40 84
141 24
137 59
114 24
40 91
60 64
109 20 48 58 82
57 60
3 60
81 88
128 5
107 62
107 125
131 59
127 40
34 92
37 43
110 29
107 39
0 85
109 116
115 119 50 52
107 139
102 5
125 126
130 20 47
0 14
136 26
38 39
46 99
111 22 58
111 14
59 82
119 139 59
20 21 51
111 114 42 58
36 5
130 37
102 112
105 32
111 64
25 29 50 56
111 119 26 42 62
103 109 125 17 31
15 60
1 103 17 33 42
29 73
102 4
110 119 17 71 75
17 96
109 17 4 50 75
103 109 22 25
107 112 115 129 60
126 39 67
130 139
1 104 126 15 50
56 60
140 88
118 42 50
104 20 27 46 56
126 135
103 111 123 52 60
111 36 52
116 20 24
10 109 126 134 24
109 22
119 32 5 85 99
50 7
140 40
105 132 21 81 82
17 31 37 39 5
109 20 50 57 91
125 126 41 50 57
106 107 17 29 94
103 138 49 50
108 119 19 41 57
106 116 49 56 81
1 119 5 80 90
132 38 46 50 99
111 32 42 60 91
112 116 132 56 90
111 126 19 40 42
17 20 29 35 56
119 26 4 50 72
109 36 60 82 85
103 132 38 52 65
103 139 58 66 78
22 35 40 46 52
109 126 129 36
40 49
134 62
3 40
119 95
110 122
118 17
58 72
13 52 75
102 71
104 40
52
141 52
0 22
122 63
38 73
119 141 50
15 17
136 24
25 39
109 121
1 111 50 73
103 126 4 85
17 22 34 48
0 132 29 46
107 119 56 65 99
126 130 141 57
139 82
111 119 99
32 38 58
109 26 3 50
43 45 56 58
22 52
126 137 35 90
129 14
36 70
119 137 3 36 62
4 53
82 95
107 109 85
38 4 60 7 85
109 119 35
39 74
49 92
105 82
42 51
104 72 88
134 81
137 51
0 46
14 4
0 34
109 97
18 73
112 22
109 129 142
119 14
12 19
56 93
32 36
103 17 22
107 56
138 64
36 51
22 85
25 99
119 23
123 68
50 64
75 83
139 31
102 126 58
67 85
14 99
65 99
52 83
38 68
50 94
130 59
4 92
37 72
17 20 60 82
136 22
138 84
57 67
60 98
119 51
107 75
110 63
1 131
45 72
111 141
4 40
59 81
52 80
126 87 99
132 90
136 5
124 38
22 46
38 66
109 119 129 32 50
138 38
119 17 35 42 99
110 26 36 42 50
102 111 119 139 87 99
142 61
107 119 32 61 70
109 134 29 52 87
109 111 51 72
125 142
101 35 40 81 9
14 80
111 126 34 40 7
5 74
36 38 46
107 111 130 41 56
124 58
4 5
132 29
126 22 35
107 4 42
108 111 135 7 85
107 50 56
131 20 38 50
107 125 49
51 57
24 58 99
47 82
127 34
51 65
117 119 17 32 58
109 111 22 40 41 56 58 85
56 64
92 94
10 109 112 130 17
126 130 132 58 90
110 48
109 131 134 20
0 48
104 142
1 40
129 4
131 136
3 46
130 39
109 86
118 50
50 51 81
10 106 111 129 62
111 70
0 109 17
50 60 62
38 6
46 82
134 138 67
10 103 48
129 14 58
107 32 50 56
107 17 22 5
10 109 34 54
31 37
29 38 52 82
138 37 54 99
29 5 82
107 17 48 80
105 109
1 111 14 29
24 4
109 123 5 58
0 123 46 52
103 5 85 88
142 65
103 33 36 60
129 31 38 58 94
102 126 48 50
109 48 60 65
104 119 20 56
0 54 56 99
0 103 36 38
106 109 111 63
109 36 39 5
103 14 56 58
1 109 4 56 91
1 38 58
107 24 36 50
110 114 35 56
110 44
1 116 50
141 73
135 138 74 81 92
114 119 52
0 22 36 85
1 71 81 99
111 134 50 51
50 58 68 80
109 130 139
17 32 50 60
111 17 22 83 85
109 135 24 61
109 110 111 119
0 56 7
109 56 80
109 50 58
22 32
103 116 42 5
126 49 52 58
22 31
52 60
25 41
111 119 68 98
103 72 85
17 34 4
5 95
111 126 49 58 85
20 40 65
104 113 142 38 40 87
107 52 90
29 37
119 126 74
109 141 50
109 29 58
134 40
32 52 74 85 91
29 36 68
126 32 4
109 110 20 46 50
119 126 136
46 58 80
0 10 109 36
109 31 98
106 126 5
139 32 50
1 140 48
54 58
129 141 5
126 52 59
121 60
137 57
0 41 48 61 65
22 4 40
116 70
125 74 85
111 131 3 50 52
118 119 130
105 50 78
107 4 5 79
5 82 85
111 4 42
138 139 17 51 59
118 24 32
109 141 22 3 80
111 17 92
112 114 125 65 99
21 56
119 129
109 41 50
134 138 17
125 131 58
1 110 21 29 39
130 131 138
142 52
126 17 29 31 49
103 109 47 50
113 42 49 50 60 65
111 126 141 7
110 22 5
50 97
112 39
102 136 32 50
111 126 45 62
109 126 31 60
132 56 63 65
125 46
0 17 42 7
109 129 132 45
122 139 22 32
15 38 50 68
134 22 41 57
126 136 31 42
119 5 65
107 136 142 26
109 138 50 57
134 63 80
3 58
109 54
109 141 17 99
33 60
116 59 94 99
22 70
112 116 50 60
111 38 39 60
103 110 51 90
1 111 35 93
135 41 43 7
103 119 29
130 50 85
17 56 85
119 35 39 50
20 39
17 36 57 75
109 50 60 82
103 17 42 64
132 26 4 58
63 92
17 19 32
107 22
109 114 80
119 18 20 63
109 124 41 60
17 3 57
125 17 22 46
132 17 38 85
130 132 32 90
1 17 60 81
14 60 99
125 17 50
110 119 19 60
132 66
111 22 32 4
116 38 71 94
111 114 17 75 81
109 142 36 5
26 5 57 7
103 74
119 66
17 24 38 56
10 34 5 56
50 62 70 99
116 14
13 29 60
107 110 119 132 31 58 67 85
132 41
111 126 34 42
103 122 57 58
138 74
110 40 5 85
103 68
109 130 38 46
48 63
43 81
1 130 29 58
119 17 22 68
111 20
109 111 130 81
111 136 32 42
112 17
63 91
22 48 51 58
101 108 17 2
132 136 65 73
105 107 109 40
129 134 41 82
118 22 50 58
107 130 51 78
63 64
10 111 60 62
126 64 90
111 31 50 65
134 60 83 85
0 63 81 82
10 41
140 32 42 6
119 40 7 74
126 31 36
24 31 4 65
15 42
107 40
103 140
125 56
112 16 39 99
107 115 138 99
114 19 43 58
0 141 63 90
48 50 67 78
126 17 25
107 116 19 60
126 142 17 70
125 17 25 42
109 111 125 17
119 52 56 92
103 25
132 40 50
112 63
125 130 17 37
103 112 126 132
118 17 7
109 140 17 72
109 132 5 65
130 141 20 3
102 109 141 22
112 50 7 74
129 50
116 17 42
1 22 31 68
122 42
132 50 60 75
107 126 50 90
132 17 19
118 119 17 50
10 4 7 74
119 37 58
117 129
3 5 99
125 17 40 41
109 17 20 49
103 138 140 17
111 5 52
140 50 51 52
111 40 41 50
1 17 42 92
132 141
25 68
131 17 36 88
0 110 17
132 17 42 50
0 1 17 58
108 109 14 7
126 19 20 50
10 109 41 72
0 57
24 58
130 17 22 52
119 126 130 136
17 25 50 65 81
110 126 64 81
134 42 81
29 50 86
114 24 42
126 136 91
132 134 31 34 40
36 50 92
118 141 94
126 3 50 51 90
125 126 14
134 56
111 34 60
1 50 68
10 126 17 22 58
111 62
17 5 80
38 58
10 109 23 66
17 22 50
4 42 50
111 136
103 109 31
115 130 137 4 81
126 17 36
108 138
39 5 58
45 50
114 43 90
115 31 50
126 129 54
132 49 50
109 22 40
130 26
125 85
0 129 72
0 40 82
102 122 50
108 29 5
126 58 7
109 126 48
102 119 140 81 82
109 119 126 14 17
1 19 35
111 132 50 58 80
31 4 82
114 31
114 126 141 34
17 73
109 29 50
111 17 25 60 64
134 40 72
17 65 99
137 7 79
103 45 49
134 19 25 46
4 46 62
139 77
22 91
122 42 78
107 60 66
119 126 50 58 65
106 32 49
109 17 41
1 108 55 63 65
125 134 38
32 38 62
10 111 42
114 125 50 56 71
142 81
109 28
41 67
141 58
103 109 119 31 80
119 125 82
108 4 93
34 58 82
15 22
1 138 20 42 92
1 109 58
119 52 60
10 126 67
140 32 57
1 126 4 58 7
109 111 65
141 85
122 72
40 49 51
47 55 74
119 132 40 94
130 22 50
116 3 50
126 31 89
0 116 50
138 29 36
4 48 81
1 50 52 75 98
109 130 17
0 20 60
107 109 25 81
111 51 85
115 17 52
109 112 36
39 5 81
103 116 20
107 29
15 3
134 32 39 42 47
0 109 111
38 48 56
111 137 20
39 42 51
111 119 17 60 72
140 31
42 5 81
109 111 20
56 94
110 93
114 41 84
119 51 92
106 110 134 50
41 58 94
42 58 74
102 56 64
119 125 132 3 42
132 20 75
41 50 52
25 51 58
136 85
103 111 119 126 26
41 58 82
1 36 49 50 81
111 126 85
111 119 14
80 81
141 76
119 17 7
38 82
17 76
103 111 126
107 20 66
132 97
109 31 71
1 12 50
109 38 85
141 23 92
17 42 60
77 94
119 130 17 47
81 94 98
106 80
1 103 42 50
4 42 46
114 22 53
119 126 32
17 64 71
24 50 62
103 34 62
1 107 130
125 24 94
119 126 52 54
112 80
111 15 22
136 58
138 63
110 119 19
32 49
0 109 136 36 60
126 27 5
24 38
103 82
129 4 51
109 72
3 32 85
136 49
29 56 81
43 46 47 5 60
109 134 17 47 7
119 22 76
5 63
103 130 86
4 94
58 82
139 58
132 69
129 22
109 64
126 38 42 49 50
25 49
41 79
103 132 140 5 60
50 79
126 2
127 72 82
42 66
106 17
32 57
102 125
109 126 56 62 82
1 76 85
26 3 50 58
130 139 17 56
103 119 62
116 138
107 42 58
103 14
119 137 50
107 126 48 67 85
101 119
36 42 5 51 67
129 134 141 71 92
1 65 81
25 88
111 20 56 58 72
14 78
114 75
39 49
111 123 125 20 41
57 81
105 4
136 52 65
20 51
107 134 17 50
119 93
16 17 54 65 85
25 29 41 50 99
112 127
103 15
110 20
14 56 82
125 29 95
49 5
112 34
138 72 74
136 75
109 50 9
108 81
109 139 22
36 63
109 25 56
20 29
22 51 93
127 32 58
111 82 98
1 131 17 49 56
130 17 39 50 52
14 52
38 5 52
125 56 79
107 132 134 25
14 17
126 93
131 81
130 5 54
17 67
40 65
119 67
125 24
115 60
109 119 140 60 85
111 43 97
42 79
111 42 46 50 51 75
130 138 68
116 13 132 62 85
106 68
26 52 85
40 74
110 32 5
0 110 41 54 56 58
39 6
106 109
112 17 40 50 65
51 97
22 4
0 1 3 82
123 96
122 138 20 32 5
1 104 34 68 82
136 138 41 52 7
109 126 136
109 22 7
30 54
104 72
109 110 31 58
119 28 47 72 84
124 50
110 66
21 53 80
142 63
135 17
31 50 60
22 40 60
1 126 42
111 24 75
39 98
10 83
17 24 96
1 10 109
107 109 17
0 40 60 92
137 4
119 46
46 75
31 82
100 50
113 40 56
104 116
56 70
47 50
103 16
14 142
102 7
101 56
124 99
121 7
106 18
17 31 92
33 50
0 130
114
123 24
126 85
114 29
32 60
10 108
0 55
0
108 50
107 134 32
127 96
103 39
19 50
134 74
108
136 40
125 31 40
111 142
104 9
111 19 50
3 37 39 50
112 60
107 37 72
14 65
77 82
4 99
130 7
111 112 141
19 20 88
22 38
107 140 22
109 46 62
35 43
112 53 71
52 72
17 36 40
129 49
132 80
19 99
29 66
14 32
109 127
1 14 99
22 40 54
116 126
17 32 90
0 28 42
109 141 20
119 63
22 25
88
102 90
34 4
74 81
15 36
36 75
119 65 9
10 136
102 17 42 65 67 80 91 99
3 41
126 46
111 114 32 58 74
1 48
130 134
14 51
134 139 63
116 50 52
126 74 82
111 88
0 109 17 40 54
68 71
109 119 123 141 15 7
17 97
3 98
108 132
132 85
136 20
12 136
126 25 57
1 109 110 125 126 138 141 38 60 81 82
119 126 38 50 72
51 99
107 20 34 4
126 39 48 63
107 42 99
22 64
107 25 50
123 52
138 32 40 77
110 42
110 14 24 58
27
1 73
105 107 109 120
138 46
107 33
111 132 88
56 75 81
38 47
49 81
136 137
110 134 30
111 84
132 31
22 23 47
124 13 4 42 50
104 119 5
1 36 37
138 85
111 32
40 60 81
104 88
104 37 50 85
125 87
15 24 58 81
134 24
0 18
17 51
119 131 140 17 37 39 42 75
111 126 22 32 34 65 79 90
39 90
19 20
127 7
107 14
110 129
49 99
110 17 58
123 17
103 106
42 97
125 134
90 99
25 60
103 43
123 58
109 24
126 71
116 4
104 126 4 58
123 14
135 138 48
19 38
0 20
0 103 109 125 126 21 3 5 50 88
19 80
66
138 5
109 111 119 132 19 31 36 50 81 92
19 49
42 52
104 50
3 48
104 93
50 73
132 52
43 57
137 60
19 56
108 109 39 58 7
125 36
29 80
69 72
118 41
140 97
128 54
53 65
64 88
134 60
129 20 32
129
38 4
10 103
29 49
140 4
34 65
1 68
39 56
1 111 130 25 37 49 52 87 88 90
118 65
107 15
37 85
65 90
102
109 74 82
109 124 17 22 58
114 48
107 132 7
125 126 22 85
109 110 111 32 54 68
1 103 141 20 60
134 94
113 135 23
119 123
109 119 141 38 52 69 71 81
43 54
29 7
37 59
103 136
111 17 4 50
109 129 31 75
111 22 28 63
107 111 126 22 50 58 66 67
64
102 5 88
63 72
29 82 86
26 46
52 56
24 29 66
20 22 84
68 73
13 53
139 58 99
103 114 137
17 65 81
116 92
37 38 52
105 107 132 15 42 5 56
38 4 52
32 66
29 97
130 131
11 7
125 78
17 5 58 82
35
114 140
109 62 82
111 119 48
109 74
110 131 25 38 69 75
103 18
103 34
111 132 17 41 91
4 51
132 56 75
1 31
103 46
111 123
140 85
32 47
123
20 80
15 92
126 51
134 142
51 80
22 39 85
5 82
1 4
1 36 60
130 24
102 99
10 103 110 114 17 31 42 5 7 70
64 94
111 21
64 65
118 119 56
130 5 68
103 126 130 136 16 42 52
130 51
100 48
140 38
46 85
115 50
108 53
104 138
29 40
48 62
141 32
109 112 40 58
43 53
125 129
35 58
136 72
116 5
100 71
3 57
102 126 132 22 39 80 90
17 54
110 41
22 73
22 9
107 85
20 58
119 20 25 38 4 42 52 58 80 85 94 99
119 72
25 62
32 43
31 63
19 22
43 48
34 41
123 13
103 32 52 92
110 28 72
138 51
17 83
103 59
20 4 5
65 91
125 49
5 73
108 36
13 81
0 110 42
43 46
42 74
103 51
116 136
129 75
50 71
40 68
113 114
1 114
130 73
42 49
131 68
1 60
123 75
125 72
40 64
41 54
56 7
32 7
110 25
134 23
26 37
137 35
25 94
13 58
3 31
41 93
17 59
0 1 71
108 37
131 40
103 126 36
103 109 110 126 29 39 67 74 81 85 90
29 78
129 51
103 138 39 4 41 43 49 7
106 92
104 81
36 62
21 56 85
107 36 4
117 17 20 52 85
141 17 18
29 32
114 85
22 68
130 69
102 49
34 39
4 41 42 57 80
109 2 52
10 31 5
29 4 62
136 66
124 60
1 141 36 70
103 111 42 46 59 60 80
40 88
137 14
109 17 22 29 42 60
130 43
48
107 54 63 68 72
103 109 110 7 71
114 58
102 37
119 29 50 73 90
109 114 126
0 29
134 17 22 3 42
38 50 81
119 12
81 82
136 50 9
109 126 58
109 125 126
51 85
102 17 22 3 40 50 60 82 87 88
1 64
109 140 17
107 130 29
0 126 60
122 4
125 38
109 115 119 126 132 134 139 24 31 50 92
124 21
17 21
105 50 58
39 4
137 58
22 54
132 38 4 75
112 32
31 47
107 108
0 1
137 68
31 72
139 90
134 99
111 126 131 58 85
107 111 126 136 3 60
131 138
123 31
114 4
105 34
32 63
142
24 54
125 126 6
127 52
122 17
65 82
131 38
132 99
134 57
25 63
141 90
32 72
110 69
45 51
13 94
132 34 49
20 94
40 70
51 81
47 5 58
56 65
112 4
34 46
138 5 58 85
39 40
20 34
1 102 107 111
52 56 66 99
103 17 70 85
111 22 50 88 92
126 60 82
111 64 81
126 20 31 50
103 107 130 17 81
0 129
111 119 129 49 56
126 48 60
103 132 17 60
112 115 116 34 42
109 127 24 48 58
107 109 119 17 26
103 21 22 4 42
18 22 99
119 58 82
109 126 17 34 41
109 96
109 111 123 132 26
60 71
119 32 4 42
1 103 109 37 50
103 125 49 51 8
91 99
103 107 111 51 99
111 17 36 7 81
134 30 58 66 81
17 4 43 49 99
126 41 50 55 56
42 98
36 71
119 29 85
126 68 82 98
4 42 56
142 85
107 54
20 50 60 75 94
132 36 49
5 52 53
109 119 5 56
129 36
102 107 110 116
110 126 136 50 56 85
138 141
1 109 132
57 71
112 37
132 62
109 53
29 45
0 115
103 139 29 85
111 22 99
103 139 74
31 91
109 131 31
115 24
119 68
126 22 98
122 132
137 25
109 8 85
132 54
108 140 50
0 136
111 40
18 42
103 85 99
129 17 46
114 17 38
101 116
116 119 134
104 85
11 5
109 119 140 48 5 66 7
103 111 29 34 58 72 82
17 56 58 99
125 93
123 17 19 40 51 52 81
38 65
138 50 58
130 70
14 17 21 22 24 39 58
111 49 58
117 122
132 21 50 81
52 76
131 20
24 72
132 76
17 74
102 119
132 75
70
119 19
141 40
34 62
103 140 69
139 40
112 125
138
111 28
58 98
0 101
57 58
116 78
126 7
7 81
4 48
15
92
106 47
111 35 49 50
103 14 17 50 52 56 60 81 82
103 56 80
82 88
29 68
103 126 32 58
101 62
53 63
103 3 60
103 20 52
109 126 38
104 41
29 46
19 81
14 22
111 24 32
12 46
0 32 53
103 40 50
13 29 42 5
138 41
111 67 74
0 92
108 48
30 43
125 7
32 85
42 52 98
22 82
129 136
103 5
2 29
60 70
14 56
62 70
1 129 5
134 26 49 70
109 11
139 65
124 126 132 15 50 56
119 134 141
103 19
123 125
41 65
126 83
102 130
25 50
3 40 80
11 135
121 125
114 68
112 31
85 88
21 32
139 22
111 54
119 83
113 80
61 63
111 82
0 99
10 57
109 111 119 20 32 34 51 60 70 92 98
40 71
113 67
136 38 42 97
1 65
20 24
112 131
114 32
25 3
132 94
14 40
52 92
5 81
1 81
40 69
103 50 58 73
125 138
37 98
36 64
125 32
116 75
46 70
3 38
129 95
111 115 91
1 109 126 136 75 99
101 109 130 50 92
0 136 22 29 49 7
107 17 50 55 81 84
12 17 26 40 58
111 139
0 38
1 19 36 5 58 72
140 29 38 50 63 70
111 46 5 50 60 70
103 98
106 120 132 28 31 58
103 119 25 70
109 26 4 50 92
126 25 29 3 38 90
109 126 137 65 72
1 138 17 40 48 56
103 107 111 119 125 49
119 13 136 17 34 72
1 115 5 54 7 74
0 109 111 119 50
123 3 5 50 58 72
102 109 111 49 81 82
113 116 126 14 3 85
141 4
68 97
130 87
106
38 54
13 50
60 90
22 72
138 37
103 138
126 31 52 72
17 49 50
118 119 17 37 41 42 50 67 82
17 23
109 110 42 51
111 119 138 17 25 38 43 47 56
17 20 24 43 68 88
109 119 134 20 31 32 38 39 51 58 7
107 109 119 12 126 139 42 65
1 103 119 17 25 29 37 39 5 71 82
118 39 49 5 56 80
119 98
109 111 116 126 138 39 5 57 60
26 51
119 42 99
109 125 129 132 32 42 46 65 80 81 82 85
32 42 50
119 29 50
136 15 20 41
103 94
111 126 131
1 14 36 60
10 112 116 76
49 75
29 36 50
11 126 24
0 111 17
116 119 125 141 31 38 4 43 48 57 68 72
116 81
57 90
17 27
107 111 40 60 74
111 113
111 130 17
102 109 131 21 36
126 19 50 81
65 72
108 97
55 56
17 69
1 111 126 129 26 31 4 82
22 3 34 36 4 48 50 65 66 77 99
40 73
1 14 80
109 124 66
51 90
10
111 35
110 137
103 31
119 17 4 53
0 125 132 52
119 123 17 56
110 56 85
123 72
124 3
36 91
113 122
110 71
38 5
10 134
111 32 41
32 71
125 63
107 52
106 58
0 3
4 90 99
136 50 60
117 29 90
63 68
102 68
131 88
112 33
139 85
17 3
69 94
123 25
82 9
22 24
125 3
17 47
48 96
103 114
125 132
101 132 90
142 90
24 63
110 17
130 16
60 81 99
114 52 81
1 80
0 25
132 3 42
41 82
4 91
0 39
140 94
1 108
111 112 92
131 47 82
102 109 4
11 42
116 21
20 32
31 39
108 58
63 8
1 57
115 80
103 20
54 7
109 80
125 91
26 4
113 131 38
119 94
102 130 71
17 47 63
109 110 48
109 75
38 50 56
140 42
90 92
119 50 82
134 140
54 58 81
17 58 85
17 58 70
126 130 42
35 5
19 5
53 99
133 58
134 39
56 75
138 40
22 59
15 63
137 34
137 17
134 35
134 34
119 41 58
103 131
110 80
37 57
103 26
14 41
130 68
38 72
107 70
50 91
20 56
49 59
65 80
10 42 88
17 43 72
12 42
82
110 115 58
29 84
132 51 58
4 50 85
50 78
32 34 42
138 42 49
40 53
140 49
125 29
126 32 42
119 125 4
108 60
132 92
130 57
42 62
131 50
1 32 40
126 14 37
131 4
0 71
1 110 138
65 8
134 63
109 17 82
17 40 50
119 35
56 66
0 134
126 57
131 22
139 7
32 76
101 129
142 32
31 94
111 32 42
111 138 60
110 141
106 88
84 99
129 50 85
19 31
141 36
112 34 69
41 60
103 125
126 92
137 5
110 21
36 67
141 38
20 49
1 96
137 41 70
10 52
43 60
109 126 31
142 9
103 126 72
109 126 140 80
119 125 88
130 46
35 99
81 9
112 29
1 123
139 53
113 53
119 33
58 74
104 36
18 58
112 126 31
130 29
109 34 82
129 56
141 20
43 56
119 4 90
134 138 58
10 118
34 38
36 96
130 72
132 26
140 3
5 71 80
132 40
110 3
22 32 80
109 131 3
4 54
111 17 95
111 13
109 80 85
72 73
103 110 99
118 140
115 138 56
42 69
122 14
42 94
14 92
31 52
104 119
35 50
5 51
140 75
141 75
1 25
111 93
140
11
16 50
0 20 95
126 7 80 82
139 42 80
22 29 5 99
1 102 111 25 28
1 110 131 17 45
0 114 126 136 40
103 132 141 48 73 92
103 107 50 58
105 81
104 31 42 60 81
113 119
111 29 52
103 109 131 50 54
124 17
17 24 39
130 131 29
109 35 50
107 138 4
125 126 46
134 41
110 75
107 71
25 73
105 75
20 3
32 68
126 142
43 7
135 81
141 72
63 71
37 5
10 102 119 126 32 58 82
119 140
38 94
102 20
19 4
59 65
134 38
1 95
114 17
110 130 42 50 56 65 80
110 17 41 52
24 51
116 126 68
18 56
131 51 56
119 134
102 110
142 40
111 140 50
0 12
0 139
29 52
14 22 58
122 40
122 51
24 74
15 82
0 110
38 60
62 75
126 31 32
1 107 39
17 5 68
111 140 31 4 88
103 139
10 107 109 31 85
10 109 119 126 32 80 99
103 109 126 14 51 7 85
114 115 126 20 90
106 42 80
31 85
74
32 81 91
109 43 61
36 7 88
3 82
112 140
42 54
127 4
62 82
4 52
119 127 46
60 91
140 70
20 84
20 74
126 49 7
123 130
48 88
14 85
50 52
79 85
112 62
110 13
118 75
10 14
34 5
139 39
115 62
106 42
37 82
132 49 54
109 131 42
126 22 65
0 109 22
68 81
1 119 134 45
103 126 24
106 111 112 21 22 36 38 4 43 50 56 57 58 60 68
46 65
137 52
35 48
134 140 22 39 42
2
0 6
131
69 71
111 47 99
122 55
28 60 63
25 92
102 137
39 60 95
126 49
0 91
126 127
5 66
119 52 58
1 24
103 126 56 63 85
1 10 123
119 48 54
109 133 138 29 4 40 97
109 119 16
58 65 69
111 135
31 95
19 75
114 132 25 50 7
103 42 56
18 54
66 81
24 50
111 125
0 125
117 42
131 132
131 39
14 31
104 126 63
96
32 4
51
125 29 42
109 17 29
52 91
111 14 46
38 65 9
16 29
139 141 17 82
46 49
17 20 66
26 50
130 2
119 126 17 40 8
42 64
141 80
126 4 50
42 49 63
140 65
126 136
109 48
24 99
119 17 34
106 72
111 22 58 65
2 41
82 92
106 130
42 89
35 60
122 50
5 72
137
69
17 20 50 79
126 38 50 58
126 4 82
20 85 91
1 13 80
5 65 88
125 134 82
134 136
33 90
22 80
1 138 17 85
15 29
130 17 99
10 109 137
109 113 141 7
127 58
22 48
71 93
114 125 40
126 32 50
133 17
17 51 58
51 89
35 38
57 72
19 32
132 47
1 103 31
1 45
125 17 41 60
35 92
102 126 34
102 116 66
105 90
101 4
130 53 99
109 111 22
139 43
13 38
19 91
108 136 141
103 17 41 56
125 38 46 56
40 42 54 57
10 37 58 80
116 50 65
111 119 80
60 88
17 4 95
0 72
126 56 79
131 99
17 4 52
31 68
109 133
107 109 39
119 31 50 60 94
138 72
11 50
140 46
10 20
108 20
111 126 20 50 54
102 32
0 131 138
126 55
65 68
65 9
129 39
29 31
132 74
45 49
22 29
37 38 49 85
0 111 141 48 82
72 99
136 141
129 39 82
103 92
36 50 80
141 37
111 4 56
35 83
126 5 50
138 91
78 91
107 136
115 52
116
130 71
103 42 51 99
119 41 81
1 90
110 126 40 52
32 42 60
119 142
130 141 29
107 126 5
110 17 4 57 60
126 130 31 56
21 39
74 84
116 3
74 80
110 138
103 48
1 136 45
107 36 4 52
119 15
5 7
107 50 65
107 119 38 48
112 138
17 42 48
31 41 50 75
105 20 72
132 40 7 79 80
132 40 72
14 17 82
68 79
131 24
138 66
20 8
0 124
122 41
1 109 38 40 90
52 81
1 139
14 72
65 67
52 69
107 126 63
126 5 91
127 25
106 56
107 40 47 50
31 46
35 7
103 20 70 82 99
114 67
18 41
112 28
139 51
35 97
114 62
111 56 58
130 24 99
107 67
116 25 42 49
109 119 99
116 90
110 119 26
103 109 58
107 114 136
137 65
73 88
39 56 80
140 36
37 65
138 140
1 109 119 4 50
102 132
127 28
39 7
125 17 81
17 43 52 63 65
119 129 85 97 99
127 29
20 22 32
87 99
134 64
26 42
1 52
80 98
108 130 24 56 7
21 52
112 85
116 141 50 80
102 114 52 81
102 107
126 129 138 67
2 36
0 19 31 50
119 132 75 82
119 126 4
0 112
138 20
19 42
111 126 81
1 35 42 5
126 16 42 66
103 34 46 50
130 32 85
43 64
109 138 50 99
112 51
130 139 17 53
115 138 90
109 124
109 111 49 50
124 21 5 81
125 60
53 59
111 119 3
111 98
103 137
17 58 60 84
125 56 91
57 80
116 125
0 94
20 45
56 59
134 37
1 13
121 14 32 64
119 134 137 4
15 54
17 46 5 50
10 125
132 36 38 39 41
136 47
116 131 32 35
111 131 60
1 130
111 112 17 5 52
3 65
0 126 4 48
111 56 66
126 132 38 50
3 46 82
119 132 36 65
5 97
103 134 138 24 99
0 126 41 72
112 9
1 119 56
109 112 114 121
114 130
19 24
104 109 24 57 85
10 103 20 32 88
139 60
17 42 50 64 90
101 42 81
137 56
0 126 36
17 38 66 69
0 90
20 4 46 60 95
25 55 99
52 95
130 49
0 126 130 131 20
39 52
126 136 39 50 72
126 14 56
1 107 110
24 49 80
119 17 46
102 103 116 34 42
108 49
102 21
134 88
47 5
74 99
132 72
0 137
7 90
129 43
109 17 36 51 82
51 58
111 75
119 126 42 56 73
132 17 5 50
5 75
109 126 127 38
0 131
103 109 43 50
104 126 40 76 92
131 139 17 20 63
138 38 81 82
42 43
105 115 36 62
14 9
111 17 47 58
142 42 64
131 60
114 34
14 38
50 83
135 29
109 111 119
50 58 81
26 36
1 26 49 58 63
1 67
57 87
42 58 60
109 119 126 56 65
130 20 83
119 78
41 46
16 35
129 78
118 15
102 109 110 4 5
119 129 50 82 93
46 66
107 57
19 36 49 50
71 83
1 99
113 22
113 52 92
136 68
22 87
19 78
17 4 60 75
88 93
42 90
134 136 38 50
72 85
126 4 51 82
0 126 41 81
130 90
136 27
134 7
22 94
114 14 28
109 50 91
111 139 17
107 140
7 79
41 52
51 94
134 139
118 7
141 31
109 59
34 7
40 52
52 58 60
6 60
139 70
111 17 46
1 112
102 103 140 17
37 70
134 72
111 126 139 17 42 50 81 83
107 109 127 29 36 43 71
122 32
123 131
20 5
107 92
119 34
108 24
105 110
103 93
125 59
116 29
111 119 142 20
113 61
0 54
1 117 50
11 41
107 22 50
105 132 40
109 119 136 14 50 52 72
36 39
107 31 32 56 99
1 109 126 17 26 45 58 63 80 81
109 132 136 137 22 32 36 41 50 65
105 126 132 2 72 99
10 104 137 36 4 65 94
1 111 112 17 22 29 63
103 129 24 36 4 58 90
57 83
124 41
69 7
37 63
0 65
131 63
1 84
1 112 35
52 53
5 68
26 56
66 74
131 62
107 94
34 36
110 68
49 71
20 78
11 57
141 70
3 52
140 36 50
58 94
57 65
11 116
50 61
129 132 32 42 56 7
103 32
103 120
0 1 109 54 74 92
107 110 138 31 36 40 50
110 22 32 50 60 85
37 45
39 64
130 132 19 39 47 5 99
109 119 24 50 52 56 82
108 42
105 111 126 138 75 80 93
51 88
64 85
109 126 136 20 22 39 40
1 17 24 5 50 69 81
116 46
124 36 41 42 56 58 60
24 42 85
0 109 119 129 29 60
58 91
126 17 31 4 60 74 99
10 109 17 39 64 79
0 111 99
132 141 50
104 32
113 62
48 5
103 111 22 5 58 65
14 29
136 35
134 91
13 36
109 31 75 88
121 42
111 130 17 41 50 58 81 84
16 41
124 126 17 9
1 140
104 20
49 52
124 31
20 62
103 2
109 140
29 95 99
15 20
50 89
103 126 17 40
103 119 126 138 88
48 82
39 66
0 32 41 76
107 135
13 4 51
60 75 99
58 6
81 91
119 34 60
125 82
43 91
25 81
130 65 72
104 82
69 83
110 125
103 107 126 20 4 54 72 88 99
119 138 34 38 40
141 92
34 56
132 25
124 133 29 32 58
0 103 104 109 13 142 28 4 49 50 58 60 63
108 136
126 136 17 33 48
32 62
136 43
126 47
0 53
103 126 134
4 72
68 91
110 17 5
24 49
130 41
113 120
116 85
107 46
110 74
26 95
81 85
135 141
42 73
134 75
125 126 31 42
118 39
139 42
125 80
49 54
59 85
51 63
112 66
101 60
19 79
131 97
101 58
88 98
54 65 83
10 111 74
105 20
24 75
17 94
130 65
14 24
126 14
109 67
1 105
134 67
109 122
105 111 17 42
1 126 22
132 39
22 37
126 32 61
139 40 99
104 111 17 56
110 32
132 28
111 17 47 58 71
20 53
139 14
130 31 58 68
36 52 60
62 95
130 99
112 42
32 6
125 126 58 6 99
111 42 57
124 36
20 40 56
130 20 4 58 9
101 17
140 62
124 68
49 79
108 139
127 130 131 22 42
121 126
7 88
110 17 56 60 70
1 17 40 50
119 141 17 29 38
122
118 21
105 46
107 111 37 43 99
138 69
110 111 50
109 126 56
103 5 90 91
13 20 58 71
125 17 68
113 82
25 36
109 24 50
129 97
126 138 50 58
134 36
109 2
12 49
102 36 56 92
111 119 29 32
126 137
75 90
17 98
132 42 58 69
138 39
115 81
38 7
135 32
79 82
109 46
127 20 46
119 73
40 66
27 39
108 5
40 67 90
73 85
26 58
111 6
28 46
1 79
19 88
129 25
120 77
126 72
135 70
25 58
38 40
32 52
49 88
105 22
113 20
141 39
122 58
134 47
0 102
103 117
140 38 50
116 74
22 7
105 93
125 142 17
111 22 88
36 37 56 61
103 109 41
103 108
39 47
125 65
114 19
103 83
1 116 126
111 130 36 50 84
49 65
1 47
110 123
15 99
3 47
25 43
1 14
34 82
105 114
1 132 24
109 31 50
1 119 41
109 140 60
142 19 25 74
1 32 50 90 99
108 20 42 58
106 17 56 68
26 45
1 114 42
20 96
126 131 80
25 4 93
54 67
74 91
104 3
114 93
103 17 49
126 34 46
44 49
108 65
116 20 41
109 125 39
17 40 63
103 132 7
132 25 75
41 42 50
60 67
107 20 42
142 85 9
111 138 38 99
103 20 50
103 111 32
130 3 36 7
139 5
103 13
136 74
111 126 5 90
135 22 37 56 85
1 17 20
32 43 50
39 42
109 17 52
131 85
122 90
105 131 58 69
41 57
47 75
114 138
102 52
127 42
111 50 85
114 142 49 85 88
103 135 140
20 4 58 74
35 37
50 53
138 19
103 19 56 62 65
104 38 80
126 130 22 31
34 36 49
34 41 99
123 71
130 17 93
114 141
111 24 35
60 73
48 92
41 49
29 5 69
103 119 126 25 81
126 136 52
119 17 56
67 72
1 103 131
111 125 17
103 80 85
70 99
110 135
42 67
68 99
109 37 46
31 38 50
109 22 29 81 85
10 17 49
39 63
40 76
13 31 34 65 68
131 17 99
112 14
29 69
1 109 81
125 133
36 58 90
25 31
7 84
134 83
119 26
109 14 65 75
45 90
4 79
17 34 52
103 109 137
80 99
16 43
110 24
136 46
141 19
114 36
102 138
125 137
37 81
103 119 17 80
10 6
1 138 47
37 94
1 105 109 131 132 134 136 38
111 134 20 36 42 58 7 71
119 140 20 34 36 54 59 75
119 15 4 40 42 5 50 81
39 72
8
1 10 110 17 18 56 70 85
103 107 111 17 20 4 42
10 126 14 17 4 57 99
107 110 126 36 41 42 50
111 129 17 19 36 41 50 81
109 119 136 17 54 56 68 97
1 10 132 41 48 50 58 81
123 131 134 18 22 26 45 75
4 62
17 20 32 37 39 50 52 98
103 119 125 126 5 82
20 26
125 22 32 42 50 60 82 98
1 109 126 142 5 50 60
109 141 36 50 51 67 79
111 119 29 42 45 60 85
109 111 126 36 40 60
107 119 132 29 41 7 80
102 110 115 138 25 49 90
123 129 130 4 50 82 91
28 50
111 130 17 32 36 5 58
110 111 49 60 7 99
1 140 54 62 87 88
107 109 113 17 63 80
125 39
112 124 4 48 51 60
137 14 17 41 54 85
109 119 138 17 31 4 82
110 133
130 138 140 42 47 50
110 119 134 3 60 68 98
134 68
85 97
1 103 113 119 42 51 58
138 32 49 50 74 88 90
122 136
1 119 126 17 4 82 99
0 105 14 17 58 63 65
119 124 17 22 50
126 136 32 38 41 5 50
102 20 64 7 90 92
132 83
116 141 2 36 4 41 74
107 116 136 17 29 56 81
115 17 20 3 38 52 99
111 39 42 52 56 82 99
22 24 32 39 51 58 72
1 103 119 131 138 40 7
111 129 16 24 38 50
106 109 14 140 50 51 58
125 131
125 17 22 36 5 85
111 116 118 130 141 17 57
108 110 17 24 36 50
60 92
131 74
0 1 17 29 36 91 99
109 140 20 24 3 39
0 126 38 4 52 60 91
103 109 48 54 56
109 22 24 49 50 93
107 129 141 26 42 52 94
125 132 140 29 93 94
131 46
40 41 50 60 81 91
125 126 20 58 82
103 109 116 3 49 5 58
1 103 111 126 20 34 37
111 119 22 26 36 4 68
111 119 49 58 60
103 109 119 126 40 60
20 47
107 126 141 49 58 62 63
109 116 15 58 66 85 90
0 126 14 20 65 85
1 109 130 38 45 50 6
107 119 132 22 49 50 94
109 119 123 13 4 51 60
125 34
106 99
107 109 31 40 50 60 71
131 67
111 119 17 3 38 99
103 126 15 59 82 90
102 132 36 40 50 51 60
1 131 3 34 39 52 81
1 111 117 118 132 15 50
110 140
111 139 24 29 46 53 99
111 32 4 58 63 92
119 132 49 50 81 99
103 111 5 65 80 85 91
102 112 115 118 137 20 56
107 111 126 139 17 58
102 134 22 42 50 51 82
109 111 141 22 50
119 36 42 50 60 71 75
60 80
55 90
109 11 132 140 4 41 65
0 100 116 118 138 52 92
113 22 36 45 65 75 85
1 111 31 35 50 68
122 26
29 58 85
111 134 58 60 80 82
126 130 132 36 4 42 85
113 139
109 110 119 34 49 85
105 32 50 65 7 99
109 111 130 17 38 42 88
1 108 109 126 131 17 67 68
48 52
86 90
111 59
1 126 130 134 36 39 40 48
111 119 138 17 51 58 71
109 126 131 132 20 50
119 17 32 51 7
126 138 38 4 5 63
1 109 46 56 58 74
101 104 110 125 40 63 85
1 141 22 56
129 142
0 63
107 111 17 85
1 130 70
137 36
134 70
4 64
0 119 85
139 32
13 85
38 74
63 79
114 57
20 64
107 64
31 88
110 67
43 72
19 63
36 77
130 3 50 72
38 49
125 97
102 60
103 110 35
122 33
109 111 126
