119 14
20 50
126 56
111 126
110 37
17 80
67 72
39 50
110 3
109 127
46 88
41
50 51
111 52
1 112
107
126 5 50
109 31 36 4 42 81
22 29
132 48
17 40
41 57
138 4 40
129 62
22 38 5
38 90
32 65
1 88
103 126 24
119 25
103 109 116 60 81 90
109 45
111 119
109 132 134 17 41 50
50 56
102 119
53 65
25 72
17 50
107 134 136 7 72
107 67
109 17 74
52 88
101 108 109 17 5 81
21 5
36 98
131 17
136 60
126 17
17 22
125 90
42 48
111 135
0 141
109 17
24 39
19 3
10 14 22 27
111 132
114 99
111 42 5
117 14 141 19 66 85 99
138 19 60
65 74
104 138
114 60
123 126
10 109 125 40 88
50 52
50 92
119 84
42 52 65
20 42
107 56
0 98
42 50 56
109 19
107 139 75
42
5 50
42 88
19 82
132 138 45
50 90
36 58
109 59
103 67 81
132 17
111 140
103 31 48
5 81
52 58
111 50
3 42
36 71
41 82
130 99
111 126 17 20
110 17
49 71
43 81
109 126
108 83
138 42
108 29 32 50
109 119 126 5
109 50
109 116
13 53
1 109 111 126 129 22 25 49 5 50
130 62
1 10 111 126 131 136 17 38 57 73
56 60
141 47
103 72
104 57
138 85
114 5
17 4
50 91
109 111
105 119
113 92
1 123 125 126 3 32 39 73
5 52
0 110 119 126 22 40 42 91
108 81
109 110 17
126 85
1 111 28 53
109 82
130 67
142 82
74 81
118 32 34 50
103 38
40 50
11 20
136 65
126 80
126 47
125 126
134 49
127 72
32 60
126 136
0 17
111 75
52 98
73 82
109 130
29 99
22 48
132 58
138 17
139 40
29 39 66
3 49
29 88
60 90
130 20 60 99
104 107 4 77
109 84
19 49
42 65
1 36
119 132
111 131
36 4
119 125 4
40 58
119 58
116 46
111 80
32
118 119 67
65 85
47 52
119 129
111 22
1 94
132 29 43
103 119
136 36
1 42
119 3
104 20
81
103 109
19 81
109 22
119 17
109
103
110 111
107 22
122 50
130 58
1 4 43 49
38 40
116 72
130 17
111 134
39 5
3 40
126 52
110 65
141 43
32 81
109 88
17 64
137 5
22 88
29 94
116 134
111 125
51 80
42 5
136 138
31 42
62 67
22 37
50
19 58
48 5
103 34 41
126 66
50 74
22 85
17 81
105 129
58 67
103 17
106 17
34 50
17 56
103 124 42
36 50
71 82
103 112 20
142 40
10 99
42 92
125 40
103 94
131 43
126 132
131 36
110 20
17 36
125 134
25 58
4 58
107 17
90 94
17 42
31 6
109 74
38
17 38
21
56 74
35 85
32 56
49 99
105 71
111 51
138 81 90
0
66 99
36 5
135 92
52 85
103 85
103 71
132 49
106 109 81
141 29
110 126
126 50
48
17 31 42
109 58
126 32 34
109 126 46
29 60
110 31
103 40
122 60
20
102
49 63
109 52 84
107 20 4
126 14
129 38
119 130
119 20 58
109 132
17 83
105 17 50
105 90
22 80
126 24
104 46
1 139
46 50
126 48
125 97
119 126
134 67
22 50
35 49
49 50
130 96
14 22
22 7
17 76
17
0 109
3 43
104 111
17 58
111 29
111 85
109 60 81
111 20 88
4
85
112 131
119 58 70
39 85
4 5
3 46
42 56 82
0 39
126 81
103 50 62
134
56 80
31 38 42
1 22
123 63
110 132
1 5
22 36
111 22 28 36 38 5
109 125 131 50 52 82
140 81
103 60
132 29
132 42
141 65
41 75
5 72
126 92
107 5
102 13 130 132 17 50
20 3
102 119 126
134 4
4 65
17 31
119 20
102 36
107 64
14 17
132 40 60 63 85
50 67
131 91
109 33
57 73
111 125 138 36 42 60
109 51
119 52
38 58
125 126 141 59 99
119 65
34 54
107 126
135 85
109 35
1 50
24 4
31 46
119 123 22 40 50 82
103 50
38 48
58 72
119 139 58
109 23
32 7
39 48
4 7
32 80
14 72
136 141
1 29
130 54
130 85
111 124
109 2
116 17
46 56
25 99
107 109 111
5 85
31 35
100 66
109 41
21 31
17 32
1 31
112 126
42 60
109 81
36
32 54
108 48
126 41
17 41
13 66
126 3
107 32
109 137 24 36 63
103 20 40
17 22 65
89 92
1 17
119 4
3 43 56
119 3 37
119 34
3 60
17 22 57
104 58
103 56 88
142 36
115 126
136 17
125 38
0 80
126 40
4 99
17 47
110 32
109 31
140 80
58 93
111 17
103 125
17 82
1 138
119 17 20
111 27
24 58
127 58
112 5
58 88
109 4
17 5
17 4 62
125 60 63
119 58 99
111 141 29
125 52 7
126 17 41
119 85
118 58 99
0 4 50
109 65 83
13 42 63
116 131 60
136 32
40 56
37 51
20 31
1 29 39
29 51
126 31
48 80
139 50
111 42
24 42
131 62
102 119 70
107 50 68
109 60 99
141 58
116 126 131
102 119 50
131 49 68
65 82
0 103 138
42 46
126 142
102 40
109 142
124 126 82
58 94
1 140
1 102 111
119 70
111 42 81
119 43
17 65
10 17
1 22 60
57 71
138 29
14 98
112 16
134 82
1 114
109 137
109 63
104 106 140
119 36
141 17
125 4
103 22
31 58 63
2 92
116 42
17 49
37 50
132 60
105 126 35
42 50 52
103 29
0 111
111 90
14 5
125 50
41 72
10 40 53
32 95
129 20
50 82
140 58
17 29 36
1 58
39 73
24 36 63
114 126
126 138
134 17 50
34 48 50
124 3 31
105 58
60 98
112 49
111 60
5 62
132 97
109 138 41
1 114 126
108 119
107 125 38
41 56
111 4
4 42
109 7
122 141
29 36 60
38 54
1 26
131 136
103 104 56
111 56
126 134
109 126 91
137 7 72
132 4 68
113 91 99
109 44 45
19 93
126 21
129 4
1 107 42
126 32
43 7
109 113 68
103 109 40
123 80
108 82
25 97
118 56
119 30
45 52
56 7
22 42
39 56
19 88
1 60
22 60
112 91
36 9
38 41
112 50
119 50
38 82
60 92
0 62
110 4
62 99
119 29 42
19 58 6
119 46 54 99
80 85
1 111
107 68
103 136
134 50
111 29 43
24 5
40 72
35 66
111 82
107 111 20
125 50 75
1 36 43
1 126 17
142 59
107 14
20 22
138 40 99
127 82
0 132
113 134
116 31
112 24
22 47
103 52
109 97
109 42
102 58
42 72
41 87
75 98
27 48
130 34
107 49
110 56
26 99
49 88
52 56
130 38 69 98
108 20
130 32
52 7
122 131 25
109 73
103 107 110 25 42 50 58 65 69 91
132 32 7
109 14 49
126 22
1 130 31 40 5 67
132 15
107 42 46
14 58
10 119 41
119 90
131 141
5 58
10 26 60
48 84
10 17 81
58
24 99
49 5
115 138 29
103 126 56
0 130
132 38 48
116 82
40 42 63
109 119 17 22 24 36 56 60 66 92
132 39
103 114 119 38 50 65 71 85 88
116 14
25 4
102 50 56
109 41 58
126 50 85
119 47
115 20 51
109 14
119 141
108 4 42
109 98
132 138 79
32 50
22 52
109 20 50 56
111 58
58 81
105 5
119 32
1 17 49 52
17 97
132 17 22 56
109 116 125 126 134 31 50 86
107 5 85
111 64
104 130 132 50
31 82
109 29
107 141 17 85
125 58
110 50
132
17 26 75
109 48 50
109 111 17 31
22 82
132 22
0 125 57
0 103
126 93
103 31
81 82
134 31
38 56
14 16
103 4
22 5
103 84
103 58
141 4
5 64
140 56
51 82
103 32
132 70
107 50
107 111
119 5
126 36
107 119 14
22 32
17 52
10 126
110 113 119 132 36 5 52 65 83
114 139
111 72
111 126 4 62
111 138
40
110 119
103 134
131
103 49
140 60
111 141 36
123 74
104 88
109 123
132 56
1 11
20 80
58 63
17 34 66
36 80
119 99
126 65
102 60
108 31
0 81
37 40
17 60
34 36
50 65
130 50
90 91
126 34
1
52
126 130
60 65
99
126 7
103 19 60
22 57
57 91
24 52
116 119 85
7 85
105 111
60 7
10 140
76
111 65
136 58
129 50
119
27
119 42
104 56
107 20
136 68
135
17 24
65
126
103 75
130
102 126
20 70
50 70
137 29
39
80
111 138 22 39 91
1 72
49 82
0 119
4 81
119 40
103 119 12
119 80
92
48 94
1 40 5
22 62
103 109 71
109 32
123 130
4 47
10 111 17 58 83
130 19
139 80
39 58
109 119
56 66
34 38
111 3
112 17
22 45
3 31
103 17 41 81
36 37 42
42 50
57 85
90
105 37
39 54
50 60
103 33 36 57
1 109
118 65
0 92
17 63
126 17 20
139 41 50
130 60
109 85
119 29
132 32
129 58
108 112
139 25
111 41
126 24 3 4
24 54
123 36 81
111 126 35
107 54
131 17 67
141 31
22 49
119 68
109 13 42 58 65 81 85
31 4
24 35
103 126 130 17 56 65 66 85
103 119 125 126 20 62 65
10 111 13 42 58 65 99
11 111 119 126 131 47 50 64
50 99
49
109 58 95
130 56
20 46
40 81
132 2 92
130 17 81
20 49 58
119 125
136 138 35 48 65
134 20
38 99
29 70
24 60 90
103 109 24 50
36 99
119 17 50 82
25 58 74
109 36
126 17 90
119 31
111 17 4 5 87
142 31 88
48 99
0 109 11 32
74 90 99
107 92
1 136 142 32
104 111 126 29 56 82
103 136 5 50
26 50 60 82
109 40 56
111 56 82 99
138 81
126 99
130 138 37 38
139 32
119 34 4
10 110 138 17
0 111 132 38 65
50 96
119 139
132 29 63
22 65
58 99
111 125 62
46 92
17 29
136 88
3 81
107 63
41 5
1 52
39 40 50
36 49 60
109 119 72
35 58
114 126 17
63 92
36 42 81
134 83
43 51
130 136
111 81
4 48
68 85
109 111 4 46 50
16 85
109 36 50
110 41
46 7 91
1 92
136 80
39 60
1 102
50 93
20 49
141 85
36 94
70 99
126 140
126 130 17
109 52
107 57
119 17 68
17 20
138 50 80
46 62
132 85
41 49
29 38 42
19 39 99
46 57
36 85 94
109 136
102 85
103 117
132 82
126 82
109 3 32 33
17 24 50 53
138 98
110 29 5 58
31 58
50 58
2 21 47
67 84
29 31 56
109 18
5
0 126 18 68 94
16 3 32 42
0 29 90
108 92
137 38 42 5 99
126 29 36 56
22 42 49 64
1 131 50
139 9
136 22 24 90
21 36
20 99
1 85
138 99
134 4 60
125 41
1 119
119 17 3
138 17 40 62
35 88
115 4
5 51
20 24 36 5
31 43 73
130 28 4
1 119 29
103 129 41
116 29 50
125 24 57 88
112 4
109 119 34
109 141 60
1 125
102 58 65
106 109
10 65
29 42 60
119 22 81
0 51
46 72
85 88
38 50
119 17 68 7
109 17 58 99
119 60
0 112 32 39 68
42 75
39 65
119 127 40
38 50 56
138 31 40 50
20 56 65
132 38 58
107 40 78
1 109 129
112 60
32 41
1 40
136 17 35 36
39 7 93
14 17 63 81
10 110 22 82
4 46
119 35
109 17 36 47 50
107 60
114 67
48 7
0 24 32
56 82
134 50 60
0 140
112 64
132 36 72
14 50
4 50
25 29 99
31 41 50 53 80
137 4 49 5
26 40 50
140 20 49 51
109 22 36 5
17 4 40 60
107 132 17
107 141 50
119 56
110 29
110 49
110 119 139 32
111 123 19 31 81
126 17 42
126 26
110 39 58
102 39 53
111 17 40
107 17 42 43 96
112 22 99
109 113 4
0 111 22 60 85
78 99
138 39 88
107 9
111 126 132 17 38 60
103 126 24 42
22 46 7 90
122 17 38 58 94
119 131 17
107 109
126 58
132 32 42 50 84
10 109 110 126
42 52
106 107 58
138 14
111 126 4 50
1 99
40 43 54
39 60 75
109 125 3 32 50 92
103 130 134
119 130 39 50 99
126 17 36 57
119 17 22
17 22 48 81
111 138 38 42
129 139 41
119 130 36 85
119 130 134 4 41 53
109 130 138 56
36 42
126 35 65 80
25
24 29 32 50 52 60
110
17 67
10 50 58 99
125
107 111 138
29 43
0 111 119
3
127 134 99
51 65
107 108 82
1 17 3
111 14 49 51 54
42 82
103 111 25 43
110 116
40 41 42 60
31 78
135 15 32 42
101 22 80 99
104 130 5 74
125 37 42 46
106 28 36 76
26 49
49 51 65 72
17 3
125 3 93
130 131 56 78
39 4 41 58
125 32 36 90
42 54 79
138 50 60 67
17 3 41 60
105 4
109 64
32 5 58 65
107 41 90
17 19 31
108 119 132 14
108 132 134 56
132 2 26 52
119 36 49 99
109 126 22
116 34
103 132 42 81
109 49
140 65
119 132 29
0 1 109 67 68
109 5
109 126 25 58
132 20 31 56 85
118 126 138
107 131 90
103 81 86
125 40 58 62 90
109 122 137 33 81
110 119 24 81 99
126 130 29 4 72
109 126 131 20 37
10 131 40 41 63
31 45 58 82
119 49
138 46 50 82
119 49 58 80 85
138 97
17 24 62
102 109 119 90
135 40 86
2 20 31 42 60
134 52 7
103 107 138
0 132 31 54 98
126 132 141 4 85
0 110 116 17 36
109 29 60 66 7
109 126 132 40 50
126 130 17 52 99
107 119 141 63
50 58 72
119 130 32 5 50
1 109 129 50 75
140 38 50 58 82
130 131 134 32 42
62 71
132 32 5 88 99
111 130 14 20 42
107 111 42 52 56
130 138 50 56 60
109 74 75
109 138 32 37 58
126 46 56 9 99
107 14 17
20 67 99
36 39 42 61 85
111 134 58
1 63
117 119 135 19 50
136 17 3 39
109 125 90
126 137 25 36 50
26 82
119 42 51 82
111 119 46 81 85
112 125 126 17 32
1 32 58 93
119 126 49 50
107 119 41 48 64
127 138 50 81
132 26 41 54 74
111 136 17 20 56
126 132 39
111 52 58 80
122 136 17 43 65
115 50 56 85 90
109 4 48 60 63
126 42 7
126 34 35 38
107 111 29
103 119 132 3 37
10 42 53
107 111 126 22 38
119 126 29 56 88
111 126 42 58 82
139 22 34
109 132 141 40 46
111 119 32 49 85
0 60
109 132 141 58 83
115 140 46 63
103 111 56 62
119 129 38 47 58
0 108 125 50 85
141 50 51 57 88
1 14 3 54 71
119 17 50
136
31 32 38 58 60
126 42
138 20
119 58 81
111 22 60
102 22 47
50 58 60
130 134
36 68 81
103 119 132 31 56
119 32 41
17 4 42
37 5
110 74
124 131 24 42 68
29 36 92
119 125 58
109 65 82
10 106 113
41 92
116 126 131 24 38
115 119 126 7
131 38
22 56
118 32 5 52 60 74
129 4 40 5 64
109 123 17 22 75
125 17 32 50 83
111 126 136 37 62
112 119 37 75
111 115 42 49
26 34 52
17 23
0 138 17 76
17 3 60 76
109 137 138 56
111 125 29 92
103 42 52 54
119 3 50
5 60
113 56 58 60
5 56 90
111 112 119 32
109 119 58
109 126 56 84
17 7
137 17 65
112 125 20 81
132 31 42 50
116 18 32 7
14 63 83
104 75 8
103 41
112 67 88
125 99
41 81
111 126 99
1 107 40
134 50 80
38 60 81
134 85
1 32 82 99
10 116 63
22 39 42 68
1 10 132 22
14 40 51 52
109 134 5 79 82
0 119 125
111 114 116
101 134 49 50
109 130 32
1 42 50 60
126 132 4
103 81
1 107 111
130 21 51 58
109 66 74
0 1 119 37 52 75 85
130 42
107 109 142 4 70
112 126 80
0 15 25
0 67 91 92
0 17 50
130 40 75
109 125
109 14 82
109 50 7 72
126 36 38 58
119 42 82
124 75 79
111 34 50
10 26
109 132 7 83
130 14 29 46
134 5 58
134 3 65 98
64 83
119 22
17 42 58
46 5
119 15 40 56
112 47
119 141 19 36
126 24 60 90
17 5 55 56
109 42 50 58 81
102 105 41
126 39 42 48
103 17 20 99
1 111 17
111 37 38
111 49
105 5 92 99
129 13 136 48
126 3 81
111 52 65
126 29 3 82
20 32
103 109 17 71
102 109 20
138 50
109 119 125 34
0 36
42 68
10 29 31
102 17
1 39
126 17 50 58
119 138
1 111 129 58
14 4 50
111 42 68
104 109 42 50
17 38 39 45
125 131 142 40
109 38 42 5
36 52 56 58
119 134 48 58
1 91
4 43 56 99
111 119 129 20
132 60 65 99
110 119 20
1 109 129 19
10 110 126 20
103 20 35
104 107 3
17 51 60
50 58 81
103 4 42
110 5 94
18 52 57 85
133 24 49 90
15 37
112 125 42 48
24 4 94
134 41 43 46
138 42 56 7
10 125 126 41
2 81
107 31 34 50
1 107 58 75
10 42 66 90
105 109 43
125 17
109 49 91
42 49
111 126 50
130 75 85
37 63
102 36 42
130 17 42
10 134
20 41
125 138
107 50 65
103 126 36
17 39 5
110 132 60
103 129 138 49 51 99
1 56 82 99
5 67
140 22
111 75 99
32 75
7 81 98
24 58 69
105 17 22 50
103 111 139
16 50 85
129 46
32 4
56 61
125 17 3 80
1 109 24
109 37
126 29 80
112 116 4 99
131 17 5
125 42 5
139 38 72
34 4 58
14 63
111 132 17 4
121 126 138
129 54
113 34
104 54
138 60
103 109 136 54
104 126
20 39 6
110 50 60
104 134
113 13 50 81
61
38 65
110 139 32 4
130 141 75
111 135 82
1 114 51
130 64
50 52 64
10 111 31
111 63 81
131 20 60
7 99
111 131 22 50
119 31 40 51
32 85 98
109 50 88
24 7
4 49 85
109 68
0 50 90
129 17 38
138 48 81
41 42 72
20 3 54 90
112 132 17 29 60 65
10 46 50
107 36
119 131 138 81
108 37
112 119 134
107 119
111 132 24 32 41 81 99
49 52 82
126 17 63 81
24 60 76
138 49 52
3 50
103 17 42 92
17 56 58 65
130 17 69
103 50 82
109 20 75
50 66 80
17 41 50 70
119 126 17 58
125 50 60
116 15
65 99
109 130 138 50
114 119 99
126 62
111 36
109 126 134 5
107 119 63
131 17 41
138 17 59
17 42 66
129 17 46 50
103 42
101 20 5 60
119 22 43 50
111 39 65
24 50 82
1 111 119 37
126 56 80
103 107 109 126
10 112 136 74
130 137 26 64
32 85
126 129 52 7
141 21 52 54
126 32 63 80
104 36 50 58
141 25 29 54
109 132 22 29
29 4 51 65
110 82
0 39 42 82
1 127 50 72
119 131 81
29 37 5 73
130 22
111 126 134 32 5
110 47 60
108 51
126 17 58
134 42 51
0 12 17 84
111 32 36
20 72 81
20 5
15 26
109 57 99
50 72 81
14 40 75
108 42
5 94
111 25
109 111 17
119 138 81
126 40 56
19 42 58
109 126 6 74
29 72
116 126 85
114 50
103 50 58
109 65
17 87
34 56
130 41 51
0 17 9
63 68
17 39
137 80
1 112 85
106 138 46
60 62
29 56
107 132 4
0 111 140 142 38 39 53 72
139 38
119 38 81
136 22 36 41 42 58 91 99
17 85
108 99
37
29
111 119 3 52
104 125 31 48 58 65
123 17
103 126 4 5
126 39
1 107 110 22 56 7 74 85
0 5
113 42
23 39 4 50
1 126
103 126 48 53
1 17 25 50
136 51 67 99
122 136 58 72
20 56
141 3
108 5
50 85
17 51 94
114 43 56
126 17 32 41 5 50 75
3 40 49
132 37
133 4 5
103 126
0 51 65
17 37
109 40 81
115 140 31
102 21 71
22 50 75
26 31
126 40 90
52 60
0 26 40
114 85 99
103 107
136 78 81
0 50
20 24 4
29 5 78
129 130 141 17 38 42 66
119 40 56
82 88
104 112 139 32 37 58
115 138 17 29 4 85 90
107 126 52
103 109 130 24 41 5 72
17 75 80
1 95
141 24 4 42 93
109 18 7 80
112 127 140 94
0 1 107 112 119 126 17 32 41 50 60 68
102 111 125 17 20 50 62 88
109 111 125 42 50 82
111 24
21 82
102 35
101 124 56
111 126 140 42 90 96
1 109 99
109 29 56
109 40 82
126 50 90
1 111 46
31 40
16 40 90
103 114 140
109 141
111 32
50 62
118 17
22 5 58 74 75
1 15
42 56
5 65
139 19
119 134 20 4 81
35
1 20 45 46 72
1 114 57 65 99
103 15
1 132 82
41 60
113 7
138 139
40 42
107 37
1 66
109 39
140 20
74 99
109 130 40 50 80
1 90
132 140
109 112 132 141 81
109 111 29 50 80
0 131 132 50 99
111 126 130 17 58
114 4
109 116 129 25 42 65
111 126 17 22 40 41 50
103 109 115 14 17 50
58 60
114 140
119 82
109 48
0 135
119 137
10 22
22 4
74 92
3 64
108 25
111 31
24 36 40 56 85 97
109 90
130 26
130 94
10 103 131 38 54 69
126 139 29 36 4
109 42 48 58 65 85
109 141 19 36 49 81
107 99
109 29 85
119 91
0 42
22 81
132 46
138 64
126 71
107 109 132 141 58 68
104 24
25 41
40 88
4 85
62
10 119
15 20
15 50
119 37
10 66
42 85
0 127 17 48 52 65
105 17
136 17 4 50 60
114
136 70
107 132
130 59
17 19
42 80
10 88
119 81
132 57
24
17 42 50 80 90
10 109 119 138 65
126 24 4 60 80 82
138 39
111 127
10
72 93 99
4 56
20 37
32 5
114 58
126 4
31 36
58 92
59 70
31 81
71 92
24 31
125 22 66
17 75
31 50
122 45
110 5
52 63
1 103
20 5 50 51
103 109 122 52
109 24 60
0 85
103 126 85
84
102 4
134 42
20 71
109 66
114 123
109 80
95
1 17 60
119 39
140 52
118 29
112 56
37 48 58
126 36 50
31 92
47 50
4 92
111 142
121 75
109 20
56 79
35 38
110 42
40 69
102 80
56
0 56
0 58
115 58
82
129
115 141 58 90
36 82
22 43
130 57
56 71
52 68
0 67
117 134
136 26
63
45
116
125 25
17 46
112 58
126 4 81
40 59
116 41 52
0 19
29 32
109 4 41 55
107 24
7 72
111 123
131 56
17 68
0 110 21 76
119 72
3 62 81
119 60 90
36 37
114 29
137 17
28 37
109 60
25 47
3 82
36 90
119 130 17 32 35 38 50 67
126 60
126 35
113 36 56
130 52 87
111 99
24 51
1 132
39 82
109 58 68
107 140
112 130
126 127
14 41
106 48
80 81
126 15
58 85
1 126 32 73
130 29
104 63
10 111 126 134 32 36 37 50 57 69
126 27
122 46 51 60
138 42 58 67
107 136 40 50 82
1 111 127 136 141 17 31 7
0 91
109 134
126 128
108 20 85
24 49
26 37
107 122 130 141 20 29 36 40 42 5 50 58 65 82 85 99
106 37
110 130
130 40
103 119 136 35
94 99
109 13 34
50 63
42 90
0 31 85
103 112
111 126 48
26 5
34 82
47 69
111 130
5 50 56 63 95
102 4 50 58 7
111 40
130 25
134 5 56
125 14 141 17 31 80
125 68
109 21
112 114
24 40
122 80
50 68
14 38
109 38
4 93
123 126 43
140 20 65 81
0 29
40 58 82
125 132
129 34
119 15
17 92
111 123 22
1 134 3
22
1 105 131 50
1 20 5 64
21 54
109 15
32 42
107 126 17
26 34
111 92
112 119
111 35
110 47
49 65
135 29
107 88
105 109
119 126 39
139 4
130 20
50 81
114 17
26 43 58
109 119 139
111 125 5
139 56
34 50 58
130 80
57 80
119 67
126 62 94
109 92
127 17
60 95
126 38 58
14 48
138 4
51 52
107 130
4 68
5 66
60 91
130 4
112 81
1 71
16 52
113 44
116 40
109 62
119 51
18 52 76
24 85
112 82
5 92
138 90
123 46
108 7
126 138 58 62
42 8
112 138
107 65
126 40 99
105 31
17 34
29 41
37 82
119 126 134 51 58
114 119 123 28 75
125 43
141 62 83
0 1
115 56
139 54
107 31
114 20
17 31 5
129 68
60 63
138 36
125 22
10 109
39 98
114 94
110 75
14 65
20 39 52 81 99
126 49
109 138 4
15 42 60
0 131 59
29 3
46 63
14 3 72
126 37
114 56
135 6
102 41
31 79
106 112
109 20 52
50 94
130 36
104 82
118 34
134 138
111 69
123 20
129 36
32 58
36 4 92
109 49 63
111 46
35 62
130 39
141 68
32 40
41 58
19 31
111 68
131 41
10 129 66
119 50 81
138 26
110 111 80
105 24 90
137 4
111 67
42 58
107 129
111 63 74
138 14 58
141 5 90
3 4
17 88
130 81
0 40
139
22 23
108 50
56 9
29 50
103 116
38 73
29 38
106 56
5 56
24 29
17 21
103 138
17 53
1 45
0 109 21
109 99
134 72
38 86
107 41
132 17 60
109 24
141 99
14 26
3 5
13 43
119 69
111 126 63 85
109 58 88
109 132 81
110 36
31
39 4 40
109 47
103 15 50
43 84
132 90
138 38
111 48
119 136 9
21 3
15 40 50
60 80
110 138
109 22 42 52
103 111 81
109 3
141 80
119 136
128 142 85
1 14
129 32
41 52
30 80
16 20 50
41 50
108 67
17 35
131 20
56 58
109 110 114
132 142
107 110
34 51
132 84
108 109
107 58
111 17 51
127 20
119 124 50
132 53
109 115 50
54 58
130 49
4 87
43 64
107 133
58 69
111 133
116 62
126 83
0 94
1 113 72
103 36 52
22 84
103 111
70 82
20 4
51 64
22 31
50 97
57 58
29 40 52
140 58 92
138 37
22 87
119 88
123 4
80 92
36 56
1 10 4 62
1 107 126 40
47 63
14 29
137 51
48 81
102 141
115 117
58 80
37 7
111 37 46
17 43
126 29
134 14
126 130 41 57
1 31 5 57
14 31
10 50
137 50
4 54
25 85
141 50 92
63 85 9
126 135
10 136
17 56 81
10 119 52
103 88
119 94
110 136
126 20
10 114
119 7
19 28
75 81
109 17 58
102 50 56 72
107 140 4 50
138 32
126 38
1 81
38 85
22 90
125 95
106 3
111 112
10 97
31 80
41 54
111 66
17 98
116 60
102 82
139 4 99
140 85
129 25 34 60 84
35 41
111 88
1 103 104 40 85
37 99
29 36
83 85
123 39
102 109 50 56 58
104 47
13 50
63 75
140 82
101 139
22 24
131 3
131 58
134 94
107 119 50
63 73
103 119 5 63 99
35 60
101 50
134 88
132 26
29 58
110 60
25 7
116 58
81 99
42 99
124 35
129 132
50 79
125 81
107 85
103 35
54 85
142 17
129 5
132 81
64 91
103 110
0 121
103 38 85
4 50 67
109 142 99
46 52 81
119 127 20
0 109 119
25 39 41
58 81 96
109 119 46
102 126 50
109 19 58
109 37 50
109 136 22
10 26 5
142 17 34
3 49 63
132 22 41
119 125 37
115 125 39
119 21 56
133 42
110 20 51
32 42 80
119 70 81
50 95
20 45 48
116 130 43 64 7
138 82
43 82
103 24 56
111 14 20 32 81
114 82
119 17 37
1 134 58
109 126 68
122 48
138 75
109 114
51 58
119 131
22 4 58
123 20 37
138 56
105 62
134 138 20
26 42
114 138
119 129 56
137 82
111 36 62 66
42 50 53 56 63
111 119 43 48 50
106
37 68
137 49 5 85
107 132 19 58
107 125 29 65
103 132
58 59
32 72
102 29 36 81
17 22 67
106 5 60
12 126 25 51
126 40 5 60
57
1 98
41 50 63 82
19 63 64 72
0 125 141 81
130 17 33 41
32 50 54
119 60 65 99
3 75 81
129 41
74
137
119 126 141 24
102 111 4 58
66 88
36 54 99
114 119 134 50
111 22 29 45
109 52 59
17 31 50 81 82
142 38
127 22
33 39
37 71
107 50 90
126 127 140 75
130 17 20
130 14
50 88
107 40
29 5
111 28 36
40 82
107 3
1 3
103 126 4 88
50 72
0 138 68
140 27
141 81
126 19
0 17 51
129 22 35
109 138
136 85
118 94
105 132
47 91
25 49
130 41
93 99
138 71
132 32 58
42 49 66
119 46
18 65
0 126
119 38
17 48
0 32
42 73
103 29 32
126 139 50
136 41 58
125 130 32
51 60
56 63
24 42 47
25 60
103 29 50
126 47 58
15 57
88
103 119 32 58
109 129
132 4
63 65
43 49
125 126 17
119 71 94
4 74
111 20
0 14
138 65
116 59
56 85
23 43
134 19
118 50
137 14
101 24
18 38
115
40 99
111
121
60
138
51
54 74
71
97
43
0 76
40 41
2 42
103 11 32
101 46 5
119 75
139 85
40 85
126 75
134 46
82 9
17 71
1 13
59 62
142 20
58 96
3 85
22 34
47 56
12 41
29 4
34 78
111 39
138 72
51 81
125 32
56 81
127 65
131 14
111 37 7
4 72
43 66
111 141 38
60 85
134 17
111 38 65
36 56 58
109 34
111 119 82
62 65
50 54 58
58 65
125 64
1 126 26 42
17 55
130 74
17 8
125 82
38 62
1 130
25 65
103 126 22
107 46
108 4
17 51
126 38 52 67
138 5
1 8
132 50
50 53
37 41
14 58 65
132 40
129 7
37 65
103 17 5 58 65 82
39 52
117 127 15
25 79
1 109 141
116 141 17
16 36
109 115
103 109 110 115 38 52 81
0 102 103 138 42 5 50 65 71 72
126 17 20 60 67
109 56
1 49
38 42
109 28 32
106 13 134 141 50
107 111 22 4 68 85
50 75
131 32
116 73
13 17
139 142 17 75
132 80
19 50 60 99
109 22 5 81
103 122 17
137 24
129 77
48 50
1 37
110 20 4 60 80 82 99
109 76
107 109 20 22
11 74
20 7 85
42 66
103 107 109 135 136 50 64
111 130 38
134 25
106 22
101 111 116 118 17 39 41 58
82 90
51 88
111 134 63
63 81
119 17 22 41 77
132 51 88
109 134 52
11 126 142 36 49 5
1 138 19
21 42
109 116 125 134 4 60
138 38 60
109 113 114 136 17 24 4 42 46 54 62
111 119 129 138 17 25 30 50 56 58 65
141 40 50 75
109 114 116 126 141 32 33 50 65 68
1 109 132 138 20 24 36 39 58 60
126 136 56
36 54
119 17 19
109 127 140 21 58 64 7
10 107 119 125 16 35 38 5 58 60 97
102 81
109 110 125 36 48 50 58 70 82 85
29 42
17 54
131 132 140 22 30 31 41 42 64 67 98
80 88
36 40
0 111 122 129 13 136 137 32 35 92 97
125 20 24 5 50 58 72 85 99
110 35
46 65
10 125 130 50 52
126 131 17 19 20 3 38 56 66
109 17 4 47 49 56 72 76 82
36 55
103 109 126 36 4 56 58 70 72
50 87
4 51
32 63
107 17 22 29 5 50 85 95 98
103 119 126 15 22 31 34 51 92
1 111 126 132 40 42 65
10 111 24 31 40 42 52 60 75
107 111 42 85
29 68
109 17 7
110 13 15 17 22 24 40 50
120 125 126 132 19 29 40 57
111 126 3 31 36 40 60 72 82
50 7 99
103 130 132 37 38 56 75 80
107 109 19 25 5 58 60 85
103 104 107 22 30 39 42 82 85
109 126 60
17 62
4 94
20 22 4
111 17 32 36 47 49 52 72
127 63
107 108
18 49
105 115 14 21 22 36 5 51 85
1 57
114 119 34 99
111 124 132 14 22 32 34 40 60
141 71
103 109 17 34 41 52 62
103 68
1 119 17 22 47 50 58 60
32 99
19 66
119 140
123 125
0 103 134 136 17 23 3 42 56
114 65
1 109 110 111 142 25 37 75 99
24 50
29 42 50
46
104 43
48 56
109 40
4 82
25 45
35 71
36 49
111 7
26 71
0 70
132 38
108 66
26 50
110 141
1 63 98
105 132 75 79
17 99
111 38
20 29
18 7
111 134 50
50 57
41 71
109 112
125 67
132 99
125 31 56
110 59
22 53
109 41 52 7
111 70
109 9
132 39 42
52 82
25 31
36 47
19 50
134 58 90
47
142 42
125 72
137 98
109 39 50
118 56 57
109 119 38 56
126 141 29 82
119 138 17 36
139 51
1 4
42 81
104 5
119 71
109 28
25 38 78
136 52 7
103 118 59
13 40
138 57
111 29 49 50
5 82
116 71
111 140 50 99
52 90
1 111 113 39 42 50 52 81
131 71
134 90
109 118 41
129 52
35 50
112 136
32 82
111 50 54 7
141 39 42
119 20 58 82
47 98
107 110 24 63
10 109 129 138 17 2 20 42 71
118 119 12 17
134 136 17 36 4 50 58 62 63
106 131 140 22 32 36 5 58
0 14 22 25 39
103 56 60
79 90
125 60
126 40 52 64
39 70
20 9
31 40 42 50
20 24
0 17 52
20 38
111 141
40 67
136 4
139 141 40
73 85
141 17 22 26 71 82
10 126 32 4 40 43 47 50 81 85
103 111 125 132 140 20 38 48 54 58 60
116 32
119 130 40
109 111 129 132 136 138 39 68 81
103 110 130 14 15 18 35 39 4 41 5 56
1 102 111 119 13 132 42 46 50 68 96
126 67
103 111 114 121 14 17 32 45 56 82
103 106 119 127 17 22 4 50 51 56 57
38 80
130 65
0 13 132 136 141 17 20 22 36 42 9 99
24 50 52
126 132 134 14 20 29 40 41 5 75 81
1 111 134 137 29 4 43 58 7 80 85
111 13 132 14 19 45 5 50 54 56 83
109 111 126 127 36 50 7 72 81 82
3 58 63
109 119 126 22 26 31 50 58 60 68 81
114 19 36
0 107 118 130 40 46 49 50 52 63 81
52 73
126 39 58
138 20 35 36 38 42 50 51 56 60 85
103 92
37 64
141 15 24
111 130 4 46 49 74 79 83 85 99
107 109 119 141 29 4 43 51 56 57 58
38 88
17 33
109 75
134 139 20
125 31
2 67
103 105 109 119 126 129 136 17 20 22 3 38 42 50 63 81
132 36
130 52
41 80
13 4
20 62
24 41
121 3
125 7
39 4
29 57
112 40
48 92
116 132
14 4
20 36
115 32
20 63
111 34
111 59
111 2 67
46 58
42 59
113 72
91 99
111 22 81
138 52
136 38
54 60
127 32
54 90
4 49 50
103 43
119 2
130 82
119 24
140 9
103 67
50 64
132 66
132 14
103 51
132 92
22 92
122 54
1 134 17 29 56
123 7
56 90
123 38
132 136
5 99
24 56
132 94
129 29
107 17 4
126 73
38 49
0 71
126 74
110 81
102 111 125
4 60
130 72
111 15
103 39
1 47 81
0 65
3 32
34 9
67 85
106 107
46 66
38 39 40
109 20 58
132 17 37 60
39 72
141 75
13 141
0 25
19 48
105 36
20 55
111 13 38 65
114 119 17 58 81
131 138
141 73
119 53
123 42
110 119 17 58 83
21 7
22 41
119 131 39 58 81
136 24
17 90
1 126 46 57 92
109 126 17 58 80
126 134 141 17 82
14 29 60
36 40 42 52 85
119 126 36
126 20 22 4 60
10 138
58 62
134 36
140 38
112 131 56
109 17 60 80 90
103 111 137 25 58
0 85 99
4 5 56
103 105 50 72 75
52 54
109 32 5 58 99
126 13
111 126 17 6 66
17 58 60 61
114 4 50 7 78
110 121 132 17 32
108 17 3 38 61
109 17 22 54 82
103 111 32 82 99
111 132 38 5 50
105 119 49 58 92
107 110 112 13 92
0 111 126 131 87
119 22 72 96 99
110 32 36 41 50
138 58 63 69 82
126 3 35 52 98
111 126 22 32 47
119 3 39 4 93
122 126 29 81
126 19 5 60 63
25 36
133 64
109 138 36 4 94
7 74
31 69
136 81
10 72
20 95
40 77
22 63
109 130 41
42 91
110 79
0 41
5 54 72
7 82
102 90
66 81
0 24
111 37
137 42
126 130 138 21
1 29 34 7
119 141 36 60
102 116 60 72
109 138 43 5 63
130 17 42 46
1 34
131 132 134
138 14 5 50
17 25 50 63
109 48 65
103 99
113 85
111 132 134 58
125 52
17 5 52 58 60
114 74
17 70
130 34 50
103 104 109 21 40
31 50 75
126 4 85
14 71
1 129
21 34
109 71
125 5
5 75
38 5
38 7
82 95
15 31
42 63
112 62
107 17 24
16 46
40 46
119 127
0 7
17 50 82
77 93
112 36
106 51
124 85
14 60
130 90
90 92
137 90
20 40
18 51
41 42
126 90
123 50
15 29
68 99
107 43
126 5
17 27
107 4
136 83
124 99
116 90
125 21
57 63
32 52
0 115 29 82
131 5
22 39
25 56
13 36
48 52
11 90
118 42
116 22 54
4 57
1 56
11 130
103 7
10 112
110 126 4 42 80
135 42
123 22 60 74 99
1 119 125 50 60
109 111 17 37 81
119 17 42 46 82
116 34 47 58 68
0 34 5 50 72
0 109 113 119 50
121 20 4 7 82
102 114 59
130 131 139 5 88
50 7
109 111 37
38 46
17 74
17 5 70
18 4 50
111 125 32 56 57 66
107 126 132
110 131 58
103 109 42 60 85
107 17 66
36 87
74 80
111 49 60
138 21
22 58
10 24
109 20 36 50 9
103 119 126 138 36 5 50 81 85
3 38 39 58 66
0 110 123 125 63
122 130
136 34
141 41
32 51
1 13 17 81
138 40
71 99
109 57
85 90
115 70
103 36
139 5
139 36
57 81
31 63
138 22 40
17 25
114 3 37 81 91
36 88
17 37 56
110 58 68
47 50 81
14 68 71
107 138 56
140 17 22 75
110 126 2 50
103 134 14 17
0 99
111 142 40 88
119 126 22 63
119 4 49
135 82 9 90
63 93
103 125 138
114 142
29 3 42 75
102 52 60 83
17 20 42 60
36 39
126 134 50 53
138 32 42 54 56
103 107 42 50
132 17 46 58
111 119 50 56
104 22 39 58
17 29 39 82
109 125 40 72
103 107 132 138
107 20 36 4
102 109 17 29 4
110 17 40
126 36 37 57
13 141 47 50
131 50
119 130 17 50
119 36 37 41 50
1 129 139
122 126 32 39
20 36 58 95
111 7 82 85
111 97
17 22 81 99
111 132 34
111 126 29 37
122 74
109 111 17 4 41
111 36 38 50
136 5 50 60
108 134 42
103 42 72 93
103 109 126 85
126 72
114 125 49 58
17 22 24 5
46 7
106 7
126 127 50
111 3 49
130 4 58
131 50 58 8 82
1 24 52
115 32 50
0 10 111 19 35 58
17 26 51
107 15
42 83 85
17 46 88
17 39 60
111 31 43 60 62
136 52 58
130 31 80
109 136 22 4 5
126 60 81
109 38 50
130 17 39 54
20 34 99
111 136 60
103 5 52
116 67 92
109 126 50
130 139 93
138 46 50
54 56
126 26 41 49 56
126 97
17 5 75
111 131 17 3 46 50
110 119 50
111 17 75
130 14 20
1 119 134 136
109 126 42
5 50 65
13 40 90 99
0 103 38 67 88
109 15 58
107 109 37 4 80
109 19 36 7
109 126 127 136 138
107 29
140 50 81
112 119 136
10 119 5
103 119 51 58 93
109 125 2
109 34 58 60
1 111 21 38 80
109 125 22 41 60 87
117 22 37 85
13 32 42
116 18
1 108 134 88
114 13 56 81
111 113 126 17
103 19 58 99
131 42
109 3 52 82
114 117
10 110 119 90
109 40 62 75
17 75 86 90
130 139 50 85
138 50 60 75
1 119 4 51
119 132 36 40 65
52 54 58 90
20 56 58 59
131 98
138 41 56 72
1 102 80 90
17 60 91
0 130 65 80
111 115 38 50
119 131 138 17
109 126 60 72
103 109 60 65
126 36 81
102 58 74
114 17 39 49
28 50
107 136
118 132 56 91
40 49 5 60
126 134 29 81
17 32 92
104 119
125 20 34 68
107 127
103 5 50 94
19 2 60 91
111 32 4 90
60 66 80
24 58 81
125 126 29 55
103 138 17 56
103 109 22 81
39 4 42 90
126 132 134 17
125 39 4 57
49 81
22 29 50 93
126 133 17 38
111 119 132 21 40
120 42
104 116 40 61
109 130 4 58
136 50
102 99
126 13 4
111 119 125 42
129 22 56 82
38 60
111 119 16
10 105 114 130 17 22 39 49
126 29 42 47
109 48 81 99
130 68
0 119 131 50
131 34
2 56
125 126 31 50
119 42 56
129 42 85 96
126 42 94
10 126 38 63
19 37
141 17 57 94
104 126 132 50
103 140 28 50
119 123 126
129 132 17 41
69 84
109 17 22 99
114 116 119 14
122 58
63 65 67 81
110 52
1 126 17 72
108 114 125 22
141 93
38 93
112 29 32 7
136 39 65 88
53 62
109 138 7
17 42 5 90
109 119 81 83
119 41 62 7
38 57
136 99
124 17
103 111 113 29
103 107 140 99
109 22 50 63
126 22 39 4
113 54
18 36 38 99
126 53 54 99
32 34
109 141 34 42
103 140 24 42 99
109 24 32 7
101 102 126 50
109 30 5 91
109 22 4 63
41 50 81
1 17 29 88
20 22 50 56
110 126 50 57
126 22 26 32
17 36 37 65
119 126 136 40
103 131
116 37
17 39 50
17 38 63 67
116 139 58
103 108 111 56
111 17 54 82
17 20 31 4
111 125 60
109 29 70 75
111 37 65 85
1 40 94
116 3 41
104 50 59 68
136 17 29 85
121 129 134 32
24 32 50
103 119 17 36
1 74 85 97
1 119 50 85
126 17 74 99
51 72
134 138 36 45
119 140 39
107 72 92 97
137 141 52 60
0 40 5
121 31 32 92
102 107 109
119 29 42 85 91
109 110 5 60
119 17 49 81
111 50 56 85 99
105 85 9 98
126 43
138 43 56
109 111 97
0 119 82
109 126 136 42 56
105 56
4 46 86
102 20 33 58 94
109 36 41
17 5 85
39 42
109 81 82
110 29 7
42 58 59
109 126 13 136 27
15 17 42
110 67
125 17 50 58
0 17 31
111 125 35
134 17 38
119 126 92
107 109 54 99
103 22 58
111 52 81
119 14 140
102 103 138
124 142 58
32 50 66
112 17 48
126 47 99
20 75
0 22
85 99
111 116 32
1 113 136
130 140
109 111 116
17 40 68
17 98 99
138 36 49
111 113 114 65 85
126 32 36 72 92
111 139
111 50 56
111 114 31 50
17 32 82
28 60
130 17 32 63 85
134 60
108 119 130
111 74 88
111 36 4 50 71
29 82
4 50 71
103 4 41
130 17 60
123 126 50
111 53 58 81
130 135 60
116 17 90
114 36 85
10 103 109 126 58
126 138 60
126 17 5
102 17 3 5 60
106 52 65
24 58 60
139 40 60
111 134 38 58 6
0 72
126 139
17 50 58
109 126 29
0 109 115 131 58
26 50 56
125 17 29
136 25 5
15 82
140 41
111 126 4 58 72
103 42 56
119 34 47
39 50 68
136 20 35
0 111 39
109 116 126 39 68
110 134 60
49 60
10 107
17 52 54
17 49 50
1 20
109 32 43 50
16 17 51
36 5 59
141 50 90
131 31 52
109 132 50
108 119 129
0 119 132 5 50
131 56 96
2 82
0 131
10 103 104
107 116 132 141 50
136 45 80
119 73 83
127 5 99
139 42 92
111 60 99
130 88
126 17 20 39 82
45 50 60
17 31 49
50 58 85
111 132 29
0 125 36 50
136 71
126 31 60
109 37 57
1 107 50
104 36
39 50 93
125 130 82
40 50 63 81
34 60 98
109 126 82
130 38 7
108 109 111 114 139
40 50 58
85 90 92
108 17 73
111 35 42 43
103 111 99
0 103 33 50 70
126 19 92
107 17 97
34 99
32 80 98
26 66
103 17 25
42 50 80
1 111 126
110 17 60
107 111 81
140 43 58
119 41 50
4 50 68
126 141 41 70 99
116 132 24
58 7 92
1 109 29 4 85
17 94
10 4 58
110 58
50 90 99
39 4 50
42 61 65
109 20 81
126 40 88
20 32 58
34 35 42 47 49
108 15 65
65 80
111 36 51
115 138 5 63 85
107 60 65
114 126 40
119 56 99
126 22 58
50 80
112 17 82
107 114 119 56 66
10 126 136 25 50
112 17 42
24 58 85
118 68
119 66
53 57
118 132
133 5
121 5
103 111 24 50 85
130 66
4 43 48 68 81
142 52 63
138 141
36 65
103 130
39 49
45 73
136 40
103 104 111 116 131
10 124 25
118 17 3 58 60
132 86
109 131 35 50
17 96
110 17 53
1 82
42 48 93
115 127
64 80
142 57
119 32 75
111 132 50 57 67
126 17 3 50 7
107 136 139 26 98
111 50 66
106 111 113 41 48
49 94
29 75
38 4
124
1 12 31 37 40
109 124 130
122 40 68 71
111 91
50 58 82
107 138 38 65
108 52
125 140
1 74
111 129 88
107 139
111 136 48
52 81
10 139
136 29
20 38 81
10 140 42
103 116 99
48 54 65
141 35
110 135 80
111 22 49
105 107 126
10 36 4 42 58
17 32 36 60 65
1 46 56
103 69
134 56
17 42 52
112 17 29 50
134 139
118 59
125 24
129 22
85 92
63 91
100 107
71 78
116 69
132 35
114 36
0 66
141 21
124 137
141 17 31 32 42 50
104 99
43 60
103 124 129 46 66 80
108 111 54
102 92
119 41 50 68 75
118 6
132 5 62
31 60
14 141
112 42 99
103 107 125 3 50
13 16
49 91
51 56
50 6
110 19 50
105 81
110 90
111 93
103 131 36 4 80
102 68
52 60 94
109 31 58 71 81
136 141 58 62 7
0 130 59
32 64
125 34
107 60 67 81
110 33 50 52 58
102 111
40 60
75 85
56 57
108 13 88
140 17
130 20 42
126 17 64
110 32 39
47 60
40 52 56
65 85 9
111 50 68
17 4 41
111 48 57 58
40 92
122 51
51 7
10 81
129 31
103 58 81
65 76
132 41
102 107
60 99
6
38 43
54 75
67 7
34
116 50
43 68
32 77
28 79
36 51
103 140
138 74
3 65
110 85
122 138
36 43
111 136
110 14
20 94
32 74 99
140 48
60 81
110 125
34 40
50 7 85
104 60
131 80
19 24
103 82
136 54
111 20 34
1 119 24 56
115 124
111 68 99
116 38
13 132
10 38
66 92
125 70
110 38 77
1 103 50
102 39
10 109 130
111 119 68
109 119 37
102 126 92
126 57
68 90
1 104
13 99
108 126
1 119 56
119 139 42
35 64
4 52 70
4 71
119 40 62
125 132 78
68 82
119 41
39 43
136 56
71 85
115 55
20 58
139 41
36 39 56
87 99
109 111 119 126 22 37 49 99
129 132 138 50 78
114 85
15 32
126 51
40 49 88
116 88
1 41
115 99
132 136 17 7 82
47 93
4 90
14 42 5 65 81 92 99
82 99
115 130
4 63
103 141
122 5
1 42 60
42 57
102 109 126 131 20 33 39 42 46 50 58 63 82
109 32 5 52 85
14 42 59 75
109 14 65 90
41 46 58
129 82
125 17 58
17 28
36 74
111 126 49 50
134 34
136 41
130 73
72 99
0 4
52 99
20 90
22 46 53 98
31 56
136 32 51 92
10 39
136 49
122 46
126 82 92
109 130 46
41 42 49
111 137
109 111 114 20 50
132 46 81
107 115 130
5 98
108 139
1 127
107 138 99
10 103 41 58
38 63
126 134 41 90
111 114
17 72
1 62
111 140 31 49 56 63 85 99
136 20 22 24 29 56 57 60
140 37
126 25
139 17
41 63
45 98
137 81
17 20 25
132 25
137 52
103 91
121 29
20 88
18 43 7 85
50 61
1 137 71
21 22
126 54
107 112 119 132 136 31 32 38 42 54
116 130
119 64
126 138 17 49 57 58 65 82 90 99
22 3
117 22
130 71
19 91
29 49
118 130 18 65 99
116 129
136 5
13 71
76 99
109 131
69 71
119 135
106 119
32 49
136 96
119 68 81
134 141
72
126 63
119 19
125 59
109 111 112 138 31 41 50 63 65 99
24 60
112 32
140
125 65
17 31 50
112 118 122 17 38 87
112 114 90
31 68
1 119 138 32 79
104 119 122 126 17 73 85 99
10 17 36 56 81
42 61
126 140 58
43 50
115 17
102 110
119 126 17 50 58 64 7 88
111 14
123 138
34 5
103 56
17 19 36 50
20 72
124 126 29 40
60 93
119 40 47 63
134 136 38 42 71 82 85 90
1 132 58
102 116
75
118 54 80
97 99
110 126 62
109 54 60
133 56
26 60
36 38 58
131 42 64
110 22
116 40 58
56 65
107 7 82
111 119 125 138 39 42 58 70
38 49 96
22 38
10 36
107 81
25 81
125 29 50
67
125 20
112 132 138
1 76
131 4
20 42 5 50 84
0 126 17 20 85
48 49 52
103 46
111 13
109 132 31
3 80
58 68
106 31 58
140 92
1 63 7
111 63
107 66
115 141
88 99
10 58
103 14 36 39 4 41 42 60 66 99
131 92
40 64
109 58 93
111 134 17
104 126 22 29 41 57 58
1 142
111 21
22 54
29 48
14 99
17 26
125 85
1 111 43 58
111 94
110 134
141 70
129 85
119 26
19 94
84 98
17 6
47 90
3 48
129 73
62 88
0 10 126 17 36 40 52
3 90
102 109
107 90
130 141
126 68
20 47
103 97
63 85
62 95
0 10 107 109 126 130 136 17 22 32 39 43 5 50 60 63
118 39
53 60
38 51
31 62
108 96
52 70
138 22
105 46
106 52
119 57
29 33
102 52
137 52 83 91
81 85
111 43 72
112 125
109 54
42 51
103 31 50
58 71
129 17
137 22
10 29
126 131 99
131 53
119 98
13 137
96 98
132 74
138 51
0 38
102 38
107 125
1 43
20 59
4 61
106 40
37 56
75 82
141 82
111 122
142 43
14 56
1 134
41 7
85 86
104 49
107 26
116 91
118 38
125 58 60
109 111 124 134 17 20 32 40 50 57 82
10 40
50 76
111 132 14 27 29 36 58 7
34 42
105 60
75 94
68 81
23 32
107 4 71
106 132 29
111 126 36 42 49
114 17 38
112 42
112 7
10 102
31 32
18 72
103 3 31 62 81
0 137
115 51
50 83
119 43 5
17 29 40 62
109 111 34
36 69
106 134 25 60
111 129 132 20 32 54
7 75
131 59
31 41
1 65
134 20 60 82 99
117 126 17 38 81
59 65
115 17 38 5 92
29 65 70
142 9
39 67
90 98
119 122 29 40 81 85
17 60 83
47 58
132 72
19 34 4 58 63
141 42
119 22 92
134 79
109 49 51
103 105 85
136 31
126 141
1 102 37
109 119 32 36 4 50
119 61
132 59
50 52 57
125 126 136
25 32
1 119 132 37 38 49 58 60 7 75
43 5
39 94
140 32
126 36 62
125 14
113 60
112 85
123 3 40 46
31 88
118 126
133 84
130 93
26 28
24 72
136 17 26 28 64
132 4 42 50 75 85
41 99
0 118
138 28
65 72
130 14 41
119 63
74 85
103 20
103 142
0 107
36 7
139 20
113 20
36 41
17 22 58 96
37 85
110 122
138 36 82 85
107 138
1 51
36 70
105 134 26 56
107 32 42 81
102 109 126 86
0 103 126 42
31 42 94
1 132 17
111 113 125 50
130 40 70 80
56 70
1 112 126 17 50
111 31 58
109 20 40 56 90
138 19 34 42 50
107 116 132 140 39
107 109 126 140 58
126 137 20 40 7
118 140 70
103 17 52
10 5 79 97 99
0 103 111 120 83
26 51
111 17 39 4 81
11 119 130 48 68
102 107 39 82 90
34 38 4 7 99
116 24
109 41 57 60 74
1 103 36 41 50
119 58 60 81 99
1 50 58 72
113 47
134 24 4
11 7
116 25 39
124 48
107 47
1 34 50 53 56
17 4 50
109 116 130
109 26 50 65
47 8
0 132 17 4
36 37 63 7
1 38
0 139
109 122 81
80 94
132 20
125 56
19 32
134 5
26 4
138 47
131 57
14 91
103 106 131 7
139 55
4 74 99
130 3 99
14 2 48
103 40 93
132 17 46
117 32
1 124 126 56
21 50
106 32
125 42 81
1 26 58
58 82
104 17
1 17 90
111 4 58
103 126 14
129 67
108 109 99
29 3 32 40 48 60 85
142
1 119 39 4 47 56 93
103 109 119 126
111 125 139 50 59 82
101 119 66
102 134
109 111 17 3 46 58
4 50 85
41 85
109 110 111 37
40 74
52 75
17 95
115 119
20 57
103 106
70
14 47
137 87
138 88
56 99
102 50
22 70
39 66
0 43
127 136
142 72
141
32 46
10 51
18
125 36
138 80
119 95
19 40
118 58
107 80
14 7
103 27
32 73
17 73
2
68
14 24
12 34 42 82
110 114 126 130 14 20 34 43 5 82
111 20 39 61
29 65
115 76
46 64
109 111 67 85
141 25 94
125 50 82
106 130 74
1 19
111 87
132 24
117 126
14 36
131 32 48
103 34
90 99
39 62
131 39
119 56 67
36 95
133 58
102 32 60
0 119 35 4
134 60 86
14 37
136 52
130 24
115 42
129 51
109 132 14
114 75
141 32
60 72
138 34
1 137
20 67
14 85
14 50 52
103 11 65 75
111 118
58 79
114 136
111 114 119 132 21 75
13 51
22 51
130 31
131 52
49 80
5 63
122 24
132 2
110 72
118 41
40 43
10 116 126
82 85
63 82
39 93
63 97
10 111
15
134 98
5 91
102 21
32 88
56 93
21 40
58 77
111 33
124 38
111 129
124 41
82 83
141 90
14 46
10 107 130 132 17 24 42 43 5 51 56
109 112 20 42 58
42 79
137 32
107 112
101 20
103 73
1 39 70 99
60 64
49 98
5 80
125 129
103 111 36
38 81
114 132
126 22 57
110 12 126 36 42 50
116 81
126 49 50 54 66 90
0 1 109 111 50
131 85
103 111 141 24 32 58
1 129 17 25 47
1 110 130 39 42 60
110 69
109 129 132 36 65
0 126 41 50 79 85
107 114 125 130 138 39
132 138 38 51 54 56
17 22 63 7 80 81
0 112 134 19 50 58
107 109 111 126 88
115 5 51 72 81 84
109 11 17 3 42 50
138 24 42 56 57 58
107 111 119 126 34 56
122 56
119 17 25 32 75 85
109 111 42 58 81
111 126 50 56 72 80
111 119 132 26 5 71
121 50
141 5
3 54
81 92
64 90
136 47
139 22
51 68
119 121 125 90
119 18 71
138 41
111 95
115 134
119 130 136 26 42 43 49 58 60
109 49 92
140 17 26 58
102 136 3 37 40 49 50 51 68 91
0 4 50 63 75 99
109 111 119 125 126 140 30 39 4 54 74
105 126 22 3 32 38 49 50
109 113 119 137 14 50 52 60 63 65 77
103 24 3 34 50 58 68
141 19
26 85
38 74
1 126 140 22 50 58 63 7 82
141 32 65
107 109 111 114 129 134 22 26 32 41 5 68
1 111 65
0 140 40
126 3 58 60
34 43
107 116 132 36
122 48 58 71 82
104 126 24 58
23 99
17 52 85
103 111 134
107 46 70
1 105 111 123 125 17 29 4 5 69 70
134 7
34 66
107 109 114 18 80
108 138
134 142 50
140 4 42 50 7
111 119 20
130 92
29 67
0 107 111 36 39 50 58 65 75
125 78
1 47
103 104 132 138 21 41 47 49 51 71
1 36 80
110 14 4
129 42
138 27
15 75
130 3
105 57
126 129
34 4
134 75
1 116
1 119 58 65
114 22
109 113
6 82
4 50 75 99
1 109 41 45
132 5
9 99
1 20 29
19
14 25
32 98
65 7
127 95
103 90
118 60
79
130 4 65
111 57
109 135
116 20
3 38
126 69
131 90
129 130
11 62
123 75 82
136 62
13 22 40
109 31 61
119 29 78
36 81
115 50
132 19
141 49
132 65
12 65
24 71
32 79
1 32
105 52
3 7
4 52
134 29
102 131
126 130 142
134 38
108 17
72 85
132 24 32
115 126 58
136 140
58 61
138 30 80
19 60
31 85
141 25 42
10 126 50
42 46 50
62 7
134 137
56 91
127 99
116 52
53 54
114 136 4
132 9
137 20 50
116 132 3
109 46
119 5 50
103 126 51
50 9 91
36 52 88
109 17 60
54 94
0 2
109 5 54
135 31
109 82 97
125 138 74
104 50
104 7
0 74
134 76
54 71
131 88
17 9
130 46
38 52
40 63
12 126
1 24
128 40
34 68
111 14 3
25 50
107 25
115 39
47 99
14 68
3 57
36 68
107 8
1 7
124 60
108 41
123 25
134 32 41
130 58 82
26 58
14 82
130 42 81
24 91
1 107 56
141 17 58
58 97
42 43 67
56 88
103 37 80
132 22 85
109 126 130
109 119 80
111 43 99
82 91
10 141
19 52
126 4 93
103 126 60
102 56
10 139 60
23
131 137 34
129 131
111 16
103 139
139 52
123 47
42 47
123 29
10 130
111 115
130 7
119 54
4 49
134 99
114 125
119 22 58
109 5 58
140 31
5 71
107 51
142 51
109 119 63
0 126 42
136 82
137 26
122 140
119 92
17 80 81
134 22
123 5
58 90
10 4
72 92
119 131 80
13 81
109 132 38 92
109 119 17
0 13
0 106
119 59
49 74
39 41
58 7
10 103
52 74
110 93
0 75
36 91
122 4
126 70
1 6
109 130 50
37 60
67 99
43 58
4 79
50 54
80 99
20 61
0 82
108 132
109 138 56
0 54
14 17 46
10 119 15
13 3
110 20 50
102 139 92
41 48
102 31
132 134
111 53
114 14 24
31 96
1 110
50 73
14 42
50 57 85
40 97
79 99
115 65
117 4
142 41
7 71
132 52
117 141
107 39
126 78
126 132 40
103 109 129 38
31 5 65
109 138 14 24
111 47
13 17 63 99
41 67
111 119 95 99
111 50 60 99
1 138 39 45 50 68
119 122 131 17 42
111 19 4 42 50
111 41 72
119 132 50 80 97
107 42
135 38
111 4 40
32 38 75
126 130 65
20 4 85
126 132 60
85 93
31 51
106 41
24 9
122 22
138 7
5 70
51 92
103 54
113 136
4 75
101 138
46 97
101 107 119 17 42 49 60 70
108 56
111 116
60 83
70 9
103 57
138 31
58 66
126 9
24 34
31 5
17 30
126 141 17 20 31 39 92
0 109 119 43 72
109 25
109 111 60
103 129 72
15 63
24 74
103 109 17
15 7
19 41
24 57
101 107
113 41 82
125 54
127 142
130 6
110 40
129 79
50 69
126 137
136 92
37 42
10 36 4
134 141 67
105 65
113 22
17 20 71
119 136 56
25 5
1 134 50 81 85
112 17 20 52 60
111 117 131 138 42 50 51
110 38
109 110 17 42 50 51 60
111 114 119 125 82
134 20 50
7
17 22 63
111 43
11 49
25 5 9
103 41 7
119 134
14 20
102 125
141 56
139 21
14 40
119 21
20 54
107 62
119 136 20
29 52
31 52
110 92
106 38
15 25
58 8
130 9
46 60
109 111 119
36 50 75
10 5
31 40 50
16 58 61
109 131 50 58
46 99
42 83
108 111 114 119 126 14 15 17 30 47 50 57 62 85 90
114 3
1 84
123 54
11 34 49 60 65
0 42 82
109 26
47 5
10 107 111
24 32 42
107 38
57 60
125 16
109 65 71
103 3
103 111 126 20 22 63
109 119 17 58
1 50 75
14
29 54
119 126 32 5 54 60 75
17 38 4
109 38 82
141 25
100 81
29 32 40 46 50
111 119 80
137 36
116 51
116 7
109 140
132 138
36 38
0 134 46
102 48
1 50 65
17 5 88
60 88 91
39 56 61
78
111 78
22 26 42 99
119 29 63
107 114 57
17 3 7
1 125 126 39 4
48 59 7
11 126 62
11 129
1 124
115 67
107 125 126
49 72
114 43
60 82
10 132
103 125 134 65
7 92
40 5
98
36 50 72 83
129 48
104 111 138 84
17 26 56
132 36 67
103 38 56
126 31 65
10 6
111 116 41
142 69
48 95
111 5
1 126 136 29
111 4 75
119 136 37
20 25
103 111 12 19
123 93
111 98
134 58 59
111 21 56
1 42 50
137 7
7 93
129 93
22 25
17 46 52
125 126 34 5
126 59
102 40 46
5 68 99
139 46
136 42
109 119 62
107 113
104 14
11 132
56 92
111 17 60
107 50 85
1 107 130 88
20 39
104 109 82
42 50 51 56
109 129 58 85
136 24 39
111 17 4 40 99
24 42 50
140 42
102 5 50
119 86
142 71
134 17 58 67
24 95
111 71
131 68
0 134
50 98
17 26 85
10 107 37 38 82
132 62
17 4 50 56 58
104 109
12 130
132 67
28 42
49 79
116 5
121 90
107 74
119 126 20 85
119 25 40 41 50 54
25 39
1 126 31
109 110
119 126 37
109 111 134
137 65
109 131 40
29 81
60 94
126 17 2 51
101 111 64
33 71
103 130 17 40
20 67 93
24 82
109 134 17
138 20 9
111 119 5
103 5
11 99
33 47
101 129 50 54 56
129 34 41 57 58
29 80
0 57
35 36
129 39
40 41 72
22 99
119 38 50 60 99
32 92
141 9
114 116
42 5 81
10 126 29 47
126 25 68 88
110 98
109 119 82 85
123 56 60
110 126 36 37
126 138 139
141 88
130 5
126 38 48 52 71
110 94
18 60
119 9
131 48
45 99
34 70
21 29
126 14 49
140 56 75
23 25
46 52 82 85 99
104 42
1 131 36 42 95
115 29
41 47
109 111 40
29 39
136 20
138 17 51
119 41 58
119 16 54 57 7
1 17 25
42 54
25 40
32 38
119 32 67
110 130 40 81
126 129 71
136 7
134 3
119 74
111 73
3 36 4 63 70
64 68
65 91
20 43
111 60 98
103 48 60
116 29
31 50 92 97
132 41 63 75 81
22 60 65
132 7
141 36
102 67
36 63
19 85
129 56 58 60 85
134 64
126 2
115 60
117 134 17 42
60 87
39 81
109 111 50
48 63
103 109 7
50 9
22 68
62 81
110 50 70
109 20 42 60
31 60 82
125 139
110 114
111 5 58
24 36 81 85
116 130 4 60
107 70
31 58 66 93
0 113 126
113 2 56 58
104 126 139 40
31 91
142 60
126 50 80
106 113
37 88
47 94
50 89
121 48
3 49 60 82
118 48
116 132 36 58
103 3 5
119 142
37 4
65 68
16 24
127 138 50 58
24 46
109 126 72
136 63
128 65
92 96
110 32 4 59
1 110 31 45
22 36 50 90
111 54
109 140 56 58 90
110 95
107 123 125 130 32
114 7
103 80
4 67
131 140
126 129 17 85
46 95
125 88
101 36
17 32 51 82
108 111 5
126 29 50 68 92
109 85 92
20 48
130 132 17 81 82
109 110 17 88
103 134 34 35 49
119 50 56
1 103 109 50 75
137 57
0 108 20 37 50
134 24
129 74
109 46 60 81 85
109 111 126 138 38
110 129 137
110 130 24 5 50
140 99
107 4 48 50
108 111
17 57
103 48
54 99
127 42
57 65
119 126 17 42 56
22 71
10 34
103 109 119 17 49
109 138 50
134 58
0 17 68
126 17 52
17 26 50
137 56
50 51 65 74 79
19 74
132 55
22 96
140 141
16 4
52 65
124 63
119 126 20 4 63
29 71
40 8
133 50
116 125 126 24 42
1 104 126 4
10 31
124 130
126 17 38 58
10 134 17 51
103 119 50 56 90
102 103 119 22 49
41 53
134 9
43 46 49 50
24 92
103 119 14 17
28 54
17 36 63 75 81
116 75
62 68
129 136
126 132 34
81 94
125 46
4 41
19 7
131 42 68
11 126
20 40 50
10 137 39 50 81
13 54
116 56
103 3 85
109 17 36 50 57
111 132 42
132 31
117 56
20 93
119 131 136
138 9
107 42 52 58 80
1 48
20 36 50 72
75 80
132 75
25 46
16 99
130 51
107 119 17 49 99
130 15
119 48
107 52
108 29
115 90
103 24
134 63
66 85
138 58
135 3 50
19 22
101 111
1 80
118 92
126 16
29 85
142 15
111 116 17 52
32 68
141 94
109 53
17 19 40 50
13 67
17 20 40
24 65
36 78
109 110 138 50
114 38
138 53
126 131
123 22
71 94
107 54 90
109 20 64
141 34 50
22 86
16 26
111 119 81
38 98
56 77
138 69
37 58
125 3
111 75 92
24 3 52
40 68
20 81
37 67
71 90
107 119 125 56 82
114 41
15 46
109 119 126 132 17 22 41 70
111 125 132 17 34 5 50
32 37
26 56
5 90
36 60
5 51 72
106 20
70 94
138 24
41 46
1 36 61
18 50
22 94
134 140
104 109 81 85
105 50
3 39
132 22 7
103 109 134
126 39 42
0 111 126 51 58 63
72 82
109 111 125 126
105 109 130 132 135 139 14 55 57 58 63
109 110 13 138 17 36 40 42 47 81
109 116 17 25 41 66
111 119 34 40 90 92
111 138 4 41 42 49 85
1 10 50 63 87 91 99
102 3
49 58
124 7
113 32
108 109 50
111 2
134 48
20 68
131 81
53 58
5 88
19 80
17 91
63 70
16 58
141 38
25 37
101 72
1 119 60 63
12 39
63 88
28 67
13 85
107 112 130 138 22 42 52
31 73
115 52
0 131 142 42 52 58 60
103 109 119 22 36 60 85
126 20 32 39 41 49 65
77 94
5 57
129 41 50 58 60 80
31 35 38 4 50 82
107 131 31 39 56 81 91
119 20 43 5 52 75
0 106 109 112 125 17 22
121 130 36 38 39 43 88
10 50 60
109 119 22 42 46 50 57
109 44
103 111 126 141 17 39 56
106 111 119 131 17 68 80
126 52 56
41 42 43
110 39
126 13 132 22 29 40 90
122 35
112 80
142 31
123 130 135 50
13 56
119 126 129 37 4 41 42 46 60 7 95
57 7
1 110 130 81
1 131
107 75
130 142
81 93
38 71 85
136 22 24 50
111 36 58 60 69
17 59
129 15
136 138 36 54
14 94
49 50 65
107 35 65
132 31 64
22 40
119 132 50
22 72
34 41
109 125 137 17 4 49 5 65 72
119 50 58 68 80
18 42
51 57
107 126 132 59
21 96
0 10
1 107 111 17 29 41 5 50 52 56
123
112 119 39 50 56
124 46
74 97
119 66 80
111 141 85
110 126 65
50 71
106 134
107 82
38 77
105 63
132 68
110 131
129 141
131 99
38 50 72 80
42 97
8 86
110 25
141 20
113 23
111 22 58
116 65
0 105
119 122
56 72
113 66
130 37
131 87
19 68
67 92
65 81
126 3 68 74
1 114 50
3 99
120 126
20 34
24 50 85
20 5 92
67 82
119 43 53 7
119 16
124 80
126 46
22 46
1 132 141 38 50
127 132
108 126 139 81
107 22 58
43 92
25 29
1 112 140 73 85
104
109 17 29
129 48 56
48 60
129 130 138 34 58
52 72
142 99
122 42
102 22
1 124 125 4 79
125 130
51 99
105 131 42 58 82
17 40 5 56 81
17 19 38 40 63
115 132
17 22 24 36 58 60
109 126 32 74
38 42 68
132 35 92
10 14 17 49
109 50 51 90
124 139 90
73 79
107 109 125
20 60
22 60 71
16
132 14 50 60
71 88
51 59
47 81
109 17 20 50
103 29 94 99
17 93
22 75
1 104 4 65
106 50
132 139
35 40
46 82
103 122
60 88
127 56
119 28
136 98
117 48
1 73
126 17 36
127 140
140 50
34 55
2 88
119 55
36 48
131 37
137 40
22 91
62 75
25 38
116 25
124 9
31 99
14 70
21 4
136 69
1 32 7
46 85
24 87
110 24
133 91
31 7
126 132 56
111 17 7 73
131 17 50 71
119 60 74
142 49
116 21
131 69
110 140
142 56
118 37 81
126 39 5 50 58
56 94
3 66
25 94
142 62
3 68 88
41 50 65
117 80 85
103 66
132 31 60
111 125 24
132 17 42 45
1 126 13 32 88
119 17 38 63
54 65
119 129 42 75 9
111 138 36
136 64
124 56
105 114 119
102 103
36 72 75
113 138
67 9
35 82
32 66
119 125 31
0 17 24
109 124
110 70
50 66
109 5 52
117 66
5 50 57
0 88
111 56 7
126 69 94
1 17 48
20 52
31 97
103 32 88
1 126 29 82
40 49
125 4 99
123 31 67
109 122
50 59 63 69
1 136
105 111 119 18
119 17 41
110 80
49 97
111 126 17 42 70
112 2 72
103 125 50
139 7 72 99
126 45
125 36 42 51
107 130 56
10 25
126 52 91
119 49 51
42 43 68
103 112 119 27 72
103 60 74
131 22
109 111 126 130
10 75
122 65
102 131 17 31 99
41 74
111 22 36
0 109 125 56
112 17 31
124 48 59
110 19
134 25 41
50 85 99
109 4 57 93
19 34 50
102 109 82
138 40 65
111 126 140
42 50 58
103 79
107 108 63
37 54
0 17 82
103 126 37 50 71
21 4 50
25 54
134 31 36 80 99
45 58
22 38 72
13 34
15 81
102 39 51
118 22
101 126
116 39 60
136 139
109 91
6 7
108 59
6 9
39 7
43 67
31 39
51 90
107 42 50 68
107 69
0 83
0 52
122 40
34 94
111 42 80
125 65 89
83 84
130 79
103 33
141 72
24 36
52 9
131 3 39
25 51
105 40
0 20
16 17
132 63
68 94
130 19 63 99
116 16
22 34 58
91
64
117
141 25 3 52 56 68 7 80
10 126 17 40 47 50 82
103 118 138 31 54 56 81 82
103 107 140 33 35 4 7
125 42
122 37
103 107 142 17 40 50 51 85
68 7
111 119 126 142 3 36 5
119 20 39 42 56
1 110 14 38 42 49 78
119 128
0 109 125 17 4 46 56 99
131 82
1 109 126 132 50 71 80 81
11 125 126 17 20 56 88
125 126 17 31 50 60 91
137 140
111 113 17 20 22 31 56 58
137 20 38 58 60 75
107 119 126 20 29 9 94
103 126 17 39 50 66 81
126 131 132 62 64 65 76
109 111 125 140 29 3 50
109 112 14 17 29 5 60
1 105 109 139 39 43 58
107 119 126 139 19 48 84
109 111 126 22 32
103 125 129 40 50 75 90
119 126 24 7 85
103 111 116 126 49 58
35 63
108 109 126 141 25 4 51
110 111 136 4 50 81
135 22 31 36 50 56 68
107 129 134 17 32 4 54
41 88
120 63
103 107 111 119 126 17 60
1 130 131 55 56 7 90
22 67
105 136 35 42 52 71 99
109 89
103 116 125 126 130 36 64
109 22 39 40 50 56
109 110 111 132 138 58 63
134 135 17 32 5 50 92
111 130 26 3 42 67
1 111 126 50 56 58 65
108 74
126 17 20 41 49 50
103 55
114 125 138 17 91
107 114 116 119 36 46 99
140 17 42 58 81 88
109 126 137 25 60 67 74
0 1 103 51 81 82
1 102 119 138 19 36 85
107 124 17 19 60 63
119 123
25 74
10 111 126 129 132 50 57
112 129
119 138 17 40 75 90
111 136 139 17 7 91
119 73
124 39
3 56
13 25
139 141
1 103 132 139 25 32 80
106 126
123 125 17 32 50 52
103 109 21 50 58 60 81
109 111 126 130 134 50
61 99
111 15 17 50 58
1 108 119 126 50 58 60
116 29 32 4 50 55 58
136 74
1 113
38 70
25 77
111 122 126 35 4 58 94
108 109 111 117 18 56
109 141 17 42 50 58 93
100 124 130 132 36 41 52
1 109 130 17 56 58
123 17 2 22 31 50
119 132 138 42 58 90
111 141 38 47 60 8 93
10 107 109 138 64 94
0 103 109 119 60 67 7
126 132 15 50 52 58 82
17 18 22 49 54 99
0 110 29 32 60 63
1 140 49 50 52 58 82
65 75
117 75
119 138 29 52 62 65 81
0 1 111 119 5 58
108 115 17 58 65 67 80
1 107 13 130 43 56
109 126 130 18 36 9 99
119 125 126 130 29 5 60
1 125 14 17 42 43 58
108 119 42 63 65 91
126 132 17 50 52 79
0 106 11 113 50 56 84
104 119 123 134 142 32 50
112 126 132 4 42 43 67
1 126 20 50 63 99
0 109 114 126 17 43 46
0 109 132 17 50 88 99
111 119 126 24 31 41
113 24
103 105 109 72 76 81 88
106 111 131 32 50 58
103 65 98
103 126 138 31 32 36 81
102 17 24 39 41 49 52
114 39
10 123 21 31 50 54
102 109 29 37 41
119 132 138 37 5 58 85
109 126 39 50 58 59 7
125 83
102 104
107 135 17 39 4 40 63
109 125 29 36 54 56 57
107 109 125 129 18 81
22 37 40 46 64
1 37 47 50 51 56
111 20 32 39 7 88
104 3
102 119 130 46 47 67 75
109 138 32 52
86
126 130 75 90
25 9
14 5 7
36 57
112 141
140 4
25 42
40 70
102 7
132 43
136 20 45 74
36 85
118 20
109 93
37 52
36 92
17 39 81
38 52 90
