119 73
38 49 58
110 129
108 141
109 91
102 109
130 141
31 50
0 119
14 31
112 40
1 70
130 64
119 139
1 67
17 41
119 13 43
111 3 38 56 73 85
22 58
107 50
14 8
111 58
109 142
126 58 60
111 99
109 17 58
125 60
129 50
119 132 15
119 81
3 46 58 76 92 98
36 80
25 50
1 103 110 126 90
58 60
17 90
50 68
17 39
112 68
1 109 111 126 130
72 92
116 132 42
47 91
106 107 109 50 52 85
111 126
42 99
36
51 85
90 99
126 19
119 40
67 90
107 108
111 21
119 37
42 85
130 48
111 13 17 56
122 40
17 68 81 99
0 1 104 109 62 80
111 29 42
109 85
34 88
125 68
40 56
109 17 32 52 85
125 32
109 40
38 82
29 40 64
119 41
10 29
125 42
111 17 58
130 56
131 22 32
111 29
111 50
108 38
103 15 56
107 119
107 110
123 24
111 132 90
109 32
1 40
126 37 39 4
10 122
17 49
111 84
121 4
22 4
50
5 99
58 98
109 126 134 50
126 99
1 125
17 5
104 60
17 25
41 50
126 20
126 130 22 36
103 24 56 82
107 111
42 94
110 50
109 111 113 119 32 37 58 65 72 99
142 37
115 116 125 129 17 20 36 56 81 88
31 66
103 130
17 82
115 46
18 29
42 50
56 67
109 77
109 26
126 60
109 124 17 32 4 40 71 81
109 81
129 17 41 50 51 60 82 99
50 60 92
109 50
50 91
132 50 60 99
141 20
134 4
103 132
0 139
17 73 82 9
119 80
129 130
111 4
111 54
38 65
135 65
50 63
20 64
110 72
29 82
77 85
5 95
119 4
102 114
103 111
40 52
60 81
50 58
35 65
46 94
1 111 60
109 19
52 65
125 26
1 3 4
109 119 17 58
17 58
107 17
38 80
47 81
124 58
132 81
32 4
42 43
1 17
35 4
111 26
131 41
109 45
111
119 17 42
40
4 42
126 91
1 74 82
13 39
41 85
126 46
109 56
70 85
115 42
35 50
109 126
83
103 136
136 56
107 32
5 85
17
20
36 46
1 38
103 50
111 63
111 22
103 57 64 81
16 56
109 132
102 119
126 31
131 132
102 84
1 103
0 111
22 65
122 54
107 36
40 50
134 49
132 94
48 99
126 58
36 39
19 38
140 71
104 81
126
50 79
1 119
48 54 58
109 110
20 74
20 82
109 58
114 40
50 56
122 129
142 82
141 72
119 31 67
4 56
71 99
109 60 97
111 38
126 17
36 7
32 56
26 87
42 67
56 98
111 68
41 58
137 62
106 66
126 39
0 40
132 36
119 17 88
5 72
1 65
6 82
124 29
24
131 65
1 110
111 17
26 4
42 60
37 80
109 82
103 26
126 18
32 4 99
112 85
92
132 60
138 50
1 114
109 75
34 36
125 81
114 24 49
119 29
36 63
111 33
22 5
35 52 81
4 48 58
0 32 87
109 119 36
65 72
17 37
4
46
13 85
138 21 53
0 111 58
105 64
125 5
126 50
138 72 99
42 58
109 83
1 61 99
103 42
5 50
32 34
17 59
24 50
21 29
65 93
103 90
66 94
119 31
124 32
111 65
50 54
58 85
10 56
109 52
102 39
39 97
36 49
110 65
105 5
119 7
24 85
39 85
129 81
141 56
20 68
110 111
119 56 59
29
109 138
37 65 68
17 22
141 99
112 17
132 36 81
109 132 40
46 51
56 97
109 29
109 97
24 80
110 119 13
107 48
4 80
50 98
20 4
111 141 22 3 31 49
103 132 38 60 9
114 50
116 60
58 81
60 92
17 56
110 58
126 92
116 62
134 94
1 119 125 56 80 92
102 112
111 96 99
111 91
50 62
51 56
126 5
20 56
109 126 42 58 75
36 42
114 60
39 72
130 58
138 32 39 58 65 9
17 72
50 81
127 29
141 20 31 43 85 95
60 99
131 19
0 25
33 45
17 31
111 51
10 52
111 123 126 19 2 29
110 49
114 119
119 59
4 41 56
103 109
107 22
110 85
132 58
109 111
50 57
42 52
109 137
130 87
126 54
39 99
29 68
132 49
134 82
109 42 60
7
116 20
137 32
4 43
23 52
4 50
48 58
50 60
52 62
109 38
32 85
6
119 68
17 50
109 5
111 142
102 111
5 60
19 22 38 68 75
107 109 94
111 42
108 138 39
68 99
119 129
103 126 58
141 31 56
45 51
131 24 40
103 77
109 42
3 32 93
110 67
46 49
130 7
1 3
0 60
130 20
104 19
16 5
131 60
109 129
58 88
4 75
1 4
129 24 58
13 50
103 85
107 123
39 68
132 82
17 48
132 34
1 109
138 4 42
22 4 60
109 20 50
114 58 92
126 32 4
119 50 63
117 16 41
1 109 25
111 134 50
126 130 50
0 119 25
102
102 34
50 82
114 119 36
109 36
103 60
60 7
131 36
132 29
119 14
112 31 40
111 119 72
111 17 22
103 125
108 20 29
5 58
17 22 4
108 130 98
17 85
5 51 56
116 83
5 68
111 134
126 29
43 56
22 49
138 82
32 50 63
0 109 20
111 130
17 33
109 132 50
17 48 65
50 99
38 41
107 125
126 50 58
58 7
38 51
0 47
103 115
29 58
56 88
1
1 63 88
32 38
17 32
1 31
50 97
111 17 75
24 90
20 54
56 80
138 70
64 80
50 56 88
138 68 75
126 37
58 80
42 80
10 142 42
50 90
19 99
103 139
103 22
1 24 39
134 136
139 85
103 32
109 134 50
109 63
119 52
116 17 85
123 126 50
111 119 126
102 24
21
131 54
121 50
132 85
68 85
119 5
22 85
109 17 54
103 141
111 119 17
39 42
132 36 58
113 56
49 52
107 131
17 36
17 51
5 9
81 82
103 63
123 60
111 52 80
40 74
130 5
113 141 80
103 126 88
40 55 71
134 49 68
118 51 59
130 29 56
13 136
109 140
113 119
126 4 81
109 20 67
119 42 50
0 108
40 42
17 20
29 71
112 56
111 132
22 99
36 5
130 50
121 54
110 32
17 26
109 119
21 25
22 7
1 2
119 65
60 70
1 39
52 53
36 81
17 29 36
119 131 49
119 24 41 42
26 32 43
22 40
1 56
136 85
124 65 98
109 136 17
105 17
126 134
121 40
130 68
18 58
105 111 14
107 32 38
126 42
110 42
0 130 54
56 99
29 5
40 80
103 116 51
52 68
36 51
17 35
109 20
86 9
4 65
22 81
114 81
109 17
107 134
58 64
14 74
20 29
130 82
70 71
31 56
1 37
119 134
138 40
20 32
111 40
109 131
136 42 50 7
17 46
114 41
129 58 7
119 58
103 109 136 16 19 36 5 56 58 60
129 130 81
14 3 4
1 60
134 138 14 17 43 85
12 41
103 48
126 52 99
17 42
7 99
110 111 65
36 74
1 24
1 42
25 52
10 107 24
109 80
22 50
29 50 88
0 109
109 111 140
0 132 82
4 81
1 141 52
108 111 119 17 19 29 35 40 51 85
102 130 131 20 22 49 50 60 76 94
24 60
32 91
134 17
56 70 83
1 111 3
134 17 91
0 126
141 42 50
114 29
107 109 130
50 80
122 42
1 3 52
107 5
47 90
126 141 50 88
20 65
1 130
107 85
107 140 82
109 40 50 8
20 58
126 60 79 81
0 108 109 29 58 7 81 91
50 58 99
14 32
116 119 32 42
111 52
116 17
1 115 42 58
139 92
126 65
140 38
19 29 53
20 3
109 119 50
0 1 119 140
129 36
141 58
116 119 90
80 99
111 57
109 37
29 36
0 80
22 36
129 20
120 34
0 31
17 76
138 141
119 131
111 7
119 126
132 75
3 36
126 51
39 46
17 52
1 50
21 56
0 37
10 57
21 95
131 42
26 82
132 67 74
123 125
116 90
85 99
134 50
56 62
103 116 17 3 4 42 50 54 56 91
22 60
111 3
107 4
17 32 37 46
126 57
47
1 126
67 7
48
138 81
13 58
103 138
109 42 80
103 4
139 81
76 81
119 38
10 110 54
10 82
103
32 51
29 99
127 85
122 32
107 51
112 5
123 130
36 54
48 66
29 48
56
82
17 74
119 50
119
56 81
108 50
118 99
24 99
107 60
131 132 56
109 90
103 20
130 47
36 82 99
107 129
80
138 20
114 17
119 82
81
49
40 82
36 58
80 81
127 41
35
55
119 34
141
110 52
78
42 81
107 9
111 47
25
109 111 17 60 85
126 22
109 4
14 39
132 50
40 58
111 62
29 34 60
22
132
18
103 81
112 38 40
140 7
58 65 75
118 54
103 88
42 88
22 37 4 42 58
119 32
137 141
41 42
126 32
20 41
107 63
60 94
103 17
126 82
36 50
71 81
20 8 81 88
128 137 40
4 68
138 97
109
22 31
40 93
134 65
24 82
103 29
113 4 50 58
29 4
138 67
134
130 62
118 119
130 39
38 58
141 50 60
81 99
107 80
110 74
19 5
4 58
108 82
56 64
118 136
1 111 119 4
17 54
0 126 22
1 111 45
17 36 65
119 49
102 103 107 111 13 17 39 42
125 56
1 85
0 17
122 60
103 105 107 129 46 50 60 82
0 109 111 114 54 58 65 71
102 111 13 36 50 63 82 85
38
103 107 109 125 130 29 50 82
103 50 63
110 130
40 85
109 22
109 110 63
126 14 22
101 109 132
109 125
111 140 22 58 81
108 113
107 65
0 123 24
119 56
132 24 42 60
135 47
102 134 56 59
1 109 51
111 24
103 99
103 116 127 65
24 38
65 90
110 126 47 50 63
119 29 32 36
111 119
111 136 141 24
129 25
58 73
49 92
103 109 51
15 50
107 3
103 52 69 81
114 119 14 142 63 81
109 126 5 80
111 17 3 82 99
22 29 80
0 109 38 50
39 58
103 107
17 32 45 49 99
138 20 42
119 141
134 36
119 34 48 79 80
109 126 17 60
49 54
134 92
126 17 42
42 54
110 52 63
20 60
72 81
46 90
126 132
20 42
119 131 136
119 130 58
109 20 41
42 5
1 107
3 42
37 42
27 41 98
42 58 66
121 59
136 139
103 36
67 98
1 132 39 52 60
119 42
103 19
116 38 42
38 42
141 31 40
109 130
132 17
138 56
21 50
14 36
111 116
104 105 17
56 72
103 119
109 3 56
140 50
109 23 81
119 138
111 48
15 20
105 90
130
109 111 124
5 56
63 75
138 14 31
138 80
132 17 70
130 59
31 60
104 120
1 58 68 85
113 22 66 79
14 4
15 29 45 60
49 5
49 51 85
141 38 85
107 126 29 40 50
129 22 63 81
49 50
54
131 14 81
53 74
134 5 50 83 85
46 52
50 68 99
103 111 125 51
111 4 42
16 58
116 132
111 125 17 52
41 71
33 81
22 75 81
134 25
111 29 5
112 130 3 34
140 32
59 80
1 114 136 20
109 17 4
109 18 50
50 7 70
5 65 92
109 38 85
102 132 4 56
109 42 49
137 34
111 139 68
38 99
141 17 60
43 69
116 14 22
111 4 81
3 50
26 48
109 50 51 60
95
139 5 65 72
110 22
106 138 41 42 62
129 90
2 50
129 17 22 94
109 132 45
111 138 43
103 116 119 52
111 131
132 4 47
22 42 88
107 24 94
103 17 19
119 17
20 57
22 38
111 32 4 85
107 17 35
107 82
1 103 4 5
11 3 50 82
17 99
132 51
103 2 41 51 58
102 126
109 41
0 109 38
31 49
49 58 72
10 5
103 25
103 13 62
22 32
115 80 81
103 126 4 42 52
110 40 42 93
109 60 90
129 29 3 50
1 105 123 58
32 4 46 48
107 38 65
10 141 17
49 60
125 17 36 82
114
119 134 20 32 82
4 50 98
110 126
0 50
1 58 83
46 50 85
119 126 20
109 114 138 5 50
22 56 60
111 41 50
38 85
113 37
141 17 2 88 94
19 80
111 98
109 138 24
107 50 56 99
107 126 32 50 67 85
130 37 50 58
5 58 60 99
109 17 40 50 52
109 129 43
125 127
131 39 4 42
125 14
111 119 126 129
138 60 68
103 142
10 3 36 94
104 17
17 20 42
111 112 140
1 125 40
111 114 119 134 52 72
109 74
32 42 96
10 105 109 39 40
38 41 42 56
111 5 58
103 111 132 136 27
119 126 49 50
125 4 72
0 1 71 90
22 32 50 57 74 77
101 129 17 82
119 137
126 140 22 38
107
107 126 129 130 17 50
17 33 4 65
4 41
103 7 90
38 50
82 99
103 109 118
14 42
111 47 85
17 74 87
112 24 41 53 81
32 58
126 142
106 109 41 60
20 94
119 32 50 98
110 31
103 109 125 25
116 131 136 20
119 17 50 58
36 42 50 63
14 17 94
142 17
126 29 40 50
31 58
126 134 46
1 40 74 99
111 24 3 50
140 17 41 46
10 109 42
109 132 5 7
109 49 5 70
13 64
50 70
0 132 138 58
111 4 50
17 41 56
0 109 31 92
109 111 14 22
119 136 17 40
138 31
103 97
119 131 4 80
126 138 90
103 17 41 54
130 57
14 58 72
109 130 25 50
100 107 125 50 65
22 50 81
132 4 81
130 85 90
125 131 132
113 22 29 32 80
1 126 40 50 68
1 138 141 36 47
111 137 42 50 60
111 17 4 5 85
130 132 28 48 54
1 132 17 22 58
125 65
126 136 138 14
10 109 136 20 38
107 109
1 14 47 50
110 119 21 22 69
110 58 67
109 114 115 48
141 40 58
109 125 33
111 122 127 60 69
126 41 58 81 85
109 17 56 58
38 50 58 98
109 125 18 50 6
111 90
118 24 29 4
111 50 56
109 114 81
110 140 41 46 50
42 56 58 77 82
119 131 28 58 80
1 111 31 39 48
108 32
119 36 5 71 85
17 29 42 82 93
126 142 38 50 85
103 17 36 38 50
20 49 85
109 32 40 50
102 17 3 36 40
29 53 81
126 130 17
119 126 37 63 88
110 42 50
130 42
109 60
108 111 119 125 126
111 126 139 35 67
141 24 31 52 91
110 17
10 126 20 88 90
123 131 3 5 58
109 43 49 56 99
10 111
141 32 48 71 92
109 130 17 38
125 129 42 5 50
42 5 50 58 94
103 109 126 14 42
114 119 137 51 73
109 126 36
125 142 69
102 106 130 22 7
107 114 116 38 90
109 20 26 58 85
119 126 21 42 46
130 43 91
126 22 29 52 58
41 42 75
110 141 20 50
136 17
17 22 56 57 7
103 119 22 50 82
110 114 52 58 7
0 37 99
110 111 29 50 75
109 111 46 50 88
138 5
107 133 26 29 56
111 139 4 58
1 125 132 17 39
103 119 142 19 5
103 109 131 14
125 126 41 58 74
109 113 130 50 58
126 13
116
126 137 17 46 56
31 85
31 90
136 4 79
141 17 22 40
42 49 70
130 74
34 4 57
110 136 29 60 63
40 6
123 4 58
20 29 5
71
110 116 17 50 88
22 80 82
116 122 69
119 140 36
109 56 79
132 42 52 65 67
110 112 50 81 92
134 136 17
42
10 11 20 34 51 52
109 32 50 58 59
1 104 41 52 54
102 107 110 134 81
107 13 132 134 32
114 126 130 132
1 24 58 82
57 97
141 142 22 80
35 49 5 56
138 34 4 41
1 108 17
0 36 57 81
126 80 94 99
103 119 136 32
101 32 92
134 22 36
1 119 132 42
115 17 62 67
103 140
22 41 43 50
36 38 60 65
126 142 40 58
1 132
106 109 52
105 32 56 60
102 109 36 50
102 30 36 81
116 24 56 8
132 20 32 5
32 50 60
119 17 19
107 112
29 50
42 90
140 21 58
17 50 60
10 90
105 56 81
114 132 68
140 20
22 54 80 97
130 17 4
103 19 31 42
107 111 50 94
119 60
126 136 55 85
109 111 119 140 31
119 138 21
4 52 85
32 36 70 75
122 17 40
103 107 4 82
132 136 7
103 140 39
126 140 51 82
111 17 82
13 5
126 17 40 50 60
0 103 109 75 87
107 131 60 81
103 126
119 125 126 92
103 131 38
109 54 92
37 81
116 4 42
109 50 56 65
108 13 36 64
103 109 77
17 60
109 126 29
116 7
111 140 17 49
109 50 58 60
103 17 50
10 49 99
3 31
42 50 66
111 29 91
140 17
17 20 42 51
119 3
109 111 134 88
37 5
10 103 4 5
14 3 42 50
107 109 14 53 82
119 136 60
1 126 5 50
109 134 17 95
17 54 58 88
132 15 38
29 39
109 134 37 51
130 18 67 90
32 80 88
42 82
111 130 26 63
109 132 66 67
119 125 91
122 17 20
17 45 90
132 137
132 41 62
31 99
111 119 126 5
36 65
111 15 36 58
109 111 42 52
102 109 14 76
110 119 126 17
1 103 125 17
122 126 17 49
1 141 36 58
126 139 140 17
104 31 47 72
119 129 54 67
119 140 24 36
20 39 81 82
110
115 126 4
17 36 42
103 119 130 138
119 132
37 50 52 58
126 38 5
125 58 73
32 5
40 50 82
109 119 52
119 126 85
111 118
130 3 9
119 17 50
22 47
110 136 51 73
109 17 29 90
134 2 38 58
103 31 34 42
103 130 31 56
109 92
1 40 54 99
1 111 125 17
13 17 73 82
36 58 98
49 58 82
34 75
103 75
141 42
109 132 32
130 17 39
109 134
126 138 58
119 35 50
125 136
1 91
126 140
110 116 99
107 126 58
119 39 45
123 125 59
109 116 139 17 82 99
16 22 56 85
34 92
50 65
111 20
111 49 85
126 56
109 3 32
125 130 34
5 50 60 91
103 138 52
15 50 90
40 60
34 95
32 81
115 22 73 93
17 36 51 75
119 122 3
126 40 83
17 4 42 99
3 48
109 137 3
141 42 82
132 64
136 58
129 132 5
109 50 7
107 7
50 84 91 92
132 17 39
109 7
58 96
104 135
122 142
114 131 4 41
111 29 72
65 85 99
17 43
4 47 51 99
29 80
22 46
107 126 137 58
31 5 58
126 42 65
120 4 48
139 17 22
131 17 85
1 112
108 110 60
126 4 42
119 130
138 41 50 92
119 122 36 38
108 126
109 111 58
48 65
131 41 5
127 38 52
29 40 99
134 60
105 4
0 134
31 49 5
10 126 131 85
103 118 138 43 52 60
131 5 66
114 65
17 38 5 74
139 29
38 47 58
109 4 85
106 32 42 68 90 93
109 111 119
22 5 54 58
121 139 40
0 18 5
107 3 67
111 72 90 92
17 20 32 64
33 70 81
107 122
22 40 62
108 19 54
1 29 52
136 138 22 60
129 36 63 90
29 63 85
17 65
20 28 40 99
0 1 56
109 123 50 99
109 111 17 50
125 42 99
36 38
109 41 58
29 38 50
105 109 50 66
5 50 80
119 58 62 71
103 42 85
25 42 43 75
107 81
129 32 54
102 142 92
131 17 46 50
137 48 52
125 140 42 60
125 19 65 72
109 35 60 63
138 20 29 70
125 58 7 85
107 125 32 4
119 125 29 42
119 51
138 60 65 84
119 34 36 5
104 132 58 83
29 56
22 36 39 54
111 72
125 136 17 41
130 22 55
102 119 46 72
105 119 56 58 60
136 32 58
119 29 43
119 20 74
103 129 58 60
111 31 52
109 134 62
19 5 82
130 132 50
119 40 65
113 17 4
126 139
5 52
58 93
124 130 63
109 111 114
17 5 83
126 136 81
114 134 136 4
139 27
126 19 40
13 36
31 42
58 94
104 125
137 4
17 36 75
111 34 47
127 56
20 39
0 132
58 63
13 60 76
4 58 81
136 32
109 17 29
103 17 41 42 50 58 79
126 25
109 111 126 46 60 70 73
141 41
4 5
102 32
39 43
126 17 38 52
138 22
0 103 107 109 110 111 20 49
59 67
107 141
103 31 4 5
43 5
103 17 22 50 52 56 7 81
43 65
141 74
36 4
15 17
111 31 50 81
109 30
103 18
141 26 58 85
130 17 63 7
136 17 58
1 109 114 50
41 7
20 6
126 130
102 111 60
129 24
22 36 50
108 139 4 50 56 60 70
3 5
126 131 72
119 92
108 22
10 132 99
112 119 22
119 61
0 1 119
32 37 4
4 56 58
49 5 8
4 60
125 132 74
36 90
26 38 85
111 114 60
1 22
119 81 99
125 37
109 124 58
49 58 9
111 116 132 134 14 25 37
102 108 56
118 125 19 20 38 7 94
111 29 50 51 62 67 69
107 126 5
109 11 129 4 42 85
109 22 67
103 4 50
1 129 130 42 60
119 22 56 82
109 126 31 81
107 111 140 17 20 39 4 40 46 5 50 51 56 58
10 109 14 41 54 7 75
126 20 38 49 5 94
102 92
49 63 82
111 37
127 42 50 65 82
39 5 80
46 85
25 36 47
132 52 68
126 32 75
107 42 52
102 36
50 91 99
17 4 42
103 58
10 126 134
17 94
103 5
52 58
109 72
103 17 34 46 91
126 131
126 74
103 37
110 122
132 35
1 111 119 42 54
130 39 47 70 82
112 132 136 17 43
1 135 29 38 67
103 73
141 68
62 81
114 26
115 50
110 17 3 58 63
107 79
111 32 52 7 85
111 134 19 5 81
35 62
103 134 15 32 50
20 4 49 5
124 36
36 40 50 56 88 90
0 1 126 130 137 5 92
103 129 17 4 42
116 38
102 60
54 58
106 78
21 58
31 4
123 51
119 36
41 98
17 81
111 49
111 119 126 41 71 82
80 85
118 50
129 19
10 107 110 131 4 60
107 126 136 62 69 88
139 14 3 4 58 85
119 126 31 50 63
0 138
1 49 50
119 9
65 70
26 38
111 75
26 45
31 73
105 119
119 20
48 88
141 82
3 4
17 4 52 58 62 77
63
39 80
20 50
17 40
102 82
35 60
129 92
129 26
10 60
42 56
111 131 17 45 70 99
131 81
113 116 123 141 52 75
102 42
119 90
39 81
132 99
132 134
17 24 34 4 50
109 111 124 17 50 56
29 41 50 74 94 95
34
109 24 41
25 5
104 119
10 65
42 49
104 40
105 9
20 5
40 41
1 96
20 49
65 85
56 58
111 22 50
5 51
121 126
138 51
107 94
115 20 39 98
126 17 58
108 47
32 34 42
107 57
132 25 50
36 67
126 21
116 46
116 25
88
119 129 141
110 35
109 136
17 63
107 126 17
119 138 53
103 98
17 18
42 65
31 74
117 29
132 41
34 58
14 56
105 111
111 19
52 97
132 19
34 74
22 79
119 126 17 43
108 109
126 44
31 37
129 17
123 5
126 41
126 138
1 68
60
138
5
125
94
68
72
104 85
14 17
1 46
132 56 80
10 21 41
126 38
17 75
125 39
1 81
111 80
17 28
105 111 52 7
139 67
122 17
32 36
107 42
20 31
3 39
17 47
17 96
126 129 17 51
1 17 90
138 17 30
31
141 50
136 81
132 53
111 81
110 56
33 66
119 19
114 125 126 141 32 36 70
111 132 22
112 12 64
141 29
116 29
119 4 80
113 82
130 41
10 107
24 52
109 59
126 85
109 66
43 7
46 60
50 85
142 22
118 43
136 38 56
15 40
126 22 58
25 65
111 119 126 17 29 37 50
29 72
119 63
107 130 56
113 63
17 58 60 62
121 22
111 130 132 60 90
108 111 125 18 22 30 50 90
41 63
138 38
41 65
111 114
104 42 50
107 31
137 17
2 62
102 103 109 110 111 114 126 141 17 40 46 48 7 71 88 92
5 91
3 51
5 52 56 81
141 60
22 88
14 50
50 60 99
125 85
129 17 50
20 49 71
119 27
5 64
141 85
132 24 29 40 5
132 24 28 42 58
36 62
7 81
102 85
2 88
17 4 81
127 17 39 56 60
4 59
132 18
16 85
50 93
29 67
119 17 36
29 90
0 49 60 81
103 17 47
115 47 56
123 40
24 51
106 71
4 73
10 58 90
60 63
107 32 41 72
109 38 68 80
110 125
114 75
104 126
17 24 58
13 38
125 90
4 54
141 142
112 126
47 92
125 131
29 42
109 111 41
24 42
103 38
112 19
15 22
21 38
0 63
0 103 36
136 29
25 49 60
140 99
141 50 58
130 50 80
56 60 88
116 32
110 138
38 60
119 17 57
31 81
131 24
103 65
106 119
109 17 39
114 99
136 5
31 40
42 57
10 7
122 38
119 140
138 25
31 62 99
31 43
101 52
136 59
0 75
108 17
109 31
50 88
119 129 58 75
10 71
1 111
130 67 7
109 3
108 58
125 50
10 109 17 60 80
122 36 49 60 99
126 67
20 7 82
65 81
111 12 29
142 42
29 96
103 123
136 38
34 63
107 14
130 22
110 36
130 134
126 20 5 90
37 4
47 76
132 15 17
119 141 142
103 134
141 7
32 60
103 126 99
108 94
136 24
103 136 50
82 9
107 136
52 60
4 76
41 99
135 88
73 82 92
17 29
107 37
42 84
50 87
132 56
109 11
118 72
58 92
104 4
129 4
41 5
106 126
39 4
22 43
50 7
111 56
119 71
1 126 54
0 111 29 31
1 83
10 109
39 52
32 50
50 72
0 48
111 82
20 25
109 126 132
126 62
36 94
109 76
112 95
19 52
112 119 126
1 17 43
126 129
1 129
42 71
130 17
111 132 52
134 56
110 42 80
107 49 50
115 17
22 82
126 68
19
132 20
36 43
13 17
5 71
52 80
17 64
113 39
63 73
116 126
103 91
25 85
119 39
43 82
107 17 32
42 63
38 97
109 46
138 62
41 70
107 141 60
133 5
11 20
17 38
112 116
126 93
104 130
117 54
109 24
141 38 50 60
126 137 50
1 102 41
41 49
20 88
48 50 58
59 81
130 32 82
131 22
130 14
58
134 58 8
109 99
1 43
130 99
0 130
126 90
130 137
114 24 39 90
24 31 48
129 98
132 22
134 3
10 41 42
131 3
14 5
110 40
141 49
46 58
16 38
125 138
108 118 50
17 5 85
111 130 139
112 36
109 34
109 89
56 66
34 52
56 75
132 68
105 17 85
111 136
135 36
141 31 86
27 32
14 40
131 47 80
56 60
119 50 51
39 57
131 40
132 39
20 85
25 4
56 68
108 81
36 56
119 60 85
140 58
125 34
114 138 49
108 109 40
24 36
123 126
111 25
108 42
51 58
58 82
137 40
108 133 36
103 50 56
125 82
1 20
107 126
119 66
125 17
140 68
126 22 5
75 99
110 22 42 80
132 92
119 87
131 20
134 22
132 74
124 132
111 22 58
1 47
115 54
138 69
16 36
19 41
10 101 107 51
138 36 41 52
131 50
4 83
52 90
79 90
141 90
4 84
103 138 81
109 134 5
42 48
50 92
42 50 97
46 50 57
139 4
29 3
113 43
25 58
20 34
0 17 50 92
24 81
130 140 34 60
17 38 4 58
39 64
21 72
126 43
118 42
134 138
51 84
103 49
36 60
130 63
16 81
116 80
125 53
41 94
124 17
125 56 85
17 22 36 75 93
52 56
126 20 22 81 99
129 74
137 58
109 49
118 13 138 80 85
1 41
126 80
68 82
3 64
103 34
103 39
134 85
60 85
137 24
107 109 111 17 39
138 52
116 125
104 68
22 28
56 85
20 7
1 88
140 40
56 65
56 90
104 63
125 58
1 35
20 51
14 60
34 80
1 32
109 18
115 48
119 54
1 52
141 80
36 61
122 19
135 31 39
136 42 50
136 69 99
115 4 56
37 58 96
101 20 86
41 60 63
111 17 42
48 64 82
125 16 29
66 75 85
10 138 50
111 126 17
111 17 81
106 132 41
107 110 41
110 3 80
17 68 85
14 58
138 41
10 126 75
107 109 9
11 47 50
109 139 14
17 57
41 82
103 42 50
119 5 58 65 7
25 56
103 86
105 142 20
10 17
105 126
46 98
119 46
14 36 38 41 65
29 95
103 67
57 67
130 3 5
17 7
106 3
125 54 58
111 36 51
136 65
122 99
48 52
103 40
31 57
72 87
4 58 99
31 50 81
123 29 50
29 60
38 51 72
58 79
138 142 65 82
132 14 58 88 93
24 4 42 47 85
126 17 29 81
25 52 58 59
111 141 29 42
63 81
4 85
131 70
1 36 50
116 119 14 42
107 134 41 91
3 40 50 98
32
126 139 3 74
110 40 88
17 26 38 60
0 17 58
132 36 4 63
140 63 7
11 138 50 58
119 17 40
26
17 3 32 54
126 13 17 25 42
136 37
17 79 81
107 17 40 58
16 31 50
116 38 4
17 66
119 17 65 80 90
111 124
103 74
1 34
102 104
114 130 50
111 31 37 5
123 130 31
126 38 50
26 66
126 66
107 74
112 36 63
111 17 4
40 43
60 90
130 49
119 129 132
58 72
1 6
103 107 17
90
46 50
34 60
31 82
141 40
126 40
134 42
111 86
109 71
24 40
17 88
58 68 81
0 36 94
109 68
52 72
112 48
138 68
24 72
116 131
111 125 137
119 50 75
116 126 78
111 50 51
111 51 88
18 81
102 94 98
111 137
36 91
0 112
134 58
124 142 5 88
129 14
20 75
111 138
48 76
24 39
111 38 65
119 22 51
0 136 50
36 37
22 91
109 115
115 128
122 58
109 123
110 19
53
40 65
68 72
138 75
111 5
136
139
61
41
0
66
137 20
37
52
63 90
93
127
126 49
138 34
38 4 60
0 56
110 46 88
136 22
10 50
136 50
26 36
134 140
105 58
0 26
65 68
1 14
52 82
49 88
138 58
34 50
102 105
142 75
132 32
17 83
134 40
130 36
7 83
111 139
105 109
36 40
126 7
40 97
31 65
10 40
119 99
119 125
20 56 71
5 65
14 58 82
87 94
46 88
110 126 58
0 29
110 4
116 20 40
107 41
111 123
111 125
22 56
36 50 56
126 35 41
138 94
121 134
111 9
0 29 41 92
41 60
141 43
141 26
24 56
129 31 56
20 37
81 90
0 14 29 63
106 43
127 60
40 64
106 5
121 52
60 82
0 58
110 82
108 72
105 62
110 90
0 1
141 9
109 46 5
17 32 41 58 7
57 80
109 115 56
126 40 5
43 52 72
108 66
140 5
107 130
131 7
134 78
126 38 5 50 51 52
126 53
105 126 131 14 17 50 6 60 75 81
125 132
50 71
126 52 58 60 63
112 99
105 109 119 17 98
109 130 17 22 56 79
110 37
109 135
129 80
131 32
3
48 74
52 60 74
139 20
119 36 50 72
13 46
110 111 17 81
17 81 99
43 67
39 50
109 140 17 32 42 58 82
110 119
103 117 119 22
126 41 42
3 65
22 41
111 114 21 4 50 55 88
110 42 60
0 91
109 111 17 20 3 4 50 75
19 94
4 50 58
132 5
126 32 48 57 58
111 58 92
125 36 73
111 132 17 19 22 46 65
0 126 20
11 126 18 32 49
20 56 84
20 63
0 10 102 109 110 111 19 3 36 37 85
119 125 138 17 49 52 58 60 63 99
137 17 56 63
1 102 107 111 114 130 3 42 46 54
4 88
1 119 126 130 135 17 32 46 81 9
32 40 46
110 30
1 119 17 31 58 7 85
0 127 25 31 38 4 48 50 61 80
57 82
111 125 126 134 136 14 34 36 90 99
129 42
32 65
109 111 17 20 29 36 37 42 72
107 45
102 130 17 31 32 39 51 82 99
10 126 17 28 36 5 50 75
111 24 50 57 71
0 106 109 24 3 32 42 5 50
0 130 14 3 46 50 52 54 56
1 109 125 13 17 40 5 62 99
109 130 17 32 39 51 7 82 99
114 126 13 17 22 5 56 85
1 103 104 132 139 17 31 50 7
103 106 119 32 37 40 52 74
119 126 50 60
20 81
10 37
138 46 50
103 126 141 22 36 40 60 7 93
1 10 132 17 38 4 52 64
103 111 116 119 126 129 139 50
58 70
17 48 50
0 126 29 32 37 38 42 50 65
111 17 39 40 49 5 58 75
1 102 105 119 123 49 52 74 92
126 42 49
109 65
125 48 81
10 109 117 130 25 52 58 94
38 67
119 78
1 109 112 132 21 46 50 65 71
111 14 34 35
103 109 26 3 38 4 42 80 85
105 85
111 114 125 20 32 62 67 70
130 93
14 20
102 132 136 3 32 4 52 53 58
63 84
10 116 132 134 19 29 3 41 50
29 46
0 110 119 17 20 36 40 89
17 20 51
125 129
63 65
39 53
3 58
131 86
111 66
22 52
123 131
103 7
50 55
103 92
10 99
5 96
49 85
31 36
0 94
132 57
38 52
111 36
1 36
7 85
29 63
1 126 50
46 5 58
116 134
24 47
130 95
126 130 135
102 138
132 38
125 57
123 20
125 126
0 1 40
118 81
138 37
138 3
35 43
119 22
32 52
110 67 88
119 16
4 62
17 75 80
142
110 99
115 38
109 43
109 135 90
119 20 50
132 138
31 58 7 80
119 136 49 61
4 52 85 99
101 47
36 95
0 103
126 34
19 56
118 138
123 22
136 7
111 60
58 75
107 136 60
139 141 82
131 137 90
32 92
109 51 85
49 7
0 39
3 7
7 94
125 4
40 79
109 126 14 38
101 41 42 50 51 7 80 99
85 92
130 34
19 36
112 119 90
105 141
1 58
104 36
3 34
19 88
20 72
111 17 40 99
119 4 50
3 5 56 82
132 139
20 40
126 142 38 81
109 111 126 132 17 42 50 92
2 4 40 63
109 126 17 24 48 49 52 63 68
107 109 17 24 50 60 71
1 109 114 19 65
0 129 36
23 50
103 130 134 42
126 94
126 132 20 42
131 4
10 17 4
119 67
24 5
57 7
46 82
119 127 29
39 40
1 119 126 140 40 47
141 65
4 58 82
136 31
109 119 20 25 29 36 4 41 50 7 93
109 126 131 17 29 32 4 51 58 63 71 99
129 17 60
107 109 111 113 134 139 15 31 40 50 7 75
109 130 29 34 50 60 63 64 97
105 109 126 134 3 41 42 51 58 60 68 70
56 63
109 118 119 126 130 17 21 43 49 90 99
111 130 17 21 36 37 67 71 80 88 92 99
102 40
109 25
10 4
0 103 109 119 126 130 138 47 56 58 80
111 39
107 32 50
106 111 127 136 140 34 50 54 56 58 67 90
109 111 130 134 35 40 49 50 56 58 99
110 123 126 132 22 41 5 50 54 60 81
1 112 114 126 131 20 34 5 50 62 65
106 142 17
109 119 126 130 132 138 3 60 7 90
104 135 52
10 109 111 15 17 24 53 54 71 81
111 60 96
126 132 138 20 32 4 40 41 5 56 58 85
138 91
9
103 14
109 119 95
0 10 104 111 130 131 141 32 50 65 88
111 124 126 22 32 39 6 74 75 88
10 62
130 135
26 57
109 129 58
10 109 116 132 142 17 29 40 42 48 58 6 65 7 97
138 95
138 85
92 96
115 56
1 134
130 97
108 111
130 142
127 50
65
0 32
99
106 4
1 51
108 51
53 60
5 67
56 73
19 32
126 136
85 91
115 18
74 90
115 24 41
103 112
57 85
17 25 94
52 79
112 141
111 122
19 49
116 29 34
134 31
84 90
104 111
66 71
65 99
129 132
130 80
110 70
103 80
0 72
132 42
36 66
105 137
17 80
132 72
19 37 46 58 99
103 15
131 140
111 112
38 4
35 42
35 41
139 34 38 82
31 63
102 49
4 95
109 129 50
58 99
129 49
138 17
119 85
41 54 95
57 81
132 31
66 82
131 134
39 78
111 140
17 25 56
138 17 32
102 103 22 67
1 82
29 38 50 72
1 31 36 40 81
20 80
129 71
57 61
34 5
115 40 5 50
47 98
1 139
130 3
32 84
10 17 49 99
65 78
125 88
50 64
22 24
17 22 29 50 68
112 32
107 126 131 14 22
126 42 5 50 58
14 36 39
17 22 4 60 7
17 57 99
25 57
17 25 31 43 50
113 62
103 64
81 85
115 64
36 50 57
111 118 131 31 85
53 81
126 36 50 56 82
104 126 94
105 36 64
111 132 3 42 62
17 50 58
42 64
1 99
0 22 3 85
126 38 51 60 68
141 17 50 85
119 22 34 50 52
0 109 111 35
111 22 49 58 67
126 138 49 58 91
126 141 56 70 81
119 126 22 24 58
126 38 60 65 82
109 17 38 42 51
10 107 81 85 88
17 29 32 42 63
126 22 56 58 83
1 109 119 134 19
107 109 112 119 86
103 111 37 50 56
109 119 20 58
110 126 55 74 82
109 141
111 131 132 32 42
52 74
114 39
126 48
130 67
115 4
1 10
48 51
54 75
60 72
1 119 90
32 49
10 63
107 116
118 22
118 119 58
58 9
17 62
140 52
107 40
65 74
138 74
103 132 4 41
116 129 67 85
107 29 82 94
10 103 39 63
107 119 34 39 56
142 17 50 89
72 75
119 53 58
107 27 50 81
104 17 20 58
119 40 60 69
119 142 15 19
130 17 40 48 88
126 52
116 39 99
1 110 111 31 50
1 50 60
110 18 20
126 132 28
50 52
10 38
34 90
13 34
113 17
128 17
22 94
4 99
36 72
54 59
52 66
82 83
68 75
4 63
17 67
107 14 50
140 38 62
109 39
105 40
56 82
50 78
38 64
6 67
4 90
65 80
29 73
126 87
17 24
119 64
130 54
107 62
0 102 115 82
141 51
1 62
109 95
0 82
114 54
34 40
126 75
17 19
103 2
141 52
0 125 51
6 60
68 77
103 24
37 92
134 67
4 40 50 62 72
41 52
104 132 22 47 99
103 134 4 74 77
107 115 126 17 51
36 41
101 122 125 126 99
109 21 29 32 71
125 131 22 58 65
110 43
109 119 50 58 60
119 19 49 70 9
0 65 82
127 29 34 41 50
117 36 40
131 85
109 126 5
136 17 20
1 109 11 29 41 5
111 42 65
132 31 37
117 126 140 17 31
140 63
107 26 34
30 82
118 134
109 130 37
29 41
47 75
103 111 16 21
10 140 24 42 50 60 66 85
3 71
1 21 38 4 58
107 109 126 22 31
45 65
138 57
29 35
111 126 38 41
104 88
40 70
2 58
136 36
5 6
33 74
19 81
1 109 42
10 103
0 137 48 50
109 125 132
126 24
106 65
42 57 84
119 32 42
125 132 50
110 132 136 40
111 32 41 58
117 136 17
15 50 60 66
109 111 22
104 126 41
118 56 88
40 63
109 29 50 60
103 51 58 72
108 109 126 78
1 109 26
126 17 24 97
125 139
122 22 36 49 75
111 35 56 81
111 119 127 56
111 88
103 126 132 134
1 50 85 91
109 126 28 37
126 29 32 5
119 125 126 17
107 141 29 67
107 126 26 34 62
109 40 81
103 110 14 58
43 79 81
138 42
38 40 58 86
126 17 22 25 78
34 58 60
10 25 61 85
36 60 81
111 132 41 60
38 7 81 90
1 70 92
141 38 4 80
1 123 20 4 5
136 29 31 47
12 34 63 74
119 5 58
0 107 126 17
111 17 22 71
29 49
132 134 65 88
41 46
58 60 63 82
61 92
132 17 54 58
130 4 99
20 58 60 88 90
0 132 52
109 112 137 17 20 50
111 126 68
136 73 81
109 29 52
140 32 74
126 129 50 57 60
111 51 53
116 38 50 85 93
103 119 7
140 73 88
111 36 42 48
15 24 92
119 130 60
109 17 99
122 3 43
103 2 4
107 17 50
40 99
102 56
107 114 132 42
109 111 65
125 22
32 41 65
0 1 125 17 42 65
139 4 85
11 49 56
109 131 50 85
38 4 62
24 58 65
119 132 8 99
109 139 31 35 58
110 26 50
103 24 50 58 65
112 26 43 50 82
0 102 109 22 3
126 2 60
110 112 126
1 65 97
141 56 85
103 122 139 32 50
111 126 31
3 90
119 126 41 58 81
1 16 36 42 58
111 17 50 58 81
109 120
138 59
0 39 40 57
109 139 82
119 22 39 65
112 138 38 4
39 60
109 111 42 68
110 17 36 90
124 85
103 24 31 50
126 14
10 31 42 92
125 16 38 81
119 134 142 58
103 125 35 45
103 119 125 58
130 136 79 82
126 130 64 72 8
107 119 140
109 118 137 31
139 99
32 39
49 67 82 94
119 94
103 17 20
46 50 58 68
1 130 136 29
109 119 17 20
109 125 126 42
109 134 58 97
109 138 22 99
103 21 36 4
112 46
1 111 119 17
134 22 58 98
63 66
17 42 58
123 32 72 94
119 125 90
32 71
109 126 38 50
111 132 20 4
41 42 5 99
108 126 139 25
0 132 60
106 24
109 125 138 66
109 119 17 31
17 39 59 85
14 36 37 5
103 107 111 17
130 24 31 82
41 56 82 90
106 17
42 58 7
109 110 130 42
14 72
1 14 3 42 82
112 119
4 42 58 59
107 34 39 60
109 25 49 52
62 68
103 14 25 99
105 136 20 75
111 17 31
17 31 36 38 5 56 80 91
126 3 65
126 35 42
63 99
119 83
142 51
109 119 42 50
29 88
111 115 119 138
109 17 22 56
136 140 42 58
137 51 56 58
126 50 7 82
37 60
1 115 5 50
116 139 31 50
22 35 50 92
141 4 50 51
127 130 51 92
126 22 25 36
32 81 85 90
22 31 42 80
0 129 40 90
20 22
110 132 136 17
4 52
29 38 52 58
17 37 58 65
116 31
5 50 65 97
42 50 99
32 41
12 20 7 81
4 40
4 74
109 17 49 71
141 32 42 56
19 20 35 42
108 50 65 92
112 119 38 85
1 14 17 80
111 129
109 132 2 29 56
107 119 17 85
109 22 56 73
3 42 49 94
110 126 22 92
119 130 131
24 5 75 80
111 49 50
105 21 39 51
103 17 32 85
3 32 5 50
126 130 17 5
10 85
34 39 50 58
36 50 52
32 63
111 125 130 7
0 111 126 81
126 24 42 52
126 24 31 65
103 109 43
31 34 47 5
38 54 65 82
42 5 99
32 37
36 71 99
1 50 74 82
20 41 7 71
132 38 42
37 50 60
11 136 20 50
119 134 39 40
109 110 50 7
104 126 36 91
5 62
1 17 41 85
116 140 50
102 126 130 82
111 138 50 64
126 51 75
111 52 58 99
109 21 42 93
115 41 43 50 58
115 81
111 119 130 4
131 41 45 46
109 126 36 50 82
54 60
126 132 48 70
49 63 81
5 7
1 126 41
111 119 134
126 26 42
1 107 126 22
125 138 50
37 52 56
119 126 22 42
42 54 85
126 26
119 132 50
39 96
105 38 50
20 49 50
105 141 51
7 74 85 87 88
140 38 60
26 37 4 63
111 39 65
22 54 63
1 17 50
1 107 96
119 126 136 50
19 22 5
116 29 85
137 3 82
111 131 20
7 74
119 125 50
130 38
119 124 20
47 50 65
114 48 5
39 41
134 22 50
10 111 58
119 51 67
29 40 56
64 88
111 130 4
1 109 14 43 88
109 130 37 40
138 141 40
110 17 28 65 81
126 29 50
10 103 109 119 17
103 130 32
106 109 19 36 63
113 24 50
126 24 99
25 74 82
137 17 50
134 42 50 70
20 4 60
10 36 90
109 136 17 41 80
1 126 15
129 133
114 132 42
119 132 14 43 51
110 24 42
125 50 60
113 41 42
0 17 36 5 50
114 66
1 102
14 52
13 132 45
113 119 17
49 50 77 82 94
17 54 58
125 4 41
126 17 49
116 119 126 142 81
119 130 94
103 17 60
105 127 20
110 42 58
126 29 56 60 91
126 20 31
34 49 50
126 37 50
10 119 49 72
130 17 72
126 14 17
138 17 51
115 134 82
119 40 67
65 75 93
109 111 60 69 75
119 126 137
116 138
38 50 74
125 50 57 58 70
111 24 82
103 111 37
109 119 72
111 125 73
109 132 4
17 4
1 111 134 15
136 5 7
20 39 58
111 50 52
20 35 52
22 67 85 88 92
126 139 17
32 38 50
131 14 80
104 99
42 50 90
108 126 81
125 17 50 66
110 17 58
109 129 142
111 119 132
119 24 99
17 41 42 53 63
50 62 75
126 17 91
115 60 67
109 111 50 81
111 58 63
131 20 32 60
119 13 49
102 17 50
131 63
136 54 60
108 31
103 126 138
60 79
10 103 119
38 59
0 126 82
138 54
109 49 51
110 126 42
109 29 38
46 50 67
119 136
17 9
119 129 52 57 85
110 17 52
119 22 37
119 131 31 56 85
1 5 52
20 42 56
17 19 47
114 22 57
109 112
7 80
5 62 7
110 58 74
20 26 48
132 137 3 50 81
109 75 90
115 85
126 63
24 29 42
31 93
111 126 32 60 65
32 58 72
0 119 48
125 20
1 111 17
3 74
5 92
141 17
40 41 72
26 40 88
126 131 132 47 5
116 119 17 20 35
132 83 90
138 22 50
57 75
35 90
46 5
42 72
142 29
0 42
26 75
107 116 132 94
38 94
124 140 57 7 96
107 3 75
127 54
118 56
18 50
136 138
109 119 29 42 50
0 4
17 29 82
119 126 136 39 58
17 32 37 60 80
127 52
130 57 58
3 49 60
138 58 85
126 50 51 81
1 131
37 46
109 24 31 65 99
1 30 4 40 58
126 130 3 51 60
3 46
40 67
13 29
14 9
114 20
61 65
25 38 4 57 64
40 77
104 75
17 3 56
1 110 141 40 56
109 141 42 58 69
113 119 16 38 58
124 38
116 26
32 54
133 36
0 34 56
122 75
21 4 51
131 71
136 64
42 7
104 109 14
22 29
138 42 58
109 42 85
107 126 42
119 22 95
136 142
0 1 42
109 14
111 131 141 82
14 20 37 50 81
10 109 50
2 50 52
111 14 50 63 90
10 119
0 20
130 70
22 57
109 138 52
50 67
121 132
107 59
29 34
48 50
127 136
1 124 4 52 60 67
15 39
119 130 38
130 60
40 75
41 75
111 116 119 38 4 70
109 32 82
36 4 50 58 91
111 41
129 47 99
29 38
63 83
50 83
109 111 68
102 119 129 51 56 81
127 49
107 109 130 60 99
52 70
116 50
138 88
111 138 5 52
105 108 122 56 93
119 132 43
10 110 125 58 90
109 111 42 50 85
109 62 98
4 71
119 17 31
32 40
22 50 85
107 111 32 50 74
114 126
82 85
126 4
62 80
2 22 62
137 85
7 82 90
34 82
125 17 54
5 88
126 51 82
126 88
108 112 60
136 54 57
35 56 80
107 17 22 67
125 63
50 74
1 75
134 72
125 48 56
40 92
72 80
56 93
30 49
56 57
123 81
130 46
129 85
133 32 48
130 51
20 27
109 139
136 93
107 138
72 82
2 39
139 51
36 69
111 85
52 61
119 142
91
109 14 25
135 49
129 56
104
118 29
13 92
139 22
104 140
111 126 134
67
119 53
111 138 75
109 132 14 25
38 46
17 40 52
12
129 58
14 94
114 36
103 78
14
111 50 67
110 123 23
39 94
111 48 74
115 126 138
42 47
105 134
40 58 81
119 15
10 43
111 141
107 17 22
82 90
37 65 85
10 58
109 50 58
33 7
115 140 81
105 98
32 74
26 65
54 99
125 36
131 75
112 61
111 31
107 20
126 75 99
14 17 3 35 5 50 91
13 54
110 134 58 60 91
3 81
106 31
126 31 53
17 3 39
3 60
67 91
111 15
22 52 62
103 9
10 140
34 39 50 85
0 83
111 70
126 129 17 29 42 49
4 51
4 72
126 55
140 60
102 90
141 63
5 50 88
109 125 141 34 48 5 58 7 72 75 99
119 20 42 48
21 82
126 19 29 57
10 72
109 119 14 39
109 125 132 17
111 41 42
114 17 31
0 136
130 65
60 71
42 51
0 45
104 38
119 91
106 126 25 37
1 15
136 76
109 94
22 42 60 65
121 79
130 4
111 139 57
71 72
119 67 99
136 46
24 29 7
136 42
104 119 127 139 17
10 34 65
103 126 82
0 7
126 134 85
17 34 81 85
109 53
0 119 132 22
138 99
109 64
111 138 17 20 58 60 82
103 109 29 50 58 60 82
34 42
12 140
2 20
58 59
0 14
104 69
131 95
132 67
13 133 24 99
1 5
112 41 49
119 93
103 104 114 119 29 36 38 46 48 50
107 21
125 29
119 126 136 17 49 5 50 54 82 90
10 81
38 5
49 96
22 26
53 85
135 81
25 31 42 65 77
32 64
11 95
14 33
140 31
122
105 81
116 85
126 3
111 32
131 49
17 4 5
142 52
37 90
0 116
101 42
20 47
47 99
125 47
43 50
10 97
109 119 126 130 24 51 58 60 70 88
62
85
118 24 42
109 125 17 22 46 57
1 50 82
12 51
103 119 140 60 64
103 137 17 34 50 56 62
136 2 49 50 58
114 22
132 54 58
136 74
106 111
132 136 17 39 4 50 91
126 72
49 51
119 126 50 99
110 116 22 98
124 31
34 37
107 32 36 41
118 130
0 112 119 58 84 85 9 99
132 90
111 114 56
109 70
14 37
137 81
14 65
119 58 85
130 17 58
107 40 51
106 37
20 24
49 75
104 67
24 29 71
1 82 85
107 141 42
10 110
1 25
123 20 99
104 109 111 119 29 50 56 75
111 119 50
35 85
136 57
136 22 38 56
111 58 9
114 56 75
126 132 19 22 35 54
103 116 17 60 69
36 99
119 57
126 31 81
53 68
0 81
19 4
0 110
140 41 60
47 67
41 67
49 65
38 7
124 39 42
107 142
109 17 34
126 81
137 138
112 71
102 17
136 40
0 1 103 138 22 4 46 49 5 58 60
54 55
17 21
103 107 32
119 126 3
132 18 4 40 56 62
125 46
32 90
108 4
102 72
47 80
22 48
64 85
126 60 81 85
41 51
105 52
74 88
67 99
126 16
50 66
12 39
138 47
109 48
139 56
109 111 119 29 38 42 65
13 32
112 123
110 63
105 25
132 83
1 103 107 109 110 111 116 119 24 50 58 68 82 93 99
34 85
134 64
31 48
119 98
50 73
139 42
65 82
10 58 62 79
141 32
50 85 91
75 93
41 56
119 72
39 76
115 52
17 91
43 63
5 75
125 130
119 122
49 80
138 65
115 20
24 58
3 87
125 49
102 4
49 56
137 142
10 136
5 54
37 72
124 4
134 142
1 109 125
107 58
132 141
1 136
22 51
39 54
138 36
1 103 107 109 111 130 135 4 41 58 72 91
119 24
108 99
119 132 15 17 20 51 58
113
111 83
119 14 82
109 138 63
0 32 50 60 64
1 40 85
141 24
36 53
137 139
1 122
126 69
56 7
138 15
112 50
1 109 130 50
37 48
126 34 58
1 126 129 52
132 42 82
109 121
129 5
108 138
25 42
130 132 138 54
25 41
43 94
28 42
103 116 126 20 38 50 52
116 57
27 50
32 99
107 109 140 42 46 52
125 79
106 109 52 65
130 17 24 36 39
109 113 3
123 50
22 62
1 84
41 42 46 52 66 85
103 109 93
134 38
132 136 36 5 80
0 36
111 20 75
103 3
107 70
130 81
39
104 130 3
140 41
125 132 31
124 40 99
0 88
107 109 129 132 138 17 38 61 9
109 46 58
0 46 51
126 56 75
60 88
107 126 17 22 28 38 42 5 65 70 88
104 50
138 32
126 137
3 5 50
14 92
111 119 60 67
20 99
112 42
112 58
112 20
111 132 136 52 81 82
103 107 114 119 125 17
138 66
0 107
130 52
125 9
3 82
130 40
140 42
63 94
138 49
111 32 63
116 36
139 68
17 45
138 92
0 90
22 3
133 91
32 68
133 42
63 74
130 37
38 79
111 119 36
134 75
132 65
105 135 139 56
65 71
37 53
103 107 126 50
114 62
137 49
49 72
103 119 45 91
103 71
20 36 37 5
136 38 58
109 50 58 98 99
118 49 50
107 75
31 38 40
119 31 72 99
116 42 58 7 83
103 107 34 72 98
108 50 99
134 141 28 4 50
17 50 58 99
131 137 15 41 82
109 42 68 90
109 132 39 4 99
1 48
109 134 5 58 81
116 135 42 56 99
141 78
126 134 58 73 82
112 128 130 14
111 116 123 52 60
10 109 112 5 82
17 3
131 92
13 132 41 50 52
111 34 40 62 82
0 109 119 50 52
32 75
131 17 47 50 91
125 75
50 86
50 51 57
114 31 58 81
103 138 42
109 67
39 58 99
111 22 40
24 28 75
119 126 61 67
0 103 17 50
119 131 48 50 62 80
3 7 99
46 57
17 68
126 59
32 94
19 76
101 119
125 142
29 75
52 88
103 57
111 116 4 5
28 80
109 119 66
19 3 85
119 17 34
15 17 50
132 17 81
0 35
1 116
117 24
132 79
107 130 57
109 41 63
11 67
36 6 72
119 56 65
111 36 65
22 53
138 17 40
29 57
111 119 17 40 5 69
109 110 111 126 131 17 38
1 116 17 22
1 109 17 5 50 71 99
103 56
103 111 116 138 139 4 5
126 3 50
109 135 58 99
35 40
21 42
19 58
127 130
60 9
131 17
4 82
101 109
31 5
107 56
105
103 17 36
103 35
113 57
40 5
17 70
102 113
117 17
132 37
46 65
1 80
119 70
4 66
50 53
102 99
122 5
115
119 42 50 99
107 17 22 29 5 50 72 79 99
17 41 42 68
20 48
1 94
122 34
24 74
137 51
102 65
126 36 50 84
32 42
11 5 92
0 129
0 111 63
60 75
15 58
103 43 80
15 43
115 119
22 5 7
48 5
124 46
140 22
138 17 81
0 132 39 75
40 57
134 65 71
1 72
70 75
122 126
26 50
141 4
11 132
40 54
2 60
107 49
20 52
137 60
10 80
106 125
0 46
20 67
117 24 91
58 65
103 107 111 69
13 41
110 139
0 109 14 42
116 41 65
115 34
50 61
39 45
40 90
142 60
108 56
142 48
42 66
36 57
33 42
42 74
42 46 99
1 26
35 38
67 85
15 56
62 85
127 3
105 18
20 45
2 22
10 42
35 99
103 54
19 73
134 52
112 22
5 81
16 17
107 95
137 50
38 63
34 65
107 126 136 138 17 22 40 50 58 72 75
16 50
22 25 51 56 85
103 70
18 90
130 132
130 2
132 97
110 57
134 24
130 136 138 15
35 57
25 43
130 85
114 82
110 42 56
24 55
1 134 17
17 40 46 47 50
107 121 17 31 5 81
14 140 31 36 42 52
107 46
111 132 22 32 4 46
111 126 25 55 59 91
91 98
114 129 138 141 17 93
109 132 20 32 4 41
111 114 119 81 92
119 126 50 52 56 85
1 10 138 24 30 94
119 126 127 50 58 99
0 109 110 119 24 32
111 17 4 40 63
109 128 132 136 4 63
109 130 132 17 50 60
0 111 122 132 42 99
136 43
103 111 114 17 51 62
24 41
46 99
107 119 17 41 62 71
1 125 20 40 48
17 24 46 85 91
103 119 17 50 63
114 94
111 115
107 114
116 119
139 37
119 43
66 99
111 20 31 62
50 56 82
1 107 109 131 20 50 60 66
107 58 81
1 37 41 58
21 85
101 119 139 140 40 49 50 56 59 71
110 111 123 17 24
0 107 109 111 138 29 47 50 53 58
126 20 22 36 46 56 66 85
123 42
109 126 132 17 40 46 49 50 56
110 29 5 50 56 68
109 111 119 127 131 17 34 40 60
134 29 4
104 111 134 17 4 50 52 68 88 99
17 58 92
109 111 54
110 111 31
107 122 126 52
109 4 47 58 7
25 48 58
11 119 4
37 42 56
136 99
102 109 111
126 130 136 140 17 25 30 32 52 71 80 85
134 90
104 49
107 13
10 111 133 4
111 126 42 48 99
102 53
50 56 81
49 82
105 111 119 131 19 4 46 50 75 92
110 115
107 126 32 36 42 46 58 61 72 85
131 34
134 139 9
109 5 50
129
107 140
103 41
141 36
24 31
114 7
102 132 14 17
138 17 41 74
4 41 50 58
4 52 65
106 50
57
22 34
69 81
38 81
131 31
52 85
14 17 40
109 35
20 36
127 38
138 29
109 51
125 92
36 75
111 138 20
130 32 34
111 20 38
58 68
125 35
80 91
14 29
0 85
119 48
129 39
107 67
0 5
129 72
34 56
111 93
107 52
15 4
4 57
137 82
112 52
73 81
1 93
29 50 52
1 17 5
105 50
14 85
119 20 95
37 50
37 58
103 53
14 82
121 126 85
7 81 85
25 34 99
125 99
54 7
80 82
15 62
47 50
22 37
43 52
106 32
63 82
2 51
131 67
66 95
34 64
132 17 38
129 60
36 54 72
22 32 7
17 60 81
101 103 50
48 68
108 109 29
103 50 98
110 117
2 80
132 3 85
1 130 58
126 42 47
110 88
36 42 50
109 17 64
49 57
35 81
137 25
108 65
35 46
105 131
111 14
118 65
141 15
40 91
29 94
136 70 80
50 95
51 54
102 50
71 74
32 83
114 48
35 5
116 56
32 82
142 72
133 31
40 68
28 40
110 80
138 33 50
131 17 52
49 66
107 38
139 83
23 34
103 138 17
126 5 81
39 50 88
112 17 56
17 6
111 28
103 17 32
10
1 139 65
65 72 81
50 51
126 17 56
109 15
26 98
132 21
101 93
132 57 93
103 119 31
125 17 20
107 71
36 85
24 3 34
132 36 4
16 75
59 65
0 38
34 49
1 9
40 81
9 95
140 22 32
119 126 36
3 45
56 71
105 14
104 109 41
129 17 49
86 96
105 60
118 38
26 3
109 58 85
136 63
45 49
125 130 42
107 132
103 36 47
119 17 32 58
141 50 63
13 26
48 63
114 116
114 139
43 72
107 25
64 81
110 3
109 56 99
21 57
59 91
13 16 81
130 32
126 70
1 10 48
110 134 40
0 3
134 7
107 99
114 63
107 64
141 37
19 82 88
10 132
111 119 42
17 32 50
109 138 34
107 111 42
136 39
109 5 82
109 88
43 85
135 54 80
136 68
10 92
25 82
1 118
132 136
88 99
35 58
19 92
32 73
136 60
13 60
107 66
112 126 54
4 48
111 119 65
103 110 17 92
50 57 60 99
109 110 20 5 7
1 139 49 82
126 17 38 39 50
102 137 138 14 81 92
126 17 32 65 99
119 32 60 66 72
31 39 53
110 134 32 58 80
41 72
0 42 80
17 31 5
111 17 99
132 42 58
4 46 60
103 117
111 74
63 85
53 57
126 36
14 99
132 17 28 32 50 57 7
25 29
20 38
126 64
51 67
131 97
116 4
69 79
24 66
131 141
40 49
130 31
107 125 20 42 5 52 58
134 44
141 31 56 75 99
130 133
112 138
118 3
36 58 64
46 56
17 52 9
34 68
24 65
116 51
106 72
48 58 63
103 116
26 40
4 91
109 47
46 76
104 71
22 72
37 56
111 19 47
103 11 126
0 116 99
34 58 82
24 57
134 17 32 4 7
122 26
111 20 38 5 50
1 103 111 142 20 3 63
104 111 114 129 38 60 71
138 17 56 92
132 5 58
24 84
113 130 71
107 24
101 132 36
40 58 60
39 88
56 59
115 32
126 47
50 94
141 62
39 56 93
102 19
25 75
1 107 37
130 29
138 60
49 99
136 80
40 51
114 125
116 117
130 24
1 4 85
110 134 50
38 48
103 130 134
31 51 56
111 138 22 52
114 14
101 114 125
139 5
125 141
60 66
51 99
137 43
134 29
0 1 107 109 126 17 29 36 4 41 42 5 56 58 68 7 70 79
38 92
111 113 125 127 5
116 58
104 109 111
124 60
138 17 3
110 60
126 132 85
25 96
14 26
107 17 58
106 110
132 43
1 111 112 42 58 67
107 14 34 50
1 134 40
109 126 17 20 76 81 99
17 3 50
104 109
109 17 81
67 80
122 51
136 48
111 39 50 62
117 60 91
102 29
1 142
49 90
31 59
108
115 132
32 50 72
29 40
39 75
142 80
118 130 14
131 134 42
37 56 64
109 119 17
75
115 139
17 42 75
110 132 52
36 48 66
26 97
0 103 109 50 56
25 49
112 7
5 74
0 50 82
111 35 80
114 67
36 88
139 42 68
140 85
116 75
1 111 22 99
126 97
142 36
102 59
138 4
28 83
76
123
103 123 48 75
138 32 50 65
42 80 81
109 14 50
142 17 58
138 5 71
81 84
110 81
134 73
12 34
49 81
111 46 85 99
10 126
119 24 52
124 41 7 75
3 92
109 52 58
47 63
51
124 5
119 36 52
103 49 50
137 36
103 13
47 93
25 90
113 42
4 40 46
1 111 126 130
24 37
22 40 5
103 38 4
69 90
47 89
39 82
17 2 60
20 50 59
39 5
32 80
122 56
109 6
1 97
17 41 5
82 94
109 111 49 57
63 92
111 26 59
126 13 15 95
126 17 20 50
125 46 60
1 127 17 24 5
10 138 36
60 67
25 62
126 17 72
41 68
16 60
3 99
75 88
107 53
13 25
107 98
24 26 49
134 58 64 99
51 52
13 99
51 64
107 109 136 22 58
136 54
68 81
109 111 139
110 25
9 99
21 4
101 118
18 22
11 40
125 96
103 130 50 80
102 132
140 4
111 119 31 41 42 48
56 74
35 60 61
110 38
108 19
21 78
109 111 17
106 38
41 48
114 32 42
35 80
114 74
113 5
130 17 42 56
47 54 56
118 34 42 55
11 111
1 102 56
107 50 7
126 17 7
52 68 88
16 41
118 125
41 54
119 142 32 40 50
125 139 24 3 5
134 19
65 88
114 58
134 141
66 83
114 37
126 49 58
22 32 38 50 88
41 57
134 39
100 119
109 116 71
0 24 39 75
1 103 22 99
138 90
103 111 42 43 74
103 60 81
1 111 22 32 52
10 135 5
109 41 60
115 72
21 91
119 12
109 126 17 42 48
3 32
9 90
13 56
106 52
10 36
103 129 17
123 14 41
42 68
126 17 36
43 66
5 97
111 116 132 29 58
42 75
103 141 72
26 96
131 58
109 69
119 19 58
111 50 60
1 141
10 109 119 36 39
26 32
107 31 48
72 85
86 90
41 81
116 56 69
1 126 17 58
32 64 82
103 111 32
36 47
138 63
137 91
105 111 130 141 50
112 25
52 99
27 60
127 24
43 81
111 126 38
84 85
104 129 34
131 90
111 50 74 75 94
109 17 43 82
126 90 99
60 97
3 43
20 97
103 126 19 20 58
132 26
135 85
109 79
112 130 66 81
17 5 58
54 68
0 116 17 42
46 53
1 19
64 79
17 95
102 103
31 64
119 17 4 93
109 132 70 90
115 141
48 81
125 7
126 36 81
0 140 63 7
111 114 119 130
111 92
139 84
103 14 17 51
119 68 70
17 38 56 7
32 40 50 92
33 5
131 38
47 50 72
31 51
142 32
111 46
17 22 38 66
140 47 50 99
138 31 41
25 32
52 63
74 81
1 109 50 65
75 80
119 88
46 67
22 36 38
25 39
43 58
103 93
102 22
110 46
119 134 57 65
130 21 22 80
63 76
37 42 58 82
42 76
81 9
115 41
107 20 4 42 58
103 114
129 136
32 46
126 35
23 4
109 119 36 51 7
1 103 111
68 87
38 54
111 43
17 22 29 60 65
40 71
109 16
15 38
103 21
131 56
119 138 32 36
0 132 85
117 47
109 111 113 25 50
109 17 62
107 110 126 138 58
20 42 46 70 72
109 110 111 50
140 52 63
139 80
0 119 17 48 56
24 9
111 119 126 42 64
130 138
135 35
15 3 50 58 92
103 109 126 5 92
17 52 59
129 130 24
109 132 3 7 87
14 3
111 119 21 22
60 65 81
113 130
1 113
29 65
111 59
111 35
27 65
1 109 17 35 50
126 130 17 57 7
117 130 60
50 52 69
113 99
107 35 65
14 88 92
105 116 50 51 80
65 98
47 49
25 26
52 69
104 52
123 49
109 119 50 7 82
64 68
122 57
17 3 32 49 75
111 17 53 57 58
51 72
125 64
107 22 64 82
107 111 17 4 81
109 139 39 50 63
119 136 50
2 42
51 73 81 99
138 39
60 78
104 37
109 126 132 140 60
1 111 141
119 47
112 13
140 65
36 98
104 126 127
22 54
122 22 39
103 111 126 130
126 68 81
126 132 17 43 7
124 31 43
103 135
102 25
17 5 72
14 51
16 72
12 50
104 21
20 26
139 38
132 17 22 36 4
32 88
103 111 112
140 67
3 98
129 138
0 52
36 82
132 17 58 7 92
108 119
130 77
131 5
125 41
19 22
139 48
1 38 50
101 17
39 91
111 115 126 92
107 109 88
127 138
131 32 5 68
2 99
132 48
142 92
1 52 75 82
24 67
32 66
50 75
107 69
111 56 88
125 17 36
139 60
10 31
60 62
130 88
5 72 90
52 57
60 80
7 72
19 9
39 51
116 42
45 47
19 29
125 20 83
134 26 42
136 82
134 98
38 49
112 29
129 130 29 38 40
142 4
1 140 17 32 34 37 56 63 80
119 75
1 119 125 17 32 38 54 58
125 80
116 5
138 7
111 39 51
32 57
26 88
110 136
19 57
20 56 58
82 93
28 35
124 16
105 29 5 9
14 47
132 52
25 31
110 116 5
96 98
22 68
127 17
117 50
17 51 60
32 48 50
17 71
0 49 5
103 111 17 50 60 82 85
108 63
119 126 23 70 9
109 119 138 20 4 49 58 7 88
119 125 126 22 29 41 42 56 60 81
103 111 17 50 56 60
110 111 129 136 40 49
110 111 3 32 39 81 90
122 136 138 17 20 36 42
102 98
108 90
113 138
102 130 17
140 62
4 7
129 43
25 63
110 39
112 80
35 97
110 111 36 38
5 82
109 54
1 49
10 134 20 29 56 82 90
103 31
49 63
116 19
134 5
52 9
138 71
125 40
127 20 32 50 63 82 99
10 125 17 50 60 91
109 129 31 46 5 56 85
52 55
134 68
1 109 117 39 4 41 56
134 17 38 39 42 50 62
53 75
103 107 132 17 22 34 4
123 85
131 83
1 29
136 50 60 65 7 72 85
109 13 20 32 52 72
113 119 22 32 54 71
58 65 92
0 101 111 125 17 35 56
107 15 20 34 37 57
113 118 20 50 60 66 80
17 31 63
111 129 58
102 134
103 106
10 32
18 42
106 39
45 48
107 123 17 42 60 67 98
47 62
112 137 58 99
59 60
141 31
102 107 109 16 46 56 58 85 88 99
39 65
126 42 50 84
29 81
17 92
134 139 42
103 31 38 80
109 126 15 20 81
132 98
102 142
110 48
109 126 31 58
107 29
125 38
106 42
101 111 94
3 4 60
17 78
123 56
138 37 98
135 50
126 82 85
123 78
43
1 57
111 126 129 29 38 42 60
105 20
103 126 36 50 72
4 49
13 141 19 42 57
36 52
75 90
119 136 137 39 42 50 58 7 81 82 90 91
74
124 139
111 131 40 54 76
109 9
126 15
132 55 63
1 24 5
11 85
69
1 13
108 46
15 82
102 58
3 63
50 9
107 88
109 119 125 29
40 88
66 73
107 27
132 25
111 58 81
119 134 58
10 131
106 107
31 54
34 71
103 110
71 92
123 129
31 40 60
119 22 49
138 8
48 7
141 21
0 19
1 33 49
116 40
22 36 49
43 75
43 92
110 14 4 82
116 35
20 71
25 34
104 109 121 132 42
104 92
133 94
110 42 50 59
126 130 42
38 90
39 56
35 74
1 103 29 4 50
43 84
132 14
41 59
116 41 50
54 85
103 109 49
104 111 14 31 58
112 72
39 92
60 65
37 99
110 137
107 119 20 42 93
0 99
114 115
31 32
36 48
119 17 46
4 46
110 132 39 50 99
125 138 36 51 85
141 22
101 81
79 99
107 130 29 52 92
100 17 24 50
106 63
135 29 44
29 72 99
111 132 17 4
107 35 50
109 111 34
107 36 63
23 51 52 53
3 56
37 85
132 24
107 126 56 60
106 114
1 50 63 81
139 65
18 20
1 63
34 84
109 111 139 46
139 17
117 126
134 88
111 64
71 82
108 34
115 99
107 90
22 90
137 36 56
114 72
139 50
23 32
10 134 75
136 34
112 90
26 73
139 77
37 41
29 52
92 99
127 48
13 48
110 131
38 56
26 92
40 9
55 56
110 116
114 122
119 97
122 4
109 129 82
66 85
24 93
16 25
50 51 58
13 132
129 134
109 110 112 17
17 91 99
108 132
25 81
64 72
125 54
27 51
50 8
114 138
140 4 50
1 124 67 72 81
74 85
107 43
49 98
31 7
3 35
129 26 88
103 24 56
133 54
17 4 65
109 23 24
109 46 5 52
0 129 17 23 90 99
109 17 20 51
109 137 22 38 59
109 24 60
34 99
109 125 50
140 141
48 56
39 56 60
15 32
103 127
0 138 17
102 67 97
109 17 50
2 5 50
10 31 85
111 18
47 58
1 114 17
109 129 5
108 36 67
24 68
22 5 58
124 92
109 126 32
107 126 135 46 61
10 47
129 132 24
134 35 65
115 13 139 81
116 99
130 131
119 17 5 99
142 17 39
20 36 50 52 56
138 29 48
26 71 85
2 49
109 42 47 70
112 34 50 81
1 17 22
109 98
1 137
110 132
107 91
7 90
102 127
107 109 80
119 138 50
21 48 92
136 25
3 58 70
109 58 88
32 43 65
119 40 5 56
106 14
100 46
109 17 26 50 57
10 39
31 60 81
110 17 32
130 94
49 50 85
125 73
112 132
114 134
137 42 52
5 70
124 81 99
1 10 111
111 142 17 26 36
32 42 52
113 140 76
109 50 82
10 20
125 59
107 14 19
107 92
103 72
136 75
109 22 41
126 141
111 17 25
136 17 22 35 7
51 60 81
111 119 136 5 58
108 114 74
109 33
3 49
63 93
25 46
20 62 99
107 50 74
107 28
4 96
39 48
124 129 17 99
102 129
29 43
110 29 40
114 57 7
113 129
110 14
65 92
20 91
10 139
51 91
41 56 83
22 64
125 52
14 38
38 40
64 99
42 62
109 25 47
130 43
19 57 74
54 73
123 126 141 22 52 62 68 85
109 110 126 13 139 42 63 80
116 17 20 3 50 54 56 62
111 134 39 41 60 80
21 5
132 22 31 36 4 50 69
49 53
1 136 4 42 43 52 60 72
103 125 139 140 33 58 62 80
103 108 109 42 46 50 85 88
118 60
51 68
107 111 119 12 13 17 20 41
20 62
1 106 109 119 131 17 9
1 126 132 36 38 41 56 92
104 126 130 4 42 50 58 60
106 17 46 50 59 66 88
113 132 17 38 42 58
10 126 2 37 38 48 7 75
0 109 119 125 21 39 80 85
103 108 111 113 50 58 80
107 111 137 26 38 56 92
1 108 111 114 126 56 58
111 119 138 17 40 52
107 132 40 41 57 7
109 113 134 17 50 60 75
112 81
130 41 54 65 74 8 88
102 103 17 22 37 72 99
1 109 111 16 37 42 63
112 119 125 37 62 85
72 90
119 122 132 138 17 32 84
109 111 136 17 36 71
119 29 46 48 56 60 84
1 103 109 138 42 50
1 140 20 58 60 63 85
58 90
108 109 130 142 31 42 72
0 109 126 17 4 51 99
111 121 134 14 19 20 82
1 109 119 136 36 56 66
0 115 20 50 60 82
103 113 126 45 62 87 99
108 130 17 50 58 62 72
102 20
109 134 25 54 58 60
105 115 134 136 17 20
107 109 111 139 41 81
109 111 31 50 58 65 75
1 109 132 40 45 88
110 119 17 36 40 60 68
11 114 14 17 31 42 7
116 119 141 17 2 31 41
80 92
119 132 19 29 67 92 99
134 140 56 60 62 68 85
134 140 36 49 58 73
137 140
119 127
57 83
10 21 31 50 56 58 72
141 88
125 17 43 50 75 99
111 126 15 41 49 5 82
119 122 126 134 29 74
102 107 108 119 37 65 78
24 3 35 53 56 58 60
130 132 31 36 38 58 80
125 28
109 125 134 24 29 57 85
109 111 112 125 129 32 56
107 111 32 42 60 82
1 10 126 38 56 60 95
137
110 114 126 135 20 4 60
126 4 50 56 68 87 88
111 126 139 141 17 42 58
115 119 14 4 50 63 81
109 110 17 37 4 50 90
1 126 42 46 48 56
109 111 114 126 39 78 99
111 17 22 50 60 65
111 124 31 39 58 65
102 9
13 68
132 49 50 58 81 85
111 69
26 37
114 125 17 22 3 41 80
103 110 132 32 38 80
108 111 123 25 38 43 52
1 109 24 40 50 65 72
119 120
109 17 20 29 33 5 56
102 109 137 140 42 49 66
10 103 138 24 29 50 99
107 139 42 49 56 93 98
134 139 42 49 50 99
107 110 139 17 4 45 54
1 16 22 24 50 56
119 2 20 42 58 60 98
126 134 39 4 52 56 59
116 17 29 42 50 58 60
111 73
126 17 37 48 49 57 63
111 119 19 3 52 67
131
107 138 56 58 60 70
126 141 38 58 60 80
0 13
7 82
126 65 99
0 17 24 51 58 68 72
107 126 134 43 56 58 69
65 7
105 111 17 19 31 52
1 108 111 132 17 50 60
125 129 3 38 52 92 99
103 108 4 50 60 65
118 142
31 39
109 126 132 38 40 99
103 119 126 22 50 56 75
112 119 17 58 61 63
119 126 129 65 7
0 119 17 22 47 52
109 36 37 52 65
1 18 19 38 7 95 99
102 109 19
20 38 42 5
110 50 65
7 92
24 28 99
102 14
106 85
131 94
32 98
10 142
106 56
4 47
141 38
14 52 58 60
110 98
54 66
17 34
135 14
26 31
124 56
141 3
103 119 56
107 136 17
