50 110 123
0 7 126
36 46 127
14 79 130
79 104 124
40 41
5 83
38 50 52 110
49 126
0 36 61 80
1 2 56
110 141
0 126
12 100
37 77 116
1 56 112
7 58 119
7 21
1 90
60 65 139
3 36 46
57 107
41 48 59
52 58 59
54 74
54 74 96
121 124 138
25 26 60
1 67
25 55 123
4 109
57 60 65 139
34 65 75
88 108
36 92 130 136
11 120 128
74 80 112
41 47 71
49 98 112
9 80
80 94 129
1 38 112
50 109 126
15 108 124
8 120
42 81 130
32 68
24 31 40 48 63 64 91 105 132 140
0 12 28
26 60 102
46 88
32 45 80
17 48 107
0 1 7 8 18 36 46 58 69 74 80 88 106 122 123
50 52 56 110
10 21
5 66 92
8 97
50 82 85
0 119 131
25 122
65 78
7 27 135
16 73
3 103
68 83
6 28
2 113 121
8 25 142
36 60 127
15 104 108
17 29 107
36 136
75 96 107
22 73 85
42 82 85
0 106
0 36 110
17 40 48 107
0 3 10 14 17 38 39 52 103 111 119 124
34 54 112
38 74
19 37 116
0 36 130 136
1 58 90 126
14 113 130 141
42 50 109
0 36 123
5 69 92
0 1 7 10 20 36 38 51 56 58 80 110 134
8 36 142
3 93
28 37
16 25 122
10 58 72
7 10 56 58 72 113 126 141
1 38 56
15 103
7 99
33 119 142
3 17 111
26 36 46 60
0 36 60 61 73 80 106
20 38
79 124
75 90
40 41 71 111
94 103
40 132
5 26 36 46 57 60 75 92 102 115 127 130 139
44 102
124 131
3 5 26 36 46 57 60 70 75 79 80 90 92 102 115 130 131 139
0 1 7 20 36 51 58 80 88 106 112 123 134
14 79
5 7 130
36 139
16 26 36
18 58 80
0 14 29 130
14 105 107
1 50 90 126
38 52 99 103
42 50 99
14 31 47 51 71 132
0 46 127
115 139
25 36 46 102
0 7 10 20 47 51 52 56 58 110 111 113 134
0 1 9 20 36 56 58 80 110 112 123
70 109
17 103
81 92 107
42 109 126
47 59 97
74 93 142
49 50 126
3 60
22 73
28 125 131
1 126 136
86 94
81 118 136
34 65 107
59 113
0 1 110
37 116 125
28 125
41 64
17 40 63 107
112 124
0 80 110
38 99 126
7 27 69
22 50
81 136
46 52 127
1 112
114 125 138
99 126
24 132
36 106
68 138
1 9 94
19 77 114
50 126
0 36 80
36 66 112
43 86
36 46 60 102
7 20
7 36 130
58 59 103
33 88 112
0 17
111 113
58 107
4 50 126
61 112
81 90
0 36 57
21 111 113
91 140
14 51 52
5 70 107
5 57 60 139
121 125 138
1 56 124
0 60 127
36 38 112
25 36 60 102
26 46
38 81 103
15 79 124
33 38 88
36 73 106
32 74 129
1 88 112
16 32 73
81 90 126
80 102
98 112 122
104 125 138
81 103
23 98
51 80
0 40 47 111
1 18 50 56 58 88 124 130 141 142
26 46 54
7 10
53 126
15 79 101
36 73
1 38 88
13 52 99 103
0 3 14 15 28 39 79 87 103 104 119 124 131
10 20
1 7 90 126
1 38 124
58 107 111
0 1 9 36 53 56 58 80 110 112 123
13 59 103
26 36 130
50 67 141
19 116 125 138
112 123 124
102 139
3 17
10 56 72
56 71 107
92 118 130
0 1 67
56 58 110
0 20 80
101 104 108
58 74
40 111 113
23 112 137
14 24 29
22 73 84
72 113 141
20 56 119
3 79 131
0 3 14 15 17 38 39 52 87 88 103 104 108 111 119 124 131 138
47 52 113
10 14 52
16 98 129
1 69
7 10 58
82 109 131
56 121
0 93 127
50 52 110
88 110
34 139
23 32 98 112
5 75
57 122
1 67 141
0 29 40 47
29 41 47 71
1 80 88 109 130 131
20 36 123
2 72 136
105 140
27 32 54
7 58 111
13 38 42 50 56 99 103 126
32 43 122
15 79 104
58 73 80
7 41 58
56 134
9 32 53 61 73 80 112
29 81 130 136
0 5 26 36 46 57 60 92 102 107 115 117 127
3 15 101 104 108 124 125 138
34 36 112
14 24 29 31 40 41 48 64 71 132
23 78
36 46 73
0 1 7 36 53 56 58 80 110 112 123 134
41 132
93 142
17 40
37 114 125
0 7 53 126
46 103
0 53 80
56 110 123
36 57 60
18 120
50 130 141
1 50 58 67 110 141
56 58 71 111
0 60 61
83 106
0 36 112
58 74 142
29 40 41
18 20 88
41 71 132
74 142
6 18 120
46 80
17 111 119
36 60 106
0 53 57
80 86 94
60 80 106
0 66 112
90 122
36 57 73
46 58 80
74 119
6 18 97
10 134
79 90
77 114 116
28 124
5 16 60
5 60 65 139
9 32 43 53 61 73 80
79 124 131
22 85
14 41 52
52 59 103
0 39
79 103
11 48
40 111
1 18 38 50 56 58 88 110 123 142
20 80 123
85 118
42 50 109 130
4 109 126
1 124
56 58 130 141
26 36 54
42 49
82 85
54 75 90
0 1 7 10 20 36 56 58 80 119 130 134 142
5 130
92 135
24 31 63
24 63 132
0 36 92
5 49 83
2 97
130 139
23 59 134
7 112 137
0 1 112
58 119
9 53 80
60 79
25 58
0 80 112
3 39
4 82 126
43 80 86
3 75
8 25 36 58 74 88 130 142
4 42 50 126
24 29 40 107
36 66 92 136
56 58 107 111
34 75 130
0 5 26 36 46 57 60 66 92 102 107 117 127
17 95
5 26 54
0 36 46
28 88 99 103 111 119
50 109 137
35 70 80
19 77 116
14 17 29 40
0 127
20 38 52 56 88 99 103 111 119 134
16 36 112 122
3 52
22 49 50
40 41 111
34 75 107
52 88 110
29 64 81
48 59
7 34 54 65 75 90 96 107
0 3 14 15 39 79 87 103 104 119 124 131 138
47 111 113
16 32 98
81 92
125 135
40 71 111
31 91
50 141
40 63 107
14 29 40 130
66 107 112
1 35 67
5 60 65
114 125
39 131
1 56 126
0 1 7 10 18 36 56 58 80 124 130 141 142
15 39
3 36 60
41 47 72
40 48 105
1 9 80 94
14 29 40 107
18 58 124
50 82 109
0 3 10 14 17 38 39 52 103 111 113 119
0 60 106
1 35 80
26 54 60
14 51
114 138
72 141
0 1 56
65 102
36 75
14 41 107
21 29 41 47 71 111 113
9 86 94
5 26 57
6 8 120
20 72
10 58
91 132
35 80 133
42 82 109
14 17 51
50 90 126
26 36 46 130
40 48 63 107
2 10 36 56 113 130 136 141
17 39
50 52 99
1 94
107 112
36 60 73 106
57 73 123
6 8 97
80 94
36 106 131
124 125 131
36 56 130
9 80 112
1 35 70
124 142
103 119
10 41 71
40 47 71
18 20 123
46 79
65 92
56 123
17 52
14 79 124
24 48 63
46 115
26 57 60
77 114 138
5 118 130
113 141
1 90 126
12 58
31 71
63 140
94 127
4 42 109
13 59
0 18 112
14 103
46 92
38 88
10 20 21 38 52 56 58 59 72 103 111 113 134
15 104
59 103 134
39 52
40 63 64
7 34 36 54 107 112
50 99 142
7 38 112
108 124
7 58 90
0 1 36
49 85 131
7 27 139
77 125 138
26 90
3 15 79
36 52 127
20 56 88
17 39 124
38 52 58 103
36 46 52
1 38
0 36 92 136
45 81
105 132
9 53 73 94
67 110 141
123 124 142
5 44
50 52
14 29 40 41
67 141
45 74 86
47 71 72
0 87
0 61 80 106
29 68 119
80 85 136
41 50 52
5 7 34 44 54 65 90 102 107 135
8 97 120
7 58 80
1 51
1 53 67
6 18 99
45 94
0 36 80 92 130 131 136
46 80 106
46 57 122
70 123
38 112 124
36 130
32 80 94
9 32 43 45 53 73 80 84 86 94 129
41 47 71 113
131 138
115 130
52 110
9 53 61 73
49 85 98
38 88 99 103
58 119 142
7 44
26 57
78 98 112
36 92 130
14 40 130 141
0 1 124
15 125 138
1 36 112
17 130
115 122 130
50 52 58 103
6 120
14 29 40 41 47 71 111 113
85 98 122 137
23 78 137
9 73 80 94
81 107 118
4 13 22 38 42 49 50 81 85 99 103 109 126
22 49 85
1 126
17 40 64
26 70
27 35
5 83 106
36 73 130
17 107
42 109 130
24 29 105
0 36 80 106
12 28
123 124
21 113
0 14 29 40 47 111 113
131 137 139
2 18 88 97
73 123
58 70 90
1 35 46 58 67 80 86 90 122 130
15 38
74 124
41 56 71
118 130
53 70 73
70 90
7 20 56
130 141
119 131
0 36 61 106
80 139
10 80
18 20
36 46 130
52 56 58 110
8 12
0 8
26 36 46
16 36 57
58 134
12 25 55 123
0 57 107
3 39 119
14 40 41 71
66 81 85
43 90
25 36 60 93
7 41 56 58
80 124 142
130 131
88 134
25 26 36 46 60 102 130
132 140
58 111
80 129
0 36 61
1 67 70 109
36 57 130
38 88 110
5 92 135
1 106
88 111
5 26 46
0 36 61 73
5 60 65 75
40 48 107
11 97 120 128
80 106
41 56 58 71
34 36 136
7 54 137
3 15 124
53 61 112
110 134
54 90
14 17
14 17 40
43 80
29 31 40
34 112 130
7 58 112
37 116 125 138
0 1 9 36 53 58 67 69 80 110 112 123
14 138
81 90 107
46 127
13 59 71
21 29 38
20 74
7 88 112
32 48
0 36 136
0 61 80
14 17 48 107
5 26 36 46 57 60 75 92 102 107 115 127
13 71
7 21 58
7 92 118
67 130 141
46 80 115
34 130
3 17 39
5 26 36
7 112
15 124 125
2 33
52 119
14 17 29 107
34 107
6 8
3 119
68 99
109 137
1 67 109
85 98 122
97 120 128
14 17 24 29 40 48 107
10 14
81 94 103
30 108
29 40 130 141
20 38 88
33 119
72 110
49 112 137
37 114 116
4 109 137
14 105
14 31 63
48 63 107
86 130
78 126
7 20 88
36 112 130
14 141
61 73
121 124
7 102
0 47 113
131 137
20 58 123
32 80 129
14 17 24 29 40 48 64 132
40 41 47
16 36 112
25 55 89 123
14 31 40
5 49 130
25 128
0 1 38
2 36 136
40 48 64
26 92
114 116 125
21 41 47 113
36 53 57
82 109
31 63
63 132
14 119 130
41 113
57 90 122
0 14 29 40 113 130 141
32 43 80
7 21 38
21 41 113
27 34
59 103
56 72 141
70 112
42 50
0 53
92 136
0 1 136
31 40
82 85 131
5 65 92
9 80 94
0 80 136
50 52 58
41 71 113
18 33 124
61 80 112
7 69
14 29 105
17 119
42 50 56
47 72 132
38 50 99 103
17 29 40 107
0 36 106
0 110 141
88 112 124
81 103 109
0 1 126
9 53 94
69 142
0 36 60 73
42 109 126 130
39 119
49 103 131
36 130 136
25 58 74
26 36
96 137
14 31 105
20 58 80
69 119
0 36 60
39 111 124
92 139
5 54 65 75
6 99
41 47 132
115 122
14 39
14 17 24 40 48 63 64 132
0 1 7 36 53 58 69 70 80 106 112 123
79 124 125
26 46 80
58 80 142
126 136
32 129
0 1 80
0 1 7 18 20 33 36 38 58 69 74 80 88 112 119 123 124 142
85 126 136
0 53 126
10 46
1 7 126
81 106
0 36 73
27 135
16 36 73 122
52 58 110
14 52
15 17
4 42 50 81 82 85 109 126
7 13
58 80 119
5 7 27 92 118 135
14 29 40 41 71 107 111
4 42 50 130
49 131
65 75 90
41 47
25 93 142
10 59
5 66 130
46 115 130
14 29
114 116
34 44
32 83
28 124 131
7 41 71
14 113 141
46 139
111 119
80 106 131
14 17 29
16 36 73 112
25 74 142
7 52 58
1 106 131
38 88 112
75 90 107
1 56 130
37 114 138
14 29 41 71
38 112
58 90
4 50 109
0 5 53
9 43 53 80
45 86 94
68 82 109 126
20 99
1 2 136
6 25 55 123
57 102
3 131
80 85
18 110
58 103
50 99
7 137
81 83 106
13 38 52 103
0 1 7 20 33 36 38 51 56 58 80 88 112 119 123 124
56 123 124
29 130 141
36 57 122
50 82 126
3 124 131
50 52 103
40 48 63
58 80
13 22 38 50 68 81 85 99 103 109 126
0 46 80
21 134
0 36 115
47 71 132
1 2 126
5 16 57 60 65 75 139
1 67 90 141
58 90 126
0 60 80 106
0 17 20 33 36 38 51 52 56 58 88 103 111 119 123 124
37 114
57 92
4 42 49 50 81 109 126 130
14 52 111
14 130
25 58 142
27 69
98 129
13 52 58 110
0 46 57
94 95
60 102
39 79
16 32 54 73 74 80 112
10 41 52
5 54 60 65
52 134
24 64 132
20 112 124
0 60 61 106
73 80 129
24 29 31
14 107
6 11 97
53 70 107
15 108
112 124 142
42 49 126
60 115
52 111
44 107
35 58
19 37 77 101 114 116 125 138
7 90 126
14 17 107
34 54 107
38 69
3 111
22 49 109
25 26 46 60
9 43 80
25 26 36 46
12 25 55
119 142
17 131
60 92
18 20 58
5 34 130
14 130 141
38 46
7 58
67 109
2 18 97
7 20 80
90 92
26 36 57
36 112 122
40 91
39 46
1 80 86 94
81 106 131
56 71
7 88 99 135
21 29 41 71
0 1 53 126
29 41 71 113
8 36
3 119 131
27 49
0 103 126
0 12 28 88
0 106 131
3 17 119
104 108 124
19 37 101 108 116 125 138
9 80 86 94
32 45 81 94
0 5 26 36 46 57 60 70 80 92 102 107 115
14 130 131
107 135
50 82 85 109
9 94
1 38 50 58 109 126
2 36 141
32 98 129
1 38 126
50 99 126
24 29 132
14 29 71 107
54 137
59 72
35 75 90
13 56 71
88 135
14 31 107
38 134
17 111
9 53 73
0 17 20 33 36 38 51 52 56 58 88 103 111 119 123
26 36 60
60 61 65
0 1 56 126
21 29 47 113
125 138
18 20 38
65 98 122
10 71
14 41
7 36 112
24 91
0 1 7 126
1 107
88 112
0 52 127
40 71
80 107
29 41 113
92 118
3 15 125
77 138
20 88 123
20 80 119
1 50 126
39 111
1 9 73 94
108 124 125
20 134
4 126
1 70 80 109
64 140
40 48
5 90
6 55
5 26 60
52 58
44 54
42 130
103 109
41 71 72
14 31
1 8 35 46 58 67 73 74 80 86 122 130
20 111
39 124
32 45 73 74 80 86 94 129
43 94
35 90
4 42 50 109
7 58 126
99 111
42 49 50
69 88
4 50 109 126
43 86 90
0 110
17 24 29 40
20 88
2 126 136
112 123 142
1 74
26 36 60 130
14 29 41
72 134
19 114 138
52 111 113
14 17 24 29
1 53 126
12 55 123
65 92 135
15 104 125
7 126
26 139
36 107 112
21 38 113
0 5 26 36 46 57 60 66 92 102 127 130
40 41 71
0 36 127
11 132
70 73 123
24 71
35 80
71 72 132
21 38
42 99 126
14 41 113
15 104 138
7 139
36 56 123
73 84
4 42 109 126
34 118 130 136
12 74
119 124 142
18 20 80
42 50 126
75 130
87 104
14 17 40 107
29 81 107
5 34
82 109 126
19 116 138
15 101 104
4 42 50 58 109 126 130
5 70
22 50 109
34 36 130
31 64
75 107
60 127
14 48 107
35 70
0 5 26 36 46 57 60 66 92 102 130 131
25 142
29 41 47
8 58 74
72 132 140
49 78 112 130
31 41
121 124 125
124 125
32 41 48
0 36 130
32 43 94
65 75
56 58 72
1 67 90
7 70
7 106
24 40 63 107
91 105
7 34 112
29 130
18 50 99 142
34 65
52 113
37 101 116 138
113 130 141
26 60
19 37 77
15 87
34 118 130
55 123
115 131 133
0 1 9 36 53 56 58 70 80 112 123
3 60 93
0 80
31 40 105
20 58
4 50
40 63 132
73 80 85
6 55 123
40 41 113
46 52
45 80 94
0 5 26 36 46 57 60 92 102 115 127 130
49 57
36 115 130
51 59 97
20 33 88
38 52 103
57 60 139
36 123
36 112 124
0 57
4 42 82
0 36 73 106
5 26 36 46 54 60 75 80 90 92 102 115 139
18 46
14 41 47
58 103 126
51 80 133
111 130
49 78 126 130
41 71
81 107
81 90 92 107
52 80
54 74 112
61 73 112
34 36 54 136
1 67 70
116 125 138
50 103 126
36 73 123
36 92 136
80 119
0 47
33 58 119
65 78 98 137
43 129
50 110
20 56 123
4 42 49
4 82 85
16 36 73
20 88 112
0 80 107
63 64 132
3 125 138
20 123
31 132
36 46 123
1 109
0 1
34 36 54
36 103
9 32 43 80
30 125 138
17 40 132
35 67 70
85 118 136
41 47 113
27 139
5 27 49
103 134
6 28 99
7 112 122
1 122
8 18
5 92
57 139
3 15 104
3 79 125
36 57 123
38 49 112
7 13 58 110
32 68 83
49 112
50 56 110
56 130 141
18 58 119
42 109
65 75 107
0 112
0 36 60 106
39 103
4 82
9 53
29 31
7 20 38 52 56 88 99 111 119 134
0 1 7 8 12 18 36 46 58 69 74 80 88 106 122 123
114 116 138
90 126
20 80 88
38 99 103
9 53 80 112
119 124 131
32 41
20 103
0 61 73
42 85 109
2 134
5 92 118
104 124 125
3 17 39 111 119 121 124 138
29 40 41 71
32 43 129
28 124 125
56 58 107
0 1 36 46 70 80 106 131
69 80
20 56 80
66 85 136
14 29 141
42 99
0 102
20 80
26 36 46 102
12 33 55
1 124 142
5 16 54 60 65 75 139
14 79 119
1 9 35 58 67 70 73 80
7 118
30 101
36 46 57
52 56 110
36 61 73
45 86
24 63
40 64 132
0 92 136
57 60
20 123 124
7 13 21 52 56 58 59 71
8 18 120
3 125
7 58 90 126
36 112 123
90 92 107
42 50 82
29 119
53 67
39 121 124
56 72
65 78 98
1 56
3 124 125
5 26
3 102
7 20 58
2 121 124
10 14 41 47 52 71 111 113
12 28 88
0 69
40 105
17 39 119
18 124 142
14 88
46 80 88
9 35 80
20 47 97
70 141
53 57
26 36 60 102
34 35 75
0 3 36 39 46 79 103 119 124 131
0 1 106
34 65 139
20 58 119
0 80 106
43 98 129
99 103 126
56 121 124
74 93
34 54 65
80 119 142
1 58 90
14 24 29 107
36 73 112
66 81 136
36 102
0 36
14 29 41 107
11 48 64 132
5 65 75
24 40 132
3 39 111
0 80 119
5 7 70
19 37 116 138
2 7 10 51 56 72 110 113 134 141
24 105
36 79
37 108 124 125 131 138
36 115
77 116
69 112
41 50
0 36 53
52 59
10 42 58
1 50 126 141
3 39 124
10 38 58 103
7 10 20 47 51 52 56 58 72 110 111 113 134
36 92
38 138
14 24 29 31 40 48 105 107
52 58 103
0 38 112
3 36
22 49
58 80 112
12 33 100
38 50 88 99 103 109
24 40 48 63
7 10 20 21 38 52 56 58 59 72 111 113 134
4 22 50
50 56 126 141
37 77 114
29 41 47 113
1 9 53 73 80 86 94
19 114 116
106 141
67 70
0 1 9 20 36 58 69 80 106 112 123
70 75
7 112 124
1 80 94
34 36 130 136
35 58 80
9 53 67
49 137
2 51 97
65 75 96
39 119 124
19 114
3 26
0 58 80
23 78 112
7 18 58
4 42 126
36 88 112
53 112
1 56 123
36 46 115
3 14 119
107 119
29 41 71
65 122
14 29 130 141
10 42
124 125 138
50 82 109 126
12 88
67 70 109
7 58 107
34 112
46 86
56 130
79 104 125
35 58 70
14 29 130
65 92 139
7 118 130
32 43
14 24 31 40 48 63 105 107
95 99
1 2 10 56 126 130 136 141
1 124 131
56 107
2 136
120 128
0 52 111
15 111
7 53 126
1 7 112
4 42 109 130
42 50 130
10 14 51
0 3 10 17 20 36 56 58 111 113 119 130 134
36 60 102
80 112 142
81 90 92
19 37 114
1 70 109
98 122
50 82
12 55
38 52 58 110
24 29
52 127
18 20 97
36 39
36 70 123
86 90 122
1 2 10 18 36 56 80 124 130 136 141 142
1 86 94
49 78 112
14 41 71
0 126 136
14 17 24 40 48 63 107
4 50 82
21 47 111 113
101 104
7 27 34 44 54 65 96 135 137 139
23 32 43 94
53 61 73 112
2 18
1 58 67 90
1 112 124
7 34 139
116 125
10 14 41
9 58 80
0 14 52
0 5 26 36 46 57 60 70 73 80 130
1 50 56 126
98 112
1 36 106
26 36 73
63 91
14 24 31 40 41 48 63 64 71 132
9 53 80 94
1 35
66 81 92 118 130 136
64 91
42 50 109 126
8 36 130
49 81 85 131
56 72 136
24 140
71 72
59 134
16 36 61 73 80 112
0 1 131
1 123 124
42 49 109
0 107 112
0 36 80 136
50 52 58 110
4 82 109
92 135 139
44 90
36 130 141
46 56
34 54 90
89 97
88 138
23 59 103 134
0 36 46 57 73 80 122 123
81 92 118
24 63 105
1 9 35 58 67 73 80 86
134 141
0 61
3 111 119
4 42 50
17 39 111
0 88 112
9 53 112
4 22 49 50 81 85 109 137
3 14 79
26 54
47 113
31 40 63
32 98 122
3 15 79 101 104 124 125 138
50 88 110
21 47 113
50 124
1 2
34 36
11 64 132
0 1 7 36 53 56 58 70 80 107 112
49 57 131
7 41 56 58 71 107 111
16 32 43 73 80 129
48 91
39 111 119
133 135
104 108
66 81
14 29 31
1 80 106
33 80 119
40 64
41 47 111 113
20 58 88
20 80 112
19 77 138
3 70 90
3 38
