50 110 123
36 46 127
36 38 123
72 103 113
79 104 124
0 5
57 130
49 126
0 36 61 80
33 38
17 24 48
1 2 56
110 141
3 15
0 126
50 58 90
12 100
37 77 116
2 56 136
0 3 17 20 36 56 58 88 111 119 130 134
18 20 142
57 107
9 67
49 103
72 103 126
38 42 99
3 15 108
41 48 59
0 103
30 125
18 50 142
4 109
0 40 113
17 48
109 131
57 60 65 139
11 120 128
74 80 112
5 73
49 98 112
80 94 129
50 109 126
8 120
32 68
24 64
24 31 40 48 63 64 91 105 132 140
36 38
2 56 126
58 72 113
27 92 139
17 48 107
61 73 80 112
2 7 126
5 66 92
0 7 70
24 41
5 27
65 78
10 142
17 38
3 103
36 51
5 60 139
68 83
0 70 131
6 28
2 113 121
8 25 142
36 60 127
0 52 113
3 139
15 104 108
75 96 107
0 70
22 73 85
4 42 58 130
0 106
0 36 110
17 40 48 107
1 70
66 136
0 3 10 14 17 38 39 52 103 111 119 124
34 54 112
38 74
33 38 56
14 40 132
49 83
26 46 130
0 46 52
24 40 48 107
14 40 113 130
42 50 109
37 101 138
24 31
10 41 47
88 109 131
53 94
8 18 88
5 69 92
17 24 40 107
81 85 136
51 133
20 112 119
3 93
28 37
16 25 122
10 58 72
1 88 142
7 99
3 17 111
26 36 46 60
0 36 60 61 73 80 106
79 124
75 90
40 41 71 111
94 103
40 132
4 42 85
5 26 36 46 57 60 75 92 102 115 127 130 139
25 89
44 102
124 131
3 5 26 36 46 57 60 70 75 79 80 90 92 102 115 130 131 139
0 1 7 20 36 51 58 80 88 106 112 123 134
24 31 48
36 139
16 26 36
1 50 90 126
3 17 124
38 52 99 103
42 50 99
7 34 118
14 31 47 51 71 132
0 46 127
115 139
25 36 46 102
5 7
1 2 7 10 36 56 80 130 134 141 142
0 7 10 20 47 51 52 56 58 110 111 113 134
1 46 130
17 48 64
7 53
101 104 138
17 103
42 109 126
47 59 97
72 126 141
16 32 129
74 93 142
1 50 141
49 50 126
0 1 36 58 67 69 73 74 80 106 112 122 123
22 73
28 125 131
1 38 80 88 109 131
13 110
17 29 64
66 92 136
59 113
7 41 111
21 56 71
24 63 107
50 90 126 141
28 125
0 5 80
41 64
38 99 126
16 65 139
22 50
81 136
46 52 127
37 77 138
7 71 111
1 112
114 125 138
99 126
24 132
23 94 103
68 138
19 77 114
101 116 138
0 46 130
0 38 126
36 46 60 102
7 20
112 119 123
29 40 41 107
0 17
58 107
4 58 130
4 50 126
0 5 70
61 112
81 90
0 36 57
36 74 93
5 70 107
5 57 60 139
17 64 132
29 40 71 107
80 88 112
9 43 61 73
7 33
25 36 60 102
26 46
51 88 97
15 79 124
33 38 88
25 60 93
38 50 52 99
1 88 112
81 90 126
16 36 80 122
104 125 138
88 110 123
0 115
2 126 141
36 73
0 3 14 15 28 39 79 87 103 104 119 124 131
10 20
0 57 70
1 7 90 126
58 107 111
0 1 9 36 53 56 58 80 110 112 123
26 36 130
50 67 141
19 116 125 138
3 17
90 126 141
25 130 142
47 59
36 73 74 112
88 97
37 131
101 104 108
41 107 111
29 47
23 112 137
80 92
19 37 138
22 73 84
58 110
21 29 47
20 56 119
57 65 90 122
0 3 14 15 17 38 39 52 87 88 103 104 108 111 119 124 131 138
16 98 129
1 69
58 88 110
4 42 130
82 109 131
5 7 139
56 121
47 72
88 110
33 80 88
23 32 98 112
15 125
1 7 90
0 29 40 47
5 16 80
51 71 132
29 41 47 71
1 80 88 109 130 131
0 36 122
4 42 50 58
27 32 54
13 38 42 50 56 99 103 126
32 43 122
15 79 104
7 41 58
56 134
9 32 53 61 73 80 112
0 5 26 36 46 57 60 92 102 107 115 117 127
3 15 101 104 108 124 125 138
34 36 112
45 73 129
14 24 29 31 40 41 48 64 71 132
50 68 109 126
23 78
36 46 73
41 132
0 112 130
37 114 125
38 110 123
38 123 142
15 79
46 57 130
49 78 126
70 131
36 57 60
50 130 141
12 46
71 132
1 50 58 67 110 141
4 42
20 59 97
83 106
0 36 112
2 72 126
7 38 123
41 71 132
6 18 120
17 111 119
49 85
0 66 112
23 32
7 13 71
36 57 73
74 119
2 10 56 72 113 126 136 141
6 18 97
64 105
2 130
0 70 123
35 75 130
77 114 116
28 124
5 16 60
12 36
0 115 130
17 29 48 107
2 56 72
5 60 65 139
4 49 126
9 32 43 53 61 73 80
79 124 131
22 85
50 67 90 141
2 7 72
3 108
0 39
36 141
1 18 38 50 56 58 88 110 123 142
0 80 122
42 50 109 130
36 60 73
4 109 126
68 109 126
56 58 130 141
42 49
3 46 130
0 1 7 10 20 36 56 58 80 119 130 134 142
92 135
24 31 63
24 63 132
99 103 119
0 57 115
0 36 92
0 28 88
74 86
108 116 138
25 26 130
130 139
35 130
0 3 36
0 29
16 32 61 73 80 112
37 124 131
0 1 112
33 38 123
24 31 40
0 66 92
7 41 58 111
25 58
0 80 112
3 39
4 82 126
43 61 73
1 2 7 10 56 126 130 141
4 42 50 126
24 29 40 107
36 66 92 136
0 5 26 36 46 57 60 66 92 102 107 117 127
36 92 131
17 95
57 65 139
0 36 46
28 88 99 103 111 119
0 127
14 17 48
20 38 52 56 88 99 103 111 119 134
22 49 50
67 73
34 75 107
29 64 81
48 59
0 103 113
7 34 54 65 75 90 96 107
29 40 132
0 3 14 15 39 79 87 103 104 119 124 131 138
10 130 141
81 92
28 37 131
0 88 106
125 135
40 71 111
31 91
50 141
5 7 53
14 29 40 130
40 63 107
1 35 67
2 126 130
12 33 55 123
114 125
57 70 123
66 85
85 98
0 1 7 10 18 36 56 58 80 124 130 141 142
2 130 136
15 39
88 109
0 29 141
57 115 130
58 86
41 47 72
15 124
92 115
14 29 40 107
50 67 130
50 82 109
0 3 10 14 17 38 39 52 103 111 113 119
58 110 141
0 40 47 113
0 60 106
14 51
114 138
36 46 131
88 122
21 29 41 47 71 111 113
18 142
20 88 97
32 43 53 61
20 72
0 80 92
24 31 105
10 58
91 132
35 80 133
42 82 109
14 17 51
50 90 126
26 36 46 130
40 48 63 107
8 25 58
17 39
50 52 99
33 38 80
30 101 138
57 73 123
6 8 97
80 94
36 106 131
1 35 70
103 119
0 1 46
65 92
17 52
0 36 46 57 80 115 122 130
24 48 63
26 57 60
77 114 138
8 88
7 36 53
12 58
1 90 126
9 67 70
31 71
63 140
94 127
4 42 109
13 59
5 7 118
2 56 130
0 112 119
80 112 122
34 118
46 92
7 33 56
3 130
10 20 21 38 52 56 58 59 72 103 111 113 134
36 54 73 74
15 104
59 103 134
39 52
1 50 67
51 71 111
40 63 64
50 99 142
5 36 73
10 110
16 57 65 122
49 85 131
1 50 58 90
52 71 113
26 90
7 54 92
3 15 79
36 52 127
42 56 58 126
17 39 124
38 52 58 103
36 46 52
41 111
0 36 92 136
45 81
105 132
9 53 73 94
67 110 141
0 29 111
123 124 142
5 44
25 46 130
50 52
14 29 40 41
33 80 142
67 141
71 111
63 107
47 71 72
0 87
80 85 136
29 68 119
21 71 111
41 50 52
5 7 34 44 54 65 90 102 107 135
64 71
2 10 130
1 51
41 71 111
1 53 67
56 103
14 40 113
46 57 122
70 123
27 65 92
32 80 94
9 32 43 45 53 73 80 84 86 94 129
131 138
115 130
38 88 99 103
41 52 111
26 57
78 98 112
24 48 105
14 40 130 141
17 130
119 123 124
40 113
16 43 129
40 113 130
14 17 40 48
0 1 7 10 20 36 38 56 58 80 110 134 142
14 29 40 41 47 71 111 113
85 98 122 137
14 119 131
23 78 137
9 73 80 94
41 56 58
56 58 59
4 13 22 38 42 49 50 81 85 99 103 109 126
3 87
22 49 85
38 123 124
17 40 64
88 131
26 70
27 35
5 83 106
20 51 88 97
17 107
42 109 130
24 29 105
29 81
6 97
0 115 122
12 28
123 124
131 137 139
2 18 88 97
73 123
58 70 90
15 38
9 61 73 112
74 124
53 70 73
15 79 125
50 68 82 109
70 90
130 141
119 131
80 139
16 36 80
5 7 65
36 70 73
0 57 130
16 57 139
42 56 103 126
18 20
72 140
16 80 122
36 46 130
7 20 33
36 74
0 1 7 36 53 58 69 80 110 112 123
0 8
20 47 59
26 36 46
88 106 131
36 110
5 53 73
66 81 92 130 131 136
16 36 57
58 134
12 25 55 123
21 47 71 111
7 38 59
0 57 107
38 50 52 56 88 99 103
3 39 119
66 81 85
43 90
25 36 60 93
107 111
68 119
41 58 107
2 51 88 97
25 26 36 46 60 102 130
132 140
4 50 130
80 129
81 94
0 36 61
41 58
1 67 70 109
51 71
43 86 122
36 57 130
14 40
32 94
43 53 61
36 73 74
1 106
56 58 124
57 123
58 88
7 53 56
0 36 61 73
11 97 120 128
0 36 38
7 54 137
3 15 124
110 134
36 57 107
78 112 130
29 31 40
34 112 130
7 10 72
37 116 125 138
5 53
17 64
0 1 9 36 53 58 67 69 80 110 112 123
68 109
29 38
14 138
81 90 107
46 127
36 54 73
38 123
13 59 71
102 107
20 74
32 48
2 56
52 58 88
41 52 58
0 36 136
5 26 36 46 57 60 75 92 102 107 115 127
13 71
67 130 141
3 17 39
5 66
2 56 113 121
113 130
0 66 136
2 33
0 36 113
52 119
16 32 43 61 73 80
17 119 124
7 21 71
85 98 122
14 17 24 29 40 48 107
15 104 124
10 14
13 21 38 52 56 58 59 103
81 94 103
5 16 65 139
30 108
94 129
1 50
72 110
49 112 137
37 114 116
86 130
78 126
26 46 60 130
14 141
61 73
7 102
131 137
32 80 129
14 17 24 29 40 48 64 132
7 18 20
25 55 89 123
16 43
14 31 40
25 128
1 50 67 141
25 58 130
2 36 136
40 48 64
26 92
67 130
79 104
36 53 57
82 109
8 80
0 40 113 130
18 20 56
63 132
36 46 54
41 113
0 14 29 40 113 130 141
2 121
27 34
56 72 141
70 112
22 50 85
42 50
68 82 109
92 136
0 1 136
82 85 131
5 65 92
3 104 108
9 80 94
5 27 65
50 52 58
27 69 92
49 85 98 137
1 7 38
29 41 71 111
14 41 71 111
17 119
60 61 73
0 36 70
5 34 118
17 29 40 107
75 96
0 36 106
0 110 141
41 52 113
7 46
70 102
20 21
69 142
1 7
0 36 60 73
73 112
39 119
32 94 129
2 88
0 111 113
49 103 131
26 36
16 32 80 122
96 137
7 59
36 122
0 5 73
69 119
0 36 60
60 70
6 99
41 47 132
36 66 92
50 142
14 39
34 54
5 16 139
14 17 24 40 48 63 64 132
0 1 7 36 53 58 69 70 80 106 112 123
0 113 136
88 103 109
32 129
0 1 7 18 20 33 36 38 58 69 74 80 88 112 119 123 124 142
58 67 70 109
29 41 111
18 88 99 142
10 46
1 7 126
0 36 73
4 42 58
52 58 110
4 42 50 81 82 85 109 126
5 7 27 92 118 135
14 29 40 41 71 107 111
50 52 123
4 42 50 130
0 29 113 130 136 141
65 139
49 131
46 115 130
10 59
114 116
0 29 47
34 44
32 83
36 53
5 65
28 124 131
7 41 71
2 56 121 124
46 139
111 119
50 109
5 66 107
110 123
33 56
25 74 142
19 37 116 125
1 106 131
18 20 124
56 124
37 114 138
67 109 130
24 48 64
71 107 111
7 33 80
58 90
4 50 109
0 5 53
49 109 126
10 20 38 51 52 56 58 59 72 103 111 113 134
5 7 34
65 96 139
20 99
0 56 103
36 80 92
1 2 136
7 52 71
6 25 55 123
57 102
3 131
50 99
7 126 141
110 113
82 131
81 83 106
56 123 124
29 130 141
1 46 70
50 82 126
3 124 131
80 109 131
109 126
0 5 7
88 103
13 22 38 50 68 81 85 99 103 109 126
27 92
0 1 9 20 36 58 69 80 110 112 123
5 16 73
79 139
21 134
41 58 71 111
0 111
0 36 115
47 71 132
1 2 126
5 16 57 60 65 75 139
2 56 121
7 38 126
108 138
38 50 52
0 17 20 33 36 38 51 52 56 58 88 103 111 119 123 124
81 130 136
58 90 126
37 114
57 92
4 42 49 50 81 109 126 130
25 58 142
9 35 86
27 69
98 129
5 7 27 54 65 92 135 139
0 46 57
42 85
94 95
60 73 106
1 50 90 141
16 32 54 73 74 80 112
4 58
13 50 99
5 54 60 65
24 64 132
73 80 129
0 60 61 106
0 112 123
24 29 31
6 11 97
58 70
90 102
36 131
0 1 7 20 36 38 51 56 58 80 88 112 119 123 124
42 49 126
131 139
56 103 113
52 111
44 107
19 37 77 101 114 116 125 138
7 90 126
25 130
43 80 122
3 111
5 73 80
25 26 46 60
12 25 55
1 70 106
3 79 104
60 92
18 20 58
67 70 73
29 141
74 112
35 90 130
3 88
22 109 137
88 103 131
67 109
86 122
26 36 57
40 91
39 46
81 106 131
7 88 99 135
0 29 40 141
21 29 41 71
51 141
35 133
10 47 71
7 71
3 119 131
0 103 126
0 12 28 88
3 17 119
104 108 124
19 37 101 108 116 125 138
0 46 122
0 5 26 36 46 57 60 70 80 92 102 107 115
14 87
15 52
0 70 106
1 70 73
41 58 107 111
1 7 53
2 36 141
24 40 105
32 98 129
72 126 136
50 99 126
52 88 99 103
14 29 71 107
53 56
14 40 71
17 48 63 107
16 65 98 122
35 75 90
96 139
38 134
17 111
26 36 60
0 17 20 33 36 38 51 52 56 58 88 103 111 119 123
13 38 59
50 56 141
112 119
10 71
50 81 90
24 91
0 52 127
40 130 141
81 90 131
21 58
40 71
1 50 90
3 15 125
2 80
87 124
0 70 73
20 134
36 88 131
64 140
38 52 58
0 12
99 134
5 90
7 53 70
21 71
0 36 52
28 37 124
52 58
42 130
21 52 58
41 71 72
1 8 35 46 58 67 73 74 80 86 122 130
75 90 96
32 45 73 74 80 86 94 129
43 94
35 90
19 114 125
4 42 50 109
42 49 50
69 88
4 50 109 126
0 110
17 24 29 40
50 67 130 141
20 88
7 99 135
4 109 126 130
72 134
19 114 138
5 80
15 104 125
7 126
26 139
32 68 81 83
3 58 90
9 67 73
73 74 112
0 5 26 36 46 57 60 66 92 102 127 130
0 36 127
40 41 71
13 21 71
70 73 123
71 72 132
42 99 126
113 121
56 58 141
4 42 109 126
42 50 126
24 48
43 61
10 14 47
5 65 139
87 104
14 17 40 107
82 109 126
16 80
15 101 104
14 119
4 42 50 58 109 126 130
38 52 123
1 2 7
22 50 109
50 67 90
80 86 122
5 36 53
31 64
75 107
0 3 5 26 36 46 57 60 70 79 80 92 102 115 130
21 38 103
0 113
35 70
0 5 26 36 46 57 60 66 92 102 130 131
8 88 97
40 113 130 141
25 142
17 111 124
72 132 140
58 59
49 78 112 130
72 113 126
31 41
10 18
49 109 131
126 130 141
36 124 131
5 16 57 139
0 66 92 136
7 41 71 111
32 43 94
56 58 72
1 67 90
7 70
78 130
58 72
50 68
24 40 63 107
91 105
18 50 99 142
33 100
34 65
52 113
37 101 116 138
19 37 77
32 74 94
15 87
20 56 58
115 131 133
101 108 138
40 63 132
6 55 123
40 41 113
93 127
46 52
14 40 41 107
0 5 26 36 46 57 60 92 102 115 127 130
49 57
5 16 60 139
8 25
36 115 130
20 33 88
7 54 75
38 52 103
14 29 40 47
57 60 139
32 45 129
0 57
40 71 113
7 38 72
4 42 82
1 112 123
41 50 58
5 27 69
66 92 107
18 46
2 36 130
29 64 132
81 90 92 107
61 73 112
34 36 54 136
17 29 48
36 73 123
36 92 136
77 114
65 78 98 137
50 126 130 141
80 88 106
48 64
0 36 66 92
4 42 49
20 88 112
63 64 132
0 57 123
56 113 121
50 90 141
31 132
32 54 73
2 130 141
52 56 58 103
34 36 54
9 32 43 80
35 67 70
80 109
50 123
7 38 52
27 139
0 122
58 70 73
5 27 49
103 134
6 28 99
45 129
70 73
8 88 142
1 122
46 130
10 130 136
57 139
49 57 130
3 15 104
9 61 80 112
80 122
58 110 123
36 57 123
54 60 65 139
0 113 130
57 60 73
5 69
32 68 83
25 26 46 130
56 130 141
2 36
42 109
0 112
0 36 60 106
39 103
4 82
5 60 73
27 92 135
29 31
24 40 64
7 20 38 52 56 88 99 111 119 134
0 1 7 8 12 18 36 46 58 69 74 80 88 106 122 123
114 116 138
50 90
90 126
0 5 57
38 72 113
0 36 80 92
35 67 73
38 99 103
119 124 131
32 41
33 56 88
35 46
0 61 73
42 85 109
72 113
2 134
104 124 125
3 17 39 111 119 121 124 138
29 40 41 71
99 103
32 43 129
50 67
69 80
66 85 136
14 29 141
38 72 126
42 99
0 102
26 36 46 102
29 40 71
72 126
5 16 54 60 65 75 139
7 33 38
66 112 130
2 113 130
1 9 35 58 67 70 73 80
50 126 141
7 118
27 96
13 99 126
52 58 71
36 46 57
36 61 73
24 63
1 2 130
40 64 132
0 92 136
57 60
7 13 21 52 56 58 59 71
45 80 129
14 40 141
36 53 73
42 50 82
101 138
29 119
53 67
24 40
43 53
4 58 109 126
7 20 58
8 18 88 97
10 14 41 47 52 71 111 113
0 69
40 105
7 36 38
17 39 119
112 130
0 36 92 131
18 124 142
14 88
0 46
20 47 97
70 141
53 57
36 46 60
5 7 80
0 58 110
1 46
26 36 60 102
5 16
46 54
0 3 36 39 46 79 103 119 124 131
3 130 131
5 57 65 139
34 65 139
4 50 58 109
60 73
43 98 129
99 103 126
56 121 124
34 54 65
1 58 90
112 119 142
36 73 112
66 81 136
36 102
52 71 111
0 36
11 48 64 132
24 40 132
3 39 111
36 74 112
5 7 70
14 51 71
19 37 116 138
26 46 60
43 61 80
24 105
38 52 59
7 20 38
80 88 131
36 79
99 135
36 115
69 112
41 50
0 36 53
28 37 125
10 42 58
4 42 58 109
1 50 126 141
1 7 142
32 43 53
1 46 106
24 48 63 107
96 107
7 10 20 47 51 52 56 58 72 110 111 113 134
36 92
27 65 139
14 24 29 31 40 48 105 107
4 126 130
3 36
36 110 141
22 49
66 92
24 40 48 63
15 131
7 10 20 21 38 52 56 58 59 72 111 113 134
4 22 50
1 18 142
50 56 126 141
102 135
1 9 53 73 80 86 94
19 114 116
106 141
67 70
4 130
0 1 9 20 36 58 69 80 106 112 123
8 25 88
70 75
80 88
21 29 47 71
9 53 67
0 46 70
2 51 97
73 85
19 114
50 68 109
5 16 26 36 54 60 73 80
32 53
75 131
23 78 112
0 36 141
4 42 126
36 46 115
88 106
34 135
107 119
0 80 92 136
69 92
26 130
14 29 130 141
4 50 109 130
5 7 27
10 42
50 82 109 126
10 56 58
67 70 109
2 56 124
34 112
79 104 125
35 58 70
14 24 31 40 48 63 105 107
95 99
2 136
38 58 72
5 27 139
0 52 111
0 5 36
42 81 82
7 53 126
3 79 130
5 70 73
4 42 109 130
42 50 130
0 60 93
10 14 51
2 36 56
5 57 139
34 102
0 3 10 17 20 36 56 58 111 113 119 130 134
38 72
14 40 130
15 88
38 108
53 70 123
50 82
20 59
12 55
33 56 80
52 127
10 130
2 126
36 39
86 90 122
1 2 10 18 36 56 80 124 130 136 141 142
8 25 130
0 126 136
14 17 24 40 48 63 107
4 50 82
7 27 34 44 54 65 96 135 137 139
23 32 43 94
40 130
38 49 81 85 103 109 131
1 50 58 67 90 130 141
10 14 41
32 43 98
0 5 26 36 46 57 60 70 73 80 130
3 104
98 112
17 124
63 91
54 60 65 75
41 72
14 24 31 40 41 48 63 64 71 132
51 52 71
1 35
66 81 92 118 130 136
36 60 61 73
64 91
42 50 109 126
116 138
5 54 73
24 140
71 72
66 85 118
80 92 136
59 134
16 36 61 73 80 112
42 49 109
4 82 109
44 90
1 50 67 90
36 130 141
46 56
89 97
1 7 33
23 59 103 134
0 36 46 57 73 80 122 123
24 63 105
134 141
0 61
4 42 50
17 39 111
5 57 60
5 139
16 36 74
0 46 115
10 113 130
32 98
4 22 49 50 81 85 109 137
79 124 130
7 41
34 35 90
38 50 123
31 40 63
5 16 36
3 15 79 101 104 124 125 138
50 124
1 2
41 56 58 111
34 36
79 101 124
1 7 53 126
11 64 132
0 1 7 36 53 56 58 70 80 107 112
54 60 73
16 139
53 57 123
49 57 131
4 42 126 130
7 41 56 58 71 107 111
16 32 43 73 80 129
5 53 80
18 123 124
39 111 119
133 135
13 52 71
107 118
29 40 105
1 136
40 64
32 98 112
20 58 88
32 43 53 80
19 77 138
