50 110 123
0 7 126
36 46 127
79 104 124
40 41
49 126
1 2 56
0 18 33
50 58 90
12 100
37 77 116
1 2 7 36 56 80 88 110 134 141 142
0 3 17 20 36 56 58 88 111 119 130 134
1 90
112 119 124
118 130 136
57 107
72 103 126
3 58 70
41 48 59
3 15 108
38 56 119
54 74
54 74 96
30 125
1 67
4 109
50 81 82 109
56 119
57 60 65 139
34 137
74 80 112
5 73
49 98 112
80 94 129
53 61 73
1 38 112
50 109 126
15 108 124
8 120
42 81 130
32 68
24 31 40 48 63 64 91 105 132 140
42 50 58 126
46 88
7 41 56
27 92 139
50 58
4 50 81
32 45 80
17 48 107
2 7 126
5 66 92
13 38 50 52
8 97
3 79 119
57 122 123
24 41
135 137
38 68 119
25 122
44 135
3 103
36 51
5 60 139
38 113 126
6 28
8 25 142
36 60 127
3 139
15 104 108
18 38 99
17 29 107
36 136
75 96 107
22 73 85
17 40 48 107
1 70
0 3 10 14 17 38 39 52 103 111 119 124
34 54 112
49 83
26 46 130
18 38 112
2 7
24 40 48 107
42 50 109
24 31
10 41 47
81 85 136
51 133
20 112 119
3 93
46 88 106
50 56 58
9 35 58
15 103
7 99
0 60
3 17 111
26 36 46 60
0 36 60 61 73 80 106
79 124
75 90
40 41 71 111
94 103
40 132
5 26 36 46 57 60 75 92 102 115 127 130 139
25 89
44 102
3 5 26 36 46 57 60 70 75 79 80 90 92 102 115 130 131 139
3 70
1 9 86 94
36 139
16 26 36
50 88 99 142
1 119 142
1 50 90 126
3 17 124
38 52 99 103
42 50 99
14 31 47 51 71 132
0 46 127
115 139
16 36 122
25 36 46 102
1 67 73
70 109
17 103
42 109 126
47 59 97
29 113
53 61
74 93 142
21 29 113
81 85 103
50 81 82
49 50 126
3 60
0 1 36 58 67 69 73 74 80 106 112 122 123
22 73
28 125 131
1 126 136
46 58
81 118 136
1 67 86
59 113
7 41 111
50 90 126 141
66 118 130
41 64
3 111 121
0 36 67
17 40 63 107
112 124
38 99 126
7 27 69
2 72
22 50
81 136
46 52 127
22 85 137
37 77 138
1 112
114 125 138
99 126
24 132
23 94 103
16 74 80
68 138
50 56 123
14 29 41 111
6 25 55
19 77 114
19 138
36 66 112
36 46 60 102
7 20
58 88 130
8 130 142
43 122
2 36 113
88 130
29 40 41 107
0 17
4 50 126
81 90
39 111 121
40 63 105
91 140
8 142
0 138
5 57 60 139
29 40 71 107
51 103
0 60 127
36 38 112
26 46
15 79 124
38 58 119
50 56 58 141
1 88 112
104 125 138
81 103
51 80
26 46 54
7 10
25 36 122
53 126
23 134
0 7
25 26 36 60
38 119
13 52 99 103
0 3 14 15 28 39 79 87 103 104 119 124 131
10 20
2 51 88
80 115
25 36
13 59 103
26 36 130
50 67 141
19 116 125 138
3 17
102 139
103 104
25 130 142
47 59
0 1 67
37 131
101 104 108
24 63 64
80 92
1 18 123
113 126
22 73 84
16 36 80 112
58 110
22 50 137
20 56 119
0 3 14 15 17 38 39 52 87 88 103 104 108 111 119 124 131 138
13 38 52 110
38 99 119
16 98 129
1 69
58 88 110
0 93 127
50 52 110
14 124
88 110
33 80 88
23 32 98 112
34 139
25 89 123
38 109
54 73 74
57 122
0 33 112
1 67 141
29 41 47 71
0 36 131 136
16 25 36
1 80 88 109 130 131
2 72 136
105 140
35 75
13 38 42 50 56 99 103 126
15 79 104
56 134
9 32 53 61 73 80 112
68 99 119
29 81 130 136
0 5 26 36 46 57 60 92 102 107 115 117 127
3 15 101 104 108 124 125 138
34 36 112
45 73 129
14 24 29 31 40 41 48 64 71 132
0 57 73
42 81 109
50 68 109 126
23 78
124 130
0 1 7 36 53 56 58 80 110 112 123 134
41 132
44 137
46 67
37 114 125
29 38 68 119
15 79
9 35 70
46 103
36 57 60
18 120
71 132
0 60 61
83 106
0 36 112
16 61 65
2 72 126
7 38 123
41 71 132
74 142
17 111 119
49 85
16 57 60 139
23 32
1 20 112
75 79
36 57 73
105 107
74 119
64 105
10 134
35 75 130
77 114 116
28 124
101 108
21 38 52
23 32 43 98
5 60 65 139
52 108
9 32 43 53 61 73 80
0 60 61 80
50 67 90 141
14 41 52
3 108
0 39
1 18 38 50 56 58 88 110 123 142
25 36 46
79 101 125
85 118
4 109 126
79 80
0 20 112
36 112 119
7 13 38
0 52
0 1 7 10 20 36 56 58 80 119 130 134 142
24 31 63
24 63 132
20 58 112
99 103 119
0 28 88
88 99 135
66 118
25 26 130
130 139
23 59 134
35 130
7 112 137
0 1 112
24 31 40
58 119
25 58
0 80 112
3 39
7 38 80
4 82 126
7 123 124
4 42 50 126
24 29 40 107
0 5 26 36 46 57 60 66 92 102 107 117 127
3 36 70
17 95
0 36 46
28 88 99 103 111 119
0 127
20 38 52 56 88 99 103 111 119 134
16 36 112 122
1 67 70 130
3 52
22 49 50
40 41 111
29 64 81
7 34 54 65 75 90 96 107
92 102
1 73 94
41 56
11 48 132
125 135
31 91
50 141
7 13 38 52
40 63 107
66 107 112
1 35 67
5 60 65
114 125
57 70 123
66 85
39 131
0 1 7 10 18 36 56 58 80 124 130 141 142
15 39
50 58 109 126
0 29 141
3 36 60
1 36 67
41 47 72
15 124
92 115
14 15
50 82 109
0 3 10 14 17 38 39 52 103 111 113 119
1 35 80
20 38 119
14 51
114 138
5 7 34 107 118 135
65 102
35 58 73
9 86 94
81 82
20 88 97
20 72
0 80 92
10 58
91 132
35 80 133
42 82 109
26 36 46 130
40 48 63 107
0 7 107
16 74
17 39
36 52
50 52 99
1 94
107 112
46 102
33 38 80
34 54 136
57 73 123
38 103 119
6 8 97
4 81 82
80 94
0 107
51 72
1 35 70
103 119
10 41 71
40 47 71
46 79
17 52
50 56 58 110
14 79 124
0 36 46 57 80 115 122 130
24 48 63
26 57 60
77 114 138
42 81
7 123
12 58
31 71
63 140
94 127
87 88
4 42 109
13 59
17 29
2 56 130
0 112 119
46 92
5 54
9 61
10 20 21 38 52 56 58 59 72 103 111 113 134
15 104
2 7 130
59 103 134
79 125
39 52
40 63 64
50 99 142
10 110
7 38 112
108 124
44 139
49 85 131
3 15 79
36 52 127
21 41 47 111
20 56 88
17 39 124
104 131
36 46 52
41 111
50 58 123
0 36 92 136
45 81
105 132
37 77
29 38 119
5 44
89 123
50 52
18 38 80
14 29 40 41
1 67 110
33 80 142
67 141
18 99
0 1 7 36 56 58 80 107 112 119
12 25
47 71 72
80 85 136
25 36 58
41 50 52
5 7 34 44 54 65 90 102 107 135
8 97 120
64 71
50 52 56
1 53 67
6 18 99
45 94
29 40 141
70 123
27 65 92
38 112 124
32 80 94
9 32 43 45 53 73 80 84 86 94 129
5 57 60 65
61 73 106
9 53 61 73
43 53 61 73
49 85 98
38 88 99 103
58 119 142
41 52 111
18 97 120
7 44
26 57
50 52 56 58
1 36 112
17 130
13 50 52
50 52 58 103
25 26 36 130
33 74
14 29 40 41 47 71 111 113
85 98 122 137
23 78 137
81 107 118
4 13 22 38 42 49 50 81 85 99 103 109 126
88 131
27 35
5 83 106
17 107
141 142
33 51
6 97
2 18 88 97
73 123
50 58 103
44 96
1 35 46 58 67 80 86 90 122 130
15 38
9 61 73 112
74 124
118 130
15 79 125
50 68 82 109
70 90
7 20 56
49 130 131
13 50 52 103
16 36 80
25 36 46 60
104 124
10 80
42 56 103 126
21 29 41 47
72 140
8 12
46 124
20 47 59
26 36 46
88 106 131
5 53 73
66 81 92 130 131 136
16 36 57
18 141
58 134
42 126
0 57 107
3 39 119
66 81 85
43 90
25 36 60 93
130 131
57 73 122
68 119
88 134
25 26 36 46 60 102 130
132 140
58 111
10 36 136
80 129
7 54 74 96
1 67 70 109
88 111
57 123
58 88
10 36 113
1 80 112
5 60 65 75
40 48 107
11 97 120 128
14 124 130
7 54 137
0 46 88
5 66 118
110 134
14 17
78 112 130
43 80
29 31 40
37 116 125 138
38 80 119
5 53
0 1 9 36 53 58 67 69 80 110 112 123
7 112 119
29 38
69 74
21 29 38
1 73 86
20 74
5 26 36 46 57 60 75 92 102 107 115 127
13 71
53 107
3 17 39
36 113 136
7 112
2 56 113 121
15 124 125
7 112 122 137
2 33
0 36 113
52 119
16 32 43 61 73 80
7 52 59
7 38 124
1 73
17 119 124
53 57 73
0 33 80
57 90
3 119
68 99
109 137
49 81 85 109 131 137
1 67 109
85 98 122
97 120 128
14 17 24 29 40 48 107
15 104 124
81 94 103
1 33 88
72 110
37 114 116
48 63 107
101 114 116
78 126
3 101 108
14 141
61 73
0 47 113
131 137
32 80 129
14 17 24 29 40 48 64 132
40 41 47
16 36 112
25 55 89 123
13 38
14 31 40
25 128
42 50 58 109
3 108 124
5 54 65
25 58 130
2 36 136
40 48 64
26 92
79 104
37 116 138
36 53 57
60 90
31 63
63 132
36 46 54
14 119 130
41 113
57 90 122
0 14 29 40 113 130 141
32 43 80
7 21 38
2 121
27 34
6 11
38 80
56 72 141
42 50
0 3 60
31 40
5 65 92
1 112 119
3 104 108
50 52 58
27 69 92
18 33 124
7 69
14 41 71 111
17 119
42 50 56
7 13 52
1 38 50 56 58 126
13 38 103
17 29 40 107
75 96
66 81 107
41 52 113
29 113 141
81 103 109
0 36 60 73
39 119
32 94 129
2 88
54 135
26 36
13 103
16 32 80 122
18 20 88 97
99 142
36 122
69 119
0 36 60
60 70
92 139
6 99
0 7 33
41 47 132
40 41 71 107
14 39
0 141
34 54
14 17 24 40 48 63 64 132
0 1 7 36 53 58 69 70 80 106 112 123
79 124 125
88 103 109
7 36
99 119
32 129
0 1 7 18 20 33 36 38 58 69 74 80 88 112 119 123 124 142
0 33
10 46
90 96 139
14 52
4 42 50 81 82 85 109 126
7 36 123
23 137
14 29 40 41 71 107 111
50 52 123
55 89
9 53 61
49 131
50 58 90 126
10 59
114 116
32 83
0 113 126
28 124 131
7 41 71
48 63
46 139
111 119
14 47 52
10 36
25 74 142
19 37 116 125
38 88 112
75 90 107
36 80 115
36 46 122
37 114 138
46 88 131
14 29 41 71
38 112
4 50 109
7 124
10 20 38 51 52 56 58 59 72 103 111 113 134
45 86 94
36 80 92
7 52 71
9 61 112
6 25 55 123
37 124
57 102
49 98
18 80 124
16 54 74
58 103
14 41 111
50 99
110 113
20 56 112
7 137
81 83 106
3 79 124
13 38 52 103
0 1 7 20 33 36 38 51 56 58 80 88 112 119 123 124
36 57 122
109 126
88 103
40 48 63
57 115
13 22 38 50 68 81 85 99 103 109 126
27 92
0 1 9 20 36 58 69 80 110 112 123
79 139
21 134
13 21 59
4 81
47 71 132
5 16 57 60 65 75 139
7 38 126
1 67 90 141
108 138
38 50 52
0 17 20 33 36 38 51 52 56 58 88 103 111 119 123 124
81 130 136
37 114
57 92
4 42 49 50 81 109 126 130
14 52 111
14 130
25 58 142
24 40 63
9 35 86
27 69
98 129
5 7 27 54 65 92 135 139
0 46 57
94 95
11 97
16 32 54 73 74 80 112
13 58 103
42 103 126
5 54 60 65
52 134
24 64 132
20 112 124
0 112 123
73 80 129
24 29 31
1 58 119
6 11 97
53 70 107
112 124 142
42 49 126
60 115
52 111
44 107
38 119 142
0 1 7 18 36 56 58 80 88 124 130 141 142
35 58
19 37 77 101 114 116 125 138
14 17 107
25 130
0 29 113 141
38 69
3 111
22 49 109
88 112 123
81 82 85
8 46
25 26 36 46
12 25 55
1 70 106
119 142
5 53 107
60 92
29 141
74 112
35 90 130
38 46
0 36 53 57 70 73 80 123
22 109 137
36 131 136
26 46 102
88 103 131
67 109
86 122
90 92
26 36 57
50 56
36 112 122
0 1 7 20 33 36 38 51 56 58 80 88 112 119 123
40 91
39 46
11 64
42 50 81
41 50 56
7 88 99 135
0 29 40 141
51 141
10 47 71
29 41 71 113
7 71
67 122
0 12 28 88
1 9 86
42 50 58
3 17 119
104 108 124
104 125
19 37 101 108 116 125 138
32 45 81 94
0 5 26 36 46 57 60 70 80 92 102 107 115
14 130 131
31 140
29 38 113
66 92 118
15 52
5 26 36 46 54 60 75 80 90 92 102 107 115
107 135
1 70 73
38 42 126
32 98 129
13 52 58 103
50 99 126
52 88 99 103
14 29 71 107
26 54 73
35 75 90
96 139
88 135
38 134
58 112 119
17 111
26 36 60
13 38 59
1 80 136
60 61 65
50 56 141
33 55
112 119
7 10 51 56 58 72 110 113 134 141
65 98 122
7 36 112
24 91
1 107
7 38
53 57 107
0 52 127
23 32 43
40 71
80 107
29 41 113
1 50 90
3 15 125
77 138
27 137
55 89 123
39 111
1 9 73 94
5 7 69
23 103
2 80
87 124
20 134
4 126
64 140
38 103 109
40 48
99 134
6 55
26 57 73
5 26 60
81 85
0 36 52
28 37 124
39 88
44 54
14 31
1 8 35 46 58 67 73 74 80 86 122 130
20 111
75 90 96
1 56 119
32 45 73 74 80 86 94 129
35 90
108 124 138
4 42 50 109
42 49 50
69 88
57 65 122
41 58 111
4 81 85
18 122
5 54 135
4 50 109 126
69 124
50 58 90 141
5 16 26 36 57 60 73 80
20 88
112 123 142
20 38 112
1 35 73
7 99 135
34 75 90
26 36 60 130
72 134
0 7 123
19 114 138
1 53 126
0 47 52
7 20 112
15 104 125
7 126
26 139
36 107 112
0 5 26 36 46 57 60 66 92 102 127 130
40 41 71
0 36 127
11 132
24 71
35 80
25 36 130
0 56 141
71 72 132
58 69
50 56 58 126
21 38
121 125
42 99 126
7 74 96
48 140
73 84
4 42 109 126
34 118 130 136
119 124 142
42 50 126
87 104
14 17 40 107
5 34
16 80
50 56 58 103
15 101 104
14 119
4 42 50 58 109 126 130
38 52 123
1 2 7
22 50 109
31 64
75 107
0 113
60 127
52 123
13 52
35 70
0 5 26 36 46 57 60 66 92 102 130 131
25 142
25 88 130
17 111 124
3 108 138
7 72 126
49 78 112 130
72 113 126
1 50 58 67 110 123
31 41
18 38 119
13 21 38
30 108 138
32 41 48
32 43 94
1 67 90
41 56 107
0 67
24 40 63 107
91 105
16 74 80 112
33 100
34 65
20 119 142
37 101 116 138
26 60
19 37 77
15 87
20 56 58
70 139
0 1 9 36 53 56 58 70 80 112 123
20 58
4 50
40 63 132
36 46 58
54 136
40 41 113
0 5 26 36 46 57 60 92 102 115 127 130
49 57
26 73
51 59 97
46 57 115
20 33 88
18 69
38 52 103
57 60 139
36 112 124
81 130
4 42 82
41 50 58
5 27 69
25 58 88
85 136
14 41 47
4 50 58
31 48 63
51 80 133
111 130
81 107
4 81 130
41 56 58 107
52 80
54 74 112
61 73 112
14 119 124
7 36 124
34 36 54 136
1 67 70
1 119
59 97
70 106
36 92 136
36 113
0 47
65 78 98 137
33 80
3 57
13 52 103
43 129
67 90 141
0 36 66 92
50 110
4 42 49
20 88 112
0 80 107
63 64 132
50 58 109
73 129
50 90 141
31 132
51 110
36 67
9 86
35 67 70
8 58 142
85 118 136
56 119 142
50 123
7 38 52
5 27 49
103 134
1 86
8 18
38 126
0 53 107
3 15 104
9 61 80 112
3 79 125
103 111
36 57 123
38 49 112
0 7 112
57 60 73
36 57
88 104
25 36 142
5 69
32 68 83
37 138
49 112
15 119
50 56 110
42 109
2 36
65 75 107
42 81 126
0 112
39 103
38 68 138
0 29 113
38 80 112
64 132
29 31
24 40 64
7 20 38 52 56 88 99 111 119 134
0 1 7 8 12 18 36 46 58 69 74 80 88 106 122 123
114 116 138
50 90
0 36 80 92
68 103 119
20 80 88
32 41
13 38 126
35 46
50 52 99 103
1 53
20 103
0 61 73
42 85 109
2 134
0 112 124
104 124 125
3 17 39 111 119 121 124 138
29 40 41 71
32 43 129
1 9 35
69 80
66 85 136
22 81 85
23 103 134
38 72 126
42 99
36 57 90
54 73
0 102
26 36 46 102
56 112 119
12 33 55
29 40 71
72 126
46 74
5 16 54 60 65 75 139
104 124 138
1 9 35 58 67 70 73 80
30 101
25 26 36
36 46 57
38 52 88 99
45 86
49 112 130
24 63
40 64 132
57 60
2 124
7 13 21 52 56 58 59 71
8 18 120
5 49
45 80 129
7 54 74
42 50 82
8 74 142
4 42 81
53 67
24 40
16 36
50 58 141
57 73
9 35 67
2 121 124
12 28 88
28 131
0 69
7 36 38
17 39 119
20 47
43 80 90
3 79
14 88
36 112
9 35 80
0 46
20 47 97
70 141
53 57
36 46 60
26 36 60 102
9 61 73
46 54
3 92
0 3 36 39 46 79 103 119 124 131
7 18 124
1 131
31 40 48
13 38 99 103
38 112 119
34 65 139
40 48 132
4 50 58 109
0 7 36
20 58 119
131 133
43 98 129
99 103 126
53 70
112 119 142
16 36 74 112
36 102
16 74 112
11 48 64 132
24 40 132
7 10 20 38 51 52 56 58 72 110 111 113 134
3 39 111
36 74 112
19 37 116 138
26 46 60
24 105
38 52 59
7 52
36 115 122
99 135
36 115
1 88 131
69 112
41 50
4 81 109
28 37 125
52 59
20 112
24 48 63 107
26 46 73
87 138
96 107
18 38
7 10 20 47 51 52 56 58 72 110 111 113 134
36 92
38 138
14 24 29 31 40 48 105 107
41 63
5 49 57
0 38 112
3 36
74 96
0 7 124
17 29 40
12 33 100
38 50 88 99 103 109
48 63 132
24 40 48 63
15 131
7 10 20 21 38 52 56 58 59 72 111 113 134
81 82 131
4 22 50
50 56 126 141
50 58 88
29 41 47 113
1 9 53 73 80 86 94
13 52 59
36 46 102
106 141
67 70
8 25 88
70 75
7 112 124
1 80 94
34 36 130 136
35 58 80
21 29 47 71
41 111 113
73 85
19 114
3 26
4 42 126
36 46 115
3 14 119
88 106
34 135
107 119
65 122
56 58 119
2 10 36
26 130
50 82 109 126
67 70 109
58 88 119
46 86
22 137
79 104 125
21 29
61 65
10 58 103
35 58 70
20 69
32 43
14 24 31 40 48 63 105 107
36 57 115
95 99
56 107
120 128
42 81 82
7 38 52 110
1 7 112
0 104
40 140
7 38 119
0 3 10 17 20 36 56 58 111 113 119 130 134
36 60 102
14 40 130
19 108 138
13 103 126
19 37 114
53 70 123
98 122
50 82
12 55
7 18 38
80 131 133
52 127
10 42 126
10 130
7 113 126
16 61
36 39
1 2 10 18 36 56 80 124 130 136 141 142
1 86 94
51 71 72
4 50 82
14 17 24 40 48 63 107
7 27 34 44 54 65 96 135 137 139
23 32 43 94
53 61 73 112
40 130
1 112 124
52 104
0 14 52
0 7 10 20 47 51 52 56 58 59 111 113 134
9 35
7 74
41 56 111
77 114 125
17 124
63 91
26 36 73
42 81 85
14 24 31 40 41 48 63 64 71 132
20 36 112
66 81 92 118 130 136
64 91
38 39
42 50 109 126
7 51
5 54 73
24 140
71 72
66 85 118
59 134
16 36 61 73 80 112
0 107 112
46 54 73
50 52 58 110
4 82 109
1 50 67 90
46 56
38 52
89 97
88 138
23 59 103 134
80 115 133
0 36 46 57 73 80 122 123
24 63 105
36 127
5 26 73
134 141
0 61
80 133
3 111 119
5 57 60
17 39 111
16 36 74
4 42 50
0 7 38
18 112 124
0 46 115
66 107 118
50 58 110
0 113 141
4 22 49 50 81 85 109 137
38 119 138
79 124 130
7 41
34 35 90
31 40 63
77 116 138
1 38 119
3 15 79 101 104 124 125 138
50 88 110
50 124
13 50 52 110
1 2
5 57 73
36 54 136
11 64 132
49 85 109 131
0 1 7 36 53 56 58 70 80 107 112
7 112 123
53 80 107
27 32
53 57 123
16 139
10 36 130
49 57 131
13 38 52
16 32 43 73 80 129
39 111 119
133 135
6 11 97 120
0 7 113
13 52 71
107 118
68 126
40 64
20 58 88
20 80 112
19 77 138
3 70 90
0 67 141
