36 46 127
14 79 130
79 104 124
0 5
40 41
57 130
38 50 126
1 80 119
0 10 136
110 141
38 56 142
0 126
37 77 116
7 88 142
2 56 136
0 3 17 20 36 56 58 88 111 119 130 134
34 112 137
1 90
7 21
112 119 124
60 65 139
38 42 99
3 58 70
41 48 59
54 74
0 103
54 74 96
30 125
25 26 60
1 67
36 61
57 60 65 139
14 40 107 111
41 47 71
80 94 129
0 10 126
50 109 126
54 73 80 112
15 108 124
32 68
24 31 40 48 63 64 91 105 132 140
1 80
81 131 136
27 92 139
0 10 103
7 96
14 29 132
0 33 123
10 21
8 97
3 79 119
0 130 141
24 41
25 122
65 78
3 103
36 51
6 28
2 113 121
36 60 127
3 139
15 104 108
90 107
18 38 99
17 29 107
22 49 137
75 96 107
22 73 85
17 40 48 107
39 121 138
0 3 10 14 17 38 39 52 103 111 119 124
34 54 112
38 74
20 112 142
49 83
19 37 116
24 40 48 107
38 56 99
42 50 109
8 18 88
5 69 92
17 24 40 107
51 133
20 112 119
3 93
28 37
16 25 122
9 35 58
6 18
1 88 142
56 126 130 141
0 60
3 17 111
26 36 46 60
0 36 60 61 73 80 106
79 124
1 36 131
23 43
75 90
94 103
40 132
5 26 36 46 57 60 75 92 102 115 127 130 139
25 89
44 102
3 5 26 36 46 57 60 70 75 79 80 90 92 102 115 130 131 139
0 1 7 20 36 51 58 80 88 106 112 123 134
3 70
14 79
36 139
16 26 36
0 73
1 119 142
80 85 122
38 52 99 103
42 50 99
14 31 47 51 71 132
0 46 127
115 139
58 70 109
70 109
17 103
42 109 126
47 59 97
72 126 141
16 32 129
53 61
74 93 142
2 10 56 113 126 130 136 141
81 85 103
49 50 126
0 1 36 58 67 69 73 74 80 106 112 122 123
22 73
28 125 131
126 130
81 118 136
18 38 56
1 67 86
59 113
28 125
3 111 121
112 124
38 99 126
22 50
81 136
122 137
46 52 127
12 122
22 85 137
37 77 138
51 113
36 60 61
114 125 138
1 110 141
99 126
24 132
50 56 123
5 118
6 25 55
50 126
36 66 112
7 36 130
7 20
112 119 123
58 59 103
43 122
33 88 112
29 40 41 107
0 17
58 107
4 50 126
0 5 70
1 80 131
61 112
81 90
0 36 57
39 111 121
25 46
91 140
85 103 109
5 70 107
7 36 107
38 42 103 126
121 125 138
29 40 71 107
51 103
0 60 127
80 88 112
29 40 107
15 79 124
1 88 112
38 142
32 54 73 74 80 94
81 103
0 115
23 98
7 10
53 126
25 26 36 60
0 3 14 15 28 39 79 87 103 104 119 124 131
2 51 88
50 56 126
58 107 111
26 36 130
19 116 125 138
3 17
56 71 107
25 130 142
37 131
101 104 108
23 112 137
80 92
1 18 123
22 73 84
58 110
22 50 137
20 56 119
3 79 131
0 3 14 15 17 38 39 52 87 88 103 104 108 111 119 124 131 138
38 99 119
1 69
58 88 110
82 109 131
56 121
0 93 127
50 52 110
47 72
88 110
34 139
23 32 98 112
0 33 112
54 73 74
15 125
25 26
51 71 132
29 41 47 71
7 107 111
5 107 118
16 25 36
4 42 50 58
105 140
50 85 109 126
13 38 42 50 56 99 103 126
32 43 122
15 79 104
58 73 80
7 41 58
56 134
9 32 53 61 73 80 112
68 99 119
40 71 107 111
3 101 104
29 81 130 136
0 5 26 36 46 57 60 92 102 107 115 117 127
3 15 101 104 108 124 125 138
34 36 112
45 73 129
14 24 29 31 40 41 48 64 71 132
18 38 124
0 57 73
42 81 109
23 78
41 132
49 85 103 109
44 137
46 67
36 60 93
38 123 142
9 35 70
38 99
49 78 126
36 57 60
18 120
4 42
20 59 97
0 60 61
83 106
13 21 56
6 25 123
29 40 41
1 9 53 73
41 71 132
18 38 50 56 88 99 142
6 18 120
46 80
17 111 119
0 53 57
7 88
2 113 136
0 66 112
17 138
90 122
75 115
46 58 80
74 119
2 10 56 72 113 126 136 141
6 18 97
64 105
80 112 123
1 18 80
79 90
77 114 116
28 124
0 36 66 92 130 131 136
10 51 71
21 38 52
0 115 130
5 60 65 139
4 49 126
9 32 43 53 61 73 80
0 60 61 80
43 73 80
52 59 103
0 39
79 103
0 1 7 10 36 51 56 58 80 110 134 141
40 111
1 18 38 50 56 58 88 110 123 142
25 36 46
56 113 136
85 118
49 85 109
4 109 126
0 20 112
0 126 130
36 112 119
92 135
24 31 63
24 63 132
20 58 112
99 103 119
0 57 115
2 97
38 56
25 26 130
130 139
23 59 134
35 130
88 142
29 41 107
0 1 112
33 38 123
3 36 93
24 31 40
60 79
0 80 112
3 39
4 82 126
7 36 119
56 113 126
3 75
8 25 36 58 74 88 130 142
4 42 50 126
24 29 40 107
56 58 107 111
0 5 26 36 46 57 60 66 92 102 107 117 127
3 36 70
36 92 131
17 95
57 65 139
28 88 99 103 111 119
14 17 29 40
0 127
5 7 92 107 118 135
20 38 52 56 88 99 103 111 119 134
3 52
22 49 50
57 60 65
40 41 111
48 59
7 34 54 65 75 90 96 107
29 40 132
16 54 80
0 3 14 15 39 79 87 103 104 119 124 131 138
13 38 56
1 73 94
28 37 131
11 48 132
125 135
40 71 111
31 91
40 63 107
66 107 112
1 35 67
5 60 65
12 33 55 123
114 125
66 85
39 131
0 1 7 10 18 36 56 58 80 124 130 141 142
15 39
1 33 142
47 71
54 80 112
57 115 130
41 47 72
21 47 71
15 124
92 115
50 82 109
0 3 10 14 17 38 39 52 103 111 113 119
58 110 141
0 60 106
1 35 80
14 51
114 138
5 7 34 107 118 135
35 58 73
3 90 130
0 33 124
49 130
6 8 120
20 88 97
20 72
10 58
91 132
35 80 133
42 82 109
26 36 46 130
40 48 63 107
0 7 107
17 39
1 94
34 54 136
30 101 138
7 110
35 58 86
18 119
36 106 131
38 56 123
51 72
1 35 70
103 119
40 47 71
65 92
56 123
17 52
50 56 58 110
14 79 124
0 36 46 57 80 115 122 130
41 72 132
26 57 60
77 114 138
42 81
7 36 53
9 67 70
31 71
63 140
102 131
94 127
4 42 109
5 7 118
0 112 119
54 80 92
46 92
5 54
3 130
9 61
10 20 21 38 52 56 58 59 72 103 111 113 134
88 112 142
15 104
59 103 134
39 52
40 63 64
7 34 36 54 107 112
38 56 113
64 81
16 57 65 122
108 124
7 21 59
56 113
40 107 111
34 54 139
3 15 79
36 52 127
81 92 131
1 2 7 36 56 80 88 130 134 141 142
16 26 73
13 21 58
105 132
9 53 73 94
37 77
29 38 119
113 126 141
1 33 112
5 44
25 46 130
89 123
14 29 40 41
79 115
12 25
63 107
47 71 72
80 85 136
3 17 138
5 7 34 44 54 65 90 102 107 135
85 109 137
1 51
6 18 99
20 112 123
70 123
27 65 92
36 130
32 80 94
1 80 142
9 32 43 45 53 73 80 84 86 94 129
5 57 60 65
115 130
9 53 61 73
26 57
30 101 108
16 129
36 92 130
5 53 70
17 130
115 122 130
25 26 36 130
16 43 129
30 108 125
0 1 7 10 20 36 38 56 58 80 110 134 142
14 29 40 41 47 71 111 113
85 98 122 137
81 107 118
53 61 80 112
4 13 22 38 42 49 50 81 85 99 103 109 126
3 87
96 135
27 35
5 83 106
20 51 88 97
0 115 122
104 111
21 113
5 46 80
21 59 103
1 18
131 137 139
73 123
20 88 142
44 96
56 70
49 50 130
58 70 90
15 38
53 70 73
70 90
7 20 56
130 141
49 130 131
80 139
16 36 80
7 36 46 54 74 80
104 124
30 138
10 80
0 57 130
34 75 96
72 140
36 46 130
8 12
46 124
20 47 59
15 79 138
26 36 46
29 71
16 36 57
58 134
0 57 107
38 50 52 56 88 99 103
3 39 119
23 112
58 70 80
66 81 85
43 90
107 111
18 38 50
9 70
68 119
41 58 107
73 112 122
1 18 124
25 26 36 46 60 102 130
132 140
58 111
42 103
41 59 71
80 129
41 58
0 36 61
1 67 70 109
51 71
79 119 124
36 57 130
16 80 112
23 59 103
5 92 135
1 106
88 111
1 80 112
40 48 107
11 97 120 128
41 56 58 71
7 54 137
3 15 124
5 66 118
53 61 112
110 134
14 17
7 36 88
20 97
43 80
29 31 40
37 116 125 138
5 53
0 1 9 36 53 58 67 69 80 110 112 123
29 38
46 127
38 123
21 29 38
0 3 10 17 20 36 56 58 111 119 124 130
102 107
20 74
39 87
7 88 112
32 48
7 58 107 111
5 26 36 46 57 60 75 92 102 107 115 127
13 71
7 21 58
0 18 124
3 17 39
5 66
21 47
2 56 113 121
0 66 136
2 33
54 80
38 68 99
52 119
16 32 43 61 73 80
14 17 29 107
58 80 110
3 119
49 81 85 109 131 137
14 17 24 29 40 48 107
1 50 56
15 104 124
10 14
13 21 38 52 56 58 59 103
81 94 103
94 129
1 50
72 110
11 97 128
37 114 116
80 112 124
14 105
48 63 107
86 130
78 126
7 20 88
0 126 141
7 102
51 71 113
131 137
32 80 129
60 61 106
14 17 24 29 40 48 64 132
40 41 47
7 18 20
25 55 89 123
5 49 130
25 128
5 54 65
40 48 64
26 92
49 78 130
114 116 125
36 53 57
29 40 107 111
63 132
23 59
85 109 126
14 119 130
0 14 29 40 113 130 141
32 43 80
7 21 38
2 121
59 103
6 11
70 112
38 52 99
36 119
42 50
5 65 92
1 112 119
52 99
27 69 92
38 88 142
49 85 98 137
61 80 112
14 29 105
7 75 107
17 119
38 85 109
42 50 56
0 66
39 119 138
21 38 56
5 57 65
38 50 99 103
17 29 40 107
5 34 118
0 110 141
85 109
7 46
81 85 103 131
70 102
88 112 124
80 92 131
7 56 107
20 21
69 142
73 112
39 119
38 99 142
32 94 129
1 18 38
26 36
85 122
96 137
1 58 110
54 80 136
20 58 80
0 5 73
0 36 60
6 99
5 54 65 75
36 66 92
115 122
14 39
0 141
34 54
14 17 24 40 48 63 64 132
0 1 7 36 53 58 69 70 80 106 112 123
7 36
58 80 142
99 119
32 129
0 1 7 18 20 33 36 38 58 69 74 80 88 112 119 123 124 142
0 33
0 7 10
0 1 7 18 36 56 58 80 88 112 122 130
10 46
4 42 58
27 135
15 17
4 42 50 81 82 85 109 126
0 56 136
14 29 40 41 71 107 111
55 89
1 7 18
0 10
27 135 139
9 53 61
49 131
15 138
0 10 141
25 93 142
10 59
14 29
50 109 126 130
114 116
32 83
7 18 88
5 65
46 139
111 119
16 25 26
0 108
14 17 29
7 88 124
111 119 138
1 46 80
19 37 116 125
1 106 131
75 90 107
36 88 119
72 132
36 66
37 114 138
14 29 41 71
58 90
4 50 109
0 5 53
42 82
21 59
7 124
9 43 53 80
10 20 38 51 52 56 58 59 72 103 111 113 134
65 96 139
68 82 109 126
20 99
52 131
36 80 92
1 2 136
9 61 112
6 25 55 123
3 131
80 85
18 110
110 113
20 56 112
7 137
3 79 124
50 82 126
103 119 138
109 126
36 92 130 131
58 80
13 22 38 50 68 81 85 99 103 109 126
27 92
0 1 9 20 36 58 69 80 110 112 123
79 139
21 134
13 21 59
1 67 90 141
0 17 20 33 36 38 51 52 56 58 88 103 111 119 123 124
37 114
57 92
4 42 49 50 81 109 126 130
14 52 111
14 130
109 126 130
24 40 63
35 58 67
9 35 86
27 69
54 73 80
5 7 27 54 65 92 135 139
94 95
17 39 138
39 79
29 107 111
16 32 54 73 74 80 112
4 58
5 54 60 65
24 64 132
20 112 124
0 60 61 106
0 112 123
24 29 31
56 107 111
6 11 97
53 70 107
58 70
90 102
36 131
81 103 131
0 1 7 20 36 38 51 56 58 80 88 112 119 123 124
60 115
52 111
38 119 142
35 58
19 37 77 101 114 116 125 138
2 110
25 36 46 130
25 130
10 42 103 126
34 54 107
38 69
3 111
29 31 107
22 49 109
25 26 46 60
88 112 123
25 26 36 46
12 25 55
34 35 130
119 142
0 1 36 80 124 130 131 136
17 131
60 92
20 56
67 70 73
20 36 119
14 130 141
36 60 61 80
35 90 130
38 46
0 36 53 57 70 73 80 123
86 122
5 54 80
50 56
26 36 57
40 91
0 3 5 26 36 46 57 60 79 80 92 102 115 130 131
42 50 81
46 54 80
41 50 56
81 106 131
56 71
7 88 99 135
0 60 61 73
21 29 41 71
0 1 53 126
35 133
10 47 71
56 136 141
27 49
0 103 126
0 12 28 88
36 134
50 126 130
24 48 132
21 38 58
3 17 119
104 108 124
104 125
19 37 101 108 116 125 138
85 122 137
32 45 81 94
0 5 26 36 46 57 60 70 80 92 102 107 115
3 70 130
31 140
2 113
107 135
50 82 85 109
73 94 129
41 58 107 111
1 80 123
24 40 105
50 99 126
24 29 132
13 50 56
52 88 99 103
53 56
26 54 73
16 65 98 122
35 75 90
36 88
13 56 71
3 119 121
4 49 50
38 134
17 111
26 36 60
0 17 20 33 36 38 51 52 56 58 88 103 111 119 123
60 61 65
101 108 116
21 59 71
41 59
112 119
18 20 38
10 71
81 131
24 91
88 112
53 57 107
0 52 127
40 130 141
7 13 21
23 32 43
21 58
40 71
111 131
54 73 112
35 70 73
9 53 86
1 50 90
3 15 125
77 138
38 50 56 110
39 111
1 50 126
22 85 109
1 9 73 94
2 80
0 70 73
20 134
36 88 131
1 70 80 109
64 140
56 136
7 126 130 141
99 134
6 55
26 57 73
13 38 50 56
28 37 124
39 88
3 15 138
21 52 58
1 8 35 46 58 67 73 74 80 86 122 130
20 111
29 48 107
32 45 73 74 80 86 94 129
43 94
35 90
4 42 50 109
99 111
32 68 81
42 49 50
38 50 110
41 58 111
18 122
5 54 135
4 50 109 126
7 41 58 107
73 94
20 88
4 109 126 130
1 74
34 75 90
14 29 41
26 36 60 130
19 114 138
0 47 52
65 92 135
15 104 125
7 126
4 22 49
26 139
32 68 81 83
3 58 90
7 96 107
54 74 80
23 78 98
0 5 26 36 46 57 60 66 92 102 127 130
40 41 71
0 36 127
11 132
70 73 123
72 111
24 71
25 36 130
71 72 132
17 119 138
7 122 137
5 27 135
21 38
121 125
42 99 126
7 74 96
15 104 138
73 84
4 42 109 126
119 124 142
42 50 126
87 104
14 17 40 107
5 34
82 109 126
19 116 138
16 80
15 101 104
14 119
4 42 50 58 109 126 130
42 99 103
5 70
78 126 130
22 50 109
34 36 130
31 64
18 38 142
42 50 103
75 107
60 127
35 70
0 5 26 36 46 57 60 66 92 102 130 131
9 70 73
25 142
72 132 140
7 72 126
49 78 112 130
21 58 59
31 41
20 38 56
126 130 141
13 21 38
33 123
32 43 94
7 21 52
66 81 131
14 29 107 111
1 67 90
92 107 118
58 72
48 107
0 36 60 61
24 40 63 107
91 105
115 133
38 50 56 142
49 81 131
34 65
52 113
20 119 142
2 56 113
37 101 116 138
9 53 61 112
26 60
19 37 77
15 87
20 56 58
115 131 133
0 1 9 36 53 56 58 70 80 112 123
29 107
20 58
6 123
4 50
40 63 132
88 119 142
6 55 123
0 5 26 36 46 57 60 92 102 115 127 130
3 90
49 57
0 5 26 36 46 57 60 70 79 80 92 102 115 130 131
36 115 130
26 73
20 33 88
57 60 139
38 50 142
0 57
5 135
4 42 82
1 112 123
52 103
41 50 58
5 27 69
21 52 103
85 136
4 50 58
1 142
119 134
111 130
29 64 132
49 78 126 130
5 46 60
41 56 58 107
52 80
61 73 112
7 36 124
7 20 36
1 67 70
1 119
54 73 74 112
0 47
60 61
58 70 80 109
65 78 98 137
50 126 130 141
43 129
80 88 142
48 64
0 36 66 92
92 107
38 85 103
50 110
20 56 123
38 50 56 99
80 85 109
4 42 49
20 88 112
63 64 132
14 24 105
56 113 121
85 103
31 132
36 67
0 10 47
36 66 92 131
34 36 54
16 32 80
35 67 70
51 72 132
85 118 136
27 139
58 70 73
0 79 124
103 134
6 28 99
29 48 132
70 73
38 50 99
1 122
8 18
57 139
49 57 130
3 15 104
7 20 124
9 61 80 112
3 79 125
0 136 141
7 13 58 110
5 69
37 138
49 112
50 56 110
25 26 46 130
42 109
0 112
39 103
4 82
0 10 14
54 74 80 112
5 46
27 92 135
3 14 130
9 53
29 31
0 1 7 8 12 18 36 46 58 69 74 80 88 106 122 123
114 116 138
0 5 57
18 38 50 56
80 112
38 99 103
32 41
25 26 46
35 46
0 61 73
42 85 109
2 134
0 112 124
5 92 118
104 124 125
3 17 39 111 119 121 124 138
29 40 41 71
65 122 137
32 43 129
25 88 142
56 58 107
1 9 35
69 80
66 85 136
3 36 130
42 99
26 36 46 102
12 33 55
29 40 71
72 126
1 124 142
5 16 54 60 65 75 139
14 79 119
40 41 107 111
1 9 35 58 67 70 73 80
50 126 141
7 118
4 49
36 46 57
7 18 36
45 86
49 112 130
24 63
40 64 132
57 60
38 50 56
7 13 21 52 56 58 59 71
8 18 120
90 92 107
42 50 82
1 20 119
29 119
48 132
4 42 81
53 67
4 58 109 126
7 20 58
7 72
10 14 41 47 52 71 111 113
12 28 88
28 131
0 69
21 38 59
40 105
17 39 119
29 132
0 36 92 131
32 43 73
3 79
14 88
20 47 97
70 141
13 21
53 57
36 46 60
16 26
26 36 60 102
36 88 142
5 16
86 90
51 132
0 3 36 39 46 79 103 119 124 131
7 18 124
26 75
3 130 131
34 65 139
4 50 58 109
40 48 132
12 33
43 98 129
99 103 126
74 93
58 67 90
34 54 65
1 58 90
112 119 142
49 126 130
66 81 136
36 102
1 73 80 94
11 48 64 132
24 40 132
7 10 20 38 51 52 56 58 72 110 111 113 134
3 39 111
19 37 116 138
24 105
36 79
36 115 122
77 116
69 112
41 50
29 68 81
28 37 125
4 42 58 109
1 50 126 141
21 52 59
20 112
1 50 58 90 126 130 141
1 58 80
18 38
32 122
7 10 20 47 51 52 56 58 72 110 111 113 134
12 33 123
36 92
14 24 29 31 40 48 105 107
41 63
0 36 66
3 36
22 49
13 56 58 110
58 80 112
0 7 124
12 33 100
38 50 88 99 103 109
48 63 132
24 40 48 63
7 10 20 21 38 52 56 58 59 72 111 113 134
4 22 50
1 18 142
50 56 126 141
102 135
90 115 122
0 124
82 85 109 126
1 9 53 73 80 86 94
33 56 123
19 114 116
106 141
67 70
70 75
7 112 124
1 80 94
34 36 130 136
1 18 119
9 53 67
19 114
5 16 26 36 54 60 73 80
23 78 112
36 88 112
36 46 115
107 119
29 41 71
69 92
21 52
9 43 53 73
50 82 109 126
67 70 109
7 58 107
79 104 125
35 58 70
14 29 130
32 43
14 24 31 40 48 63 105 107
95 99
56 107
2 136
17 111 138
7 56 58 107
15 111
38 50 56 58
7 107
102 115
3 79 130
5 70 73
13 21 52
32 112 122
36 60 61 106
0 3 10 17 20 36 56 58 111 113 119 130 134
36 67 141
36 60 102
50 82
23 43 98
20 59
12 55
16 26 80
7 18 38
60 131
52 127
13 56
18 20 97
36 39
80 112 119
86 90 122
1 2 10 18 36 56 80 124 130 136 141 142
51 71 72
0 126 136
14 17 24 40 48 63 107
4 50 82
7 27 34 44 54 65 96 135 137 139
23 32 43 94
16 26 57
2 18
1 58 67 90
40 130
36 66 130
116 125
85 137
0 14 52
0 5 26 36 46 57 60 70 73 80 130
1 50 56 126
77 114 125
63 91
40 107
41 72
14 24 31 40 41 48 63 64 71 132
1 35
66 81 92 118 130 136
64 91
42 50 109 126
73 80 112
0 10 58
5 54 73
24 140
71 72
50 85 109
59 134
92 131
1 36 119
4 82 109
36 80 92 131
1 50 67 90
0 60 73
36 130 141
46 56
0 17 33 38 52 88 103 111 119 124 138
89 97
23 59 103 134
0 36 46 57 73 80 122 123
24 63 105
134 141
0 61
3 111 119
4 42 50
17 39 111
0 88 112
18 112 124
50 58 110
4 22 49 50 81 85 109 137
3 14 79
7 41
34 35 90
88 112 119
38 50 123
31 40 63
48 64 132
77 116 138
3 15 79 101 104 124 125 138
50 88 110
50 124
1 2
34 36
79 101 124
11 64 132
23 98 112
40 41 107
49 85 109 131
1 58 70 80
0 1 7 36 53 56 58 70 80 107 112
1 123
27 32
49 57 131
7 41 56 58 71 107 111
16 32 43 73 80 129
68 119 138
48 91
60 65
39 111 119
133 135
104 108
40 71 107
6 11 97 120
14 29 31
43 90 122
107 118
1 80 106
40 64
20 58 88
1 67 70 80
20 80 112
19 77 138
3 70 90
3 38
