53 58 73
0 7 126
36 46 127
79 104 124
5 83
49 126
1 80 119
38 103 138
16 36 54
57 70 73
110 141
0 126
50 58 90
54 96 107
37 77 116
74 86 94
34 112 137
1 90
57 107
38 42 99
21 41
41 48 59
14 24 63
79 101 104
54 74 96
30 125
1 67
4 109
0 40 113
109 131
57 60 65 139
14 40 107 111
80 94 129
50 109 126
1 7 124
3 5
42 81 130
24 31 40 48 63 64 91 105 132 140
14 17 63 107
52 88 99
7 41 56
27 92 139
4 50 81
32 45 80
7 96
18 80 119
5 66 92
0 38 58
3 79 119
0 93
32 45
51 58
7 36 54 80 107 112
25 122
44 135
65 78
10 142
17 38
3 103
41 58 71
6 28
2 113 121
8 25 142
36 60 127
15 104 108
17 29 107
22 49 137
75 96 107
22 73 85
0 106
0 36 110
1 70
81 130 131
0 3 10 14 17 38 39 52 103 111 119 124
34 54 112
38 74
53 57 70
14 40 132
20 112 142
58 71 107
71 107
1 58 90 126
42 50 109
37 101 138
10 41 47
88 109 131
38 52 88 103
5 69 92
51 133
20 112 119
3 93
16 25 122
28 37
0 14 40 47
1 88 142
15 103
3 17 111
26 36 46 60
0 36 60 61 73 80 106
79 124
1 36 131
75 90
40 41 71 111
7 65 92
94 103
40 132
5 26 36 46 57 60 75 92 102 115 127 130 139
44 102
124 131
3 5 26 36 46 57 60 70 75 79 80 90 92 102 115 130 131 139
0 1 7 20 36 51 58 80 88 106 112 123 134
27 54 92
81 92 130
36 139
16 26 36
1 119 142
1 50 90 126
3 17 124
20 51
38 52 99 103
42 50 99
14 31 47 51 71 132
0 46 127
115 139
16 36 122
25 36 46 102
45 80
5 7
58 70 109
1 67 73
70 109
7 58 71 107
81 92 107
17 103
47 59 97
7 56 71 107
29 113
53 61
74 93 142
7 27 92
49 50 126
0 1 36 58 67 69 73 74 80 106 112 122 123
22 73
28 125 131
1 126 136
20 33 58
81 118 136
59 113
0 1 110
7 41 111
21 56 71
50 88 99
50 90 126 141
9 112
28 125
16 32 54 112
38 99 126
22 50
46 52 127
80 110 141
12 122
37 77 138
22 85 137
114 125 138
99 126
24 132
23 94 103
68 138
0 40
19 77 114
54 96
36 46 60 102
7 20
112 119 123
43 53 80
23 112 134
29 40 41 107
0 17
58 107
4 50 126
61 112
7 141
81 90
0 36 57
91 140
5 57 60 139
29 40 71 107
51 88 97
26 46
29 40 107
15 79 124
38 50 52 99
1 88 112
81 90 126
36 54 92
104 125 138
26 46 54
53 126
23 134
36 73
7 56 71
46 123
54 60 65
0 3 14 15 28 39 79 87 103 104 119 124 131
17 29 40 48
1 7 90 126
58 107 111
13 59 103
26 36 130
50 67 141
19 116 125 138
3 17
103 104
56 71 107
25 130 142
47 59
88 97
37 131
101 104 108
24 63 64
41 107 111
23 112 137
22 73 84
58 110
22 50 137
20 56 119
0 3 14 15 17 38 39 52 87 88 103 104 108 111 119 124 131 138
47 52 113
88 99 103
58 88 110
82 109 131
5 7 139
0 93 127
24 29 48
88 110
0 33 112
1 7 90
1 67 141
31 40 107
29 41 47 71
7 59 71
27 32 54
35 75
13 38 42 50 56 99 103 126
15 79 104
7 41 58
56 134
9 32 53 61 73 80 112
68 99 119
40 71 107 111
29 81 130 136
0 5 26 36 46 57 60 92 102 107 115 117 127
3 15 101 104 108 124 125 138
34 36 112
14 24 29 31 40 41 48 64 71 132
0 57 73
42 81 109
23 78
36 46 73
0 1 7 36 53 56 58 80 110 112 123 134
41 132
93 142
49 85 103 109
44 137
36 60 93
17 40
2 56 141
0 112 130
15 79
9 35 70
46 103
34 54 137
38 99
49 78 126
36 57 60
18 120
50 130 141
71 132
1 50 58 67 110 141
56 58 71 111
19 37 125 138
6 25 123
16 61 65
2 72 126
29 41 107 111
41 71 132
17 111 119
33 38 58
18 97
0 66 112
7 13 71
1 50 56 58 126 130 141
36 57 73
2 10 56 72 113 126 136 141
0 33 56
7 65
74 80 94
0 74 93
35 75 130
28 124
23 32 43 98
112 123
17 29 48 107
13 38 99
4 49 126
9 32 43 53 61 73 80
79 124 131
58 109 126
0 58 126
22 85
34 96
50 67 90 141
50 81 130
52 59 103
0 39
79 103
79 101 125
85 118
42 50 109 130
7 52 110
4 109 126
1 124
34 65 96
79 80
26 36 54
42 49
24 31 63
24 63 132
0 36 92
10 52 111
5 49 83
74 86
88 99 135
2 97
74 122
25 26 130
130 139
23 59 134
35 130
7 112 137
37 124 131
29 41 107
3 36 93
24 31 40
7 41 58 111
0 80 112
115 131
3 39
3 75
29 71 107
4 42 50 126
24 29 40 107
56 58 107 111
0 5 26 36 46 57 60 66 92 102 107 117 127
36 92 131
17 95
0 36 46
28 88 99 103 111 119
0 127
20 38 52 56 88 99 103 111 119 134
22 49 50
57 60 65
67 73
52 88 110
0 103 113
7 34 54 65 75 90 96 107
10 38 58
26 57 80
58 109
81 92
41 56
28 37 131
125 135
31 91
50 141
14 29 40 130
66 107 112
1 35 67
5 60 65
114 125
57 70 123
66 85
39 131
0 1 7 10 18 36 56 58 80 124 130 141 142
15 39
50 58 109 126
52 88 123
3 36 60
58 86
41 47 72
15 124
14 29 40 107
50 67 130
13 38 42 50 56 58 103 126
50 82 109
0 3 10 14 17 38 39 52 103 111 113 119
39 108
58 110 141
0 60 106
26 54 60
114 138
65 102
7 92 139
88 122
21 29 41 47 71 111 113
6 8 120
20 88 97
20 72
91 132
15 108 138
42 82 109
50 90 126
26 36 46 130
40 48 63 107
17 39
36 52
88 99
14 71 107
57 73 123
6 8 97
7 110
35 58 86
80 94
18 119
36 106 131
41 58 71 107
9 80 112
1 35 70
103 119
7 65 139
46 122 123
17 52
24 48 63
38 111
26 57 60
77 114 138
42 81
8 88
1 90 126
12 58
9 67 70
31 71
63 140
94 127
4 42 109
13 59
14 40 41 111
17 29
0 112 119
14 103
46 92
41 47 52
10 20 21 38 52 56 58 59 72 103 111 113 134
15 104
17 40 107
59 103 134
39 52
1 50 67
0 47 111
40 63 64
50 99 142
64 81
16 57 65 122
44 139
40 107 111
67 80 141
34 54 139
3 15 79
36 52 127
21 41 47 111
81 92 131
20 56 88
17 39 124
36 46 52
57 80 107
41 111
45 81
105 132
9 53 73 94
37 77
67 110 141
21 41 111
0 14 17 38 51 52 88 103 111 119 124
5 44
58 71 111
89 123
14 29 40 41
33 80 142
67 141
0 51
0 3 20 36 38 52 56 58 80 88 119 134
12 25
7 34 96
47 71 72
0 61 80 106
80 85 136
29 68 119
5 7 34 44 54 65 90 102 107 135
1 53 67
0 33 58
20 112 123
57 73 80
46 57 122
70 123
27 65 92
32 80 94
9 32 43 45 53 73 80 84 86 94 129
5 57 60 65
131 138
7 65 96
52 110
49 85 98
38 88 99 103
41 52 111
18 97 120
26 57
16 129
1 7 126 141
24 48 105
14 40 130 141
17 130
16 43 129
33 74
52 87
0 1 7 10 20 36 38 56 58 80 110 134 142
14 29 40 41 47 71 111 113
23 78 137
9 73 80 94
41 56 58
53 58 86
81 107 118
4 13 22 38 42 49 50 81 85 99 103 109 126
3 87
22 49 85
1 126
88 131
26 70
27 35
5 83 106
20 51 88 97
36 73 130
24 29 105
33 51
5 46 80
1 18
131 137 139
49 50 130
58 70 90
74 124
41 56 71
15 79 125
50 68 82 109
70 90
7 20 56
1 80 109
14 107 111
104 124
5 7 65
10 80
42 56 103 126
72 140
46 124
20 47 59
1 58 70 109
26 36 46
88 106 131
36 110
29 105 107
66 81 92 130 131 136
16 36 57
18 141
58 134
50 130
0 57 107
3 39 119
58 59 71
66 81 85
43 90
14 63
25 36 60 93
107 111
81 109 131
130 131
38 58 110
9 70
68 119
29 48
2 51 88 97
88 134
41 58 107
1 18 124
25 26 36 46 60 102 130
132 140
58 111
4 50 130
42 103
80 129
41 58
7 54 74 96
1 67 70 109
14 40 47
14 40
81 103 109 131
43 53 61
0 20 58
23 59 103
57 60 80
5 92 135
88 111
36 54 60
57 123
5 26 46
1 80 112
81 90 130
50 88 99 103
11 97 120 128
41 56 58 71
7 54 137
3 15 124
53 61 112
36 57 107
14 17 40
7 96 139
43 80
0 60 73 106
29 31 40
5 60 80
34 112 130
38 80 119
0 1 9 36 53 58 67 69 80 110 112 123
7 112 119
29 38
69 74
81 90 107
36 54 73
21 29 38
61 106
102 107
18 50 99
20 74
32 48
2 56
5 65 135
5 26 36 46 57 60 75 92 102 107 115 127
53 107
36 54
136 141
3 17 39
5 66
9 73
21 47
7 112
2 56 113 121
2 33
38 68 99
52 119
1 73
17 119 124
6 8
0 53 58
3 119
49 81 85 109 131 137
1 67 109
85 98 122
14 17 24 29 40 48 107
15 104 124
23 32 94
0 3 93
81 94 103
94 129
72 110
37 114 116
86 130
78 126
7 20 88
14 141
7 102
58 71 107 111
0 47 113
20 58 123
32 80 129
60 61 106
14 17 24 29 40 48 64 132
16 36 112
25 55 89 123
54 65 92
14 31 40
25 128
42 50 58 109
1 50 67 141
57 80
25 58 130
26 92
79 104
37 116 138
29 40 107 111
112 137
63 132
23 59
36 46 54
32 43 80
27 34
59 103
6 11
38 80
56 72 141
42 50
65 96 107
5 65 92
0 36 93
1 112 119
9 80 94
27 69 92
0 14 47
56 58 71
61 80 112
57 70
1 7 126 130
17 119
42 50 56
21 38 56
47 72 132
38 50 99 103
17 29 40 107
0 110 141
85 109
66 81 107
7 46
0 1 126
1 7
0 36 60 73
60 93
39 119
32 94 129
26 36
85 122
14 48 63 107
56 71 107 111
7 34 65
24 29 107
69 119
0 36 60
92 139
6 99
50 142
18 112 119
40 41 71 107
14 39
14 17 40 63
14 17 24 40 48 63 64 132
0 1 7 36 53 58 69 70 80 106 112 123
32 129
70 92
0 1 7 18 20 33 36 38 58 69 74 80 88 112 119 123 124 142
21 56
0 33
29 41 111
10 38 72
18 88 99 142
0 53 126
10 46
1 7 126
80 141
0 14 40 141
52 58 110
38 49 131
4 42 50 81 82 85 109 126
23 137
5 7 27 92 118 135
51 119
14 29 40 41 71 107 111
1 7 18
50 52 123
4 42 50 130
0 29 113 130 136 141
46 70 123
49 131
10 59
21 41 47
114 116
34 44
38 88 99
29 48 105
0 113 126
28 124 131
0 40 141
5 65
7 41 71
32 74 122
46 139
111 119
14 47 52
0 108
33 56
16 36 73 112
19 37 116 125
1 106 131
72 132
18 20 124
36 46 122
37 114 138
71 107 111
20 47 51
58 90
4 50 109
7 54 139
5 7 34
54 92
21 38 111
20 99
52 110 123
47 52
9 61 112
57 102
18 110
50 99
7 126 141
110 113
82 131
81 83 106
3 79 124
103 119 138
2 88 97
88 103
14 63 107
13 22 38 50 68 81 85 99 103 109 126
27 92
0 1 9 20 36 58 69 80 110 112 123
16 54 65 139
21 134
41 58 71 111
13 21 59
4 81
23 94
5 16 57 60 65 75 139
58 90 126
108 138
0 17 20 33 36 38 51 52 56 58 88 103 111 119 123 124
81 130 136
37 114
57 92
97 128
4 42 49 50 81 109 126 130
24 40 63
36 93 142
94 95
39 79
29 107 111
16 32 54 73 74 80 112
10 41 52
13 50 99
42 103 126
5 54 60 65
24 64 132
0 60 61 106
0 112 123
24 29 31
14 107
0 51 113
56 107 111
46 57 123
53 70 107
36 131
48 105
52 111
44 107
2 110
19 37 77 101 114 116 125 138
7 90 126
25 130
38 69
5 7 135
3 111
29 31 107
88 112 123
8 46
12 25 55
38 58 103 126
17 131
90 115
5 53 107
29 105
60 92
52 88
16 54 139
1 2 7 18 36 56 80 88 124 130 141 142
67 70 73
7 58 71
35 90 130
38 46
0 36 53 57 70 73 80 123
22 109 137
88 103 131
7 90 139
1 58 109
86 122
26 36 57
0 1 7 20 33 36 38 51 56 58 80 88 112 119 123
40 91
1 119 124
39 46
0 3 5 26 36 46 57 60 79 80 92 102 115 130 131
41 50 56
81 106 131
56 71
7 88 99 135
21 29 41 71
0 1 53 126
35 133
10 47 71
56 136 141
7 71
27 49
0 103 126
0 12 28 88
0 106 131
0 36 46 57 73 80 122 130
36 134
54 112 137
24 48 132
21 38 58
3 17 119
104 108 124
19 37 101 108 116 125 138
0 46 122
0 5 26 36 46 57 60 70 80 92 102 107 115
107 135
54 92 136
41 58 107 111
32 98 129
50 99 126
24 29 132
52 88 99 103
14 29 71 107
5 57 80
14 40 71
54 137
38 49
16 65 98 122
35 75 90
7 112 130
47 97
88 135
14 31 107
4 49 50
38 134
17 111
26 36 60
0 17 20 33 36 38 51 52 56 58 88 103 111 119 123
60 61 65
50 56 141
112 119
7 10 51 56 58 72 110 113 134 141
10 71
81 131
53 58 67
5 7 92
50 81 90
24 91
0 1 7 126
1 107
88 112
6 8 25
53 57 107
0 52 127
40 130 141
81 90 131
40 71
92 118
111 131
1 50 90
41 47 111
3 15 125
77 138
20 80 119
1 50 126
55 89 123
22 85 109
31 107
39 111
23 103
87 124
20 134
36 88 131
1 70 80 109
52 88 103
99 134
26 57 73
54 92 139
5 26 60
6 8 123
57 70 80
44 54
16 32 73 74 80 112 122
1 7 141
1 8 35 46 58 67 73 74 80 86 122 130
20 111
29 48 107
32 45 73 74 80 86 94 129
35 90
19 114 125
4 42 50 109
99 111
27 34 35
42 49 50
41 58 111
7 41 58 71
4 50 109 126
0 110
5 16 26 36 57 60 73 80
17 24 29 40
50 67 130 141
20 88
52 99 103
35 67
4 109 126 130
72 134
9 73 112
19 114 138
5 92 139
1 53 126
5 80
0 47 52
15 104 125
7 126
26 139
32 68 81 83
3 58 90
9 67 73
46 115 122
0 5 26 36 46 57 60 66 92 102 127 130
26 60 73
0 36 127
72 111
24 71
71 72 132
58 69
21 38
14 63 132
121 125
42 99 126
113 121
7 74 96
26 36 102
7 139
73 84
41 56 71 107
4 42 109 126
34 118 130 136
42 50 126
87 104
14 17 40 107
29 81 107
5 34
19 116 138
15 101 104
14 119
4 42 50 58 109 126 130
42 99 103
6 8 18 123
57 75 139
22 50 109
50 67 90
7 56 141
31 64
42 50 103
75 107
0 113
52 123
35 70
0 5 26 36 46 57 60 66 92 102 130 131
8 88 97
9 70 73
37 116
8 58 74
17 111 124
72 132 140
49 78 112 130
31 41
10 18
36 124 131
14 24 40 63
30 108 138
57 80 123
34 54 96
38 58
66 81 131
1 67 90
41 56 107
6 25
5 54 92
24 40 63 107
7 34 112
20 51 88
49 81 131
34 65
52 113
47 52 111
26 60
20 56 58
70 139
115 131 133
29 107
20 58
6 123
40 63 132
6 55 123
54 136
46 52
45 80 94
14 40 41 107
0 5 26 36 46 57 60 92 102 115 127 130
5 27 92
3 90
49 57
0 53 58 126
26 73
18 69
20 33 88
14 29 40 47
57 60 139
5 135
14 40 71 107
81 130
1 112 123
52 103
41 50 58
5 26 36 46 54 60 75 80 90 92 102 115 139
5 27 69
25 58 88
7 41 56 71
85 136
18 46
16 122
1 142
111 130
5 46 60
16 43 122
4 81 130
81 107
41 56 58 107
81 90 92 107
52 80
34 36 54 136
17 29 48
1 67 70
1 119
80 119
0 47
10 42 56
65 78 98 137
53 58
54 139
16 112
0 36 66 92
20 56 123
80 85 109
16 36 73
63 64 132
74 94
50 90 141
20 123
31 132
51 110
36 46 123
1 109
34 36 54
118 136
0 47 51
36 103
9 32 43 80
17 40 132
35 67 70
85 118 136
50 123
0 40 47
14 40 63
103 134
29 40 48 107
54 96 139
29 48 132
0 61 106
1 122
5 92
50 52 88 99
3 15 104
9 61 80 112
103 111
36 57 123
54 60 65 139
0 7 112
38 58 80
57 60 73
36 57
32 68 83
15 119
25 26 46 130
42 109
0 112
19 125
0 36 60 106
39 103
0 29 113
53 123
38 80 112
5 46
64 132
29 31
0 1 7 8 12 18 36 46 58 69 74 80 88 106 122 123
114 116 138
50 90
90 126
35 67 73
68 103 119
54 60
36 136 141
38 99 103
32 41
35 46
20 103
42 85 109
2 134
5 92 118
3 17 39 111 119 121 124 138
29 40 41 71
25 88 142
32 43 129
56 58 107
56 141
58 71
50 67
69 80
66 85 136
23 103 134
1 123 142
90 139
42 99
0 102
26 36 46 102
32 54
12 33 55
1 124 142
46 74
5 16 54 60 65 75 139
14 79 119
104 124 138
66 112 130
40 41 107 111
7 118
27 96
13 99 126
30 101
42 58 109
36 46 57
38 52 88 99
24 63
40 64 132
57 60
45 80 129
14 40 141
16 112 122
42 50 82
20 38 58
29 119
48 132
36 57 80
4 42 81
60 106
53 67
43 53
16 36
13 42 99
4 58 109 126
57 73
7 20 58
7 65 122 137
10 14 41 47 52 71 111 113
12 28 88
0 69
17 39 119
112 130
40 141
43 80 90
3 79
14 88
70 141
16 74 122
36 57 70
104 108 138
14 47 111
36 46 60
5 7 80
0 58 110
26 36 60 102
66 112
34 35 75
46 54
0 14 40
51 132
3 92
0 3 36 39 46 79 103 119 124 131
1 131
4 50 58 109
40 48 132
12 33
44 65
33 56 58
10 72
99 103 126
74 93
53 70
7 71 107
1 58 90
36 102
47 111
11 48 64 132
21 47 111
24 40 132
7 10 20 38 51 52 56 58 72 110 111 113 134
3 39 111
19 37 116 138
24 105
36 79
10 47 52
99 135
36 115
77 116
1 88 131
69 112
41 50
52 59
4 42 58 109
1 7 142
50 90 130
32 43 53
137 139
0 58 113
26 46 73
36 80 141
7 10 20 47 51 52 56 58 72 110 111 113 134
36 92
29 41 71 107
38 138
14 24 29 31 40 48 105 107
41 63
3 36
36 110 141
22 49
10 41 111
12 33 100
36 69
38 50 88 99 103 109
48 63 132
46 119
7 10 20 21 38 52 56 58 59 72 111 113 134
81 82 131
1 18 142
4 22 50
25 74 122
10 52
29 71 107 111
90 115 122
57 70 107
1 9 53 73 80 86 94
13 52 59
19 114 116
106 141
67 70
4 130
0 1 9 20 36 58 69 80 106 112 123
70 75
1 18 119
33 58 88
50 90 126 130
73 85
19 114
0 46 106
75 131
23 78 112
3 14 119
57 60 75
107 119
7 54 96
69 92
26 130
4 50 109 130
10 42
50 82 109 126
67 70 109
34 112
79 104 125
46 122
32 43
14 24 31 40 48 63 105 107
95 99
1 124 131
56 107
38 58 72
15 111
56 58 71 107
7 53 126
1 7 112
102 115
0 104
42 50 130
0 60 93
108 131
34 102
0 3 10 17 20 36 56 58 111 113 119 130 134
38 72
14 40 130
15 88
1 70 109
53 70 123
50 82
12 55
54 60 139
24 29
85 109 131
52 127
16 61
14 40 107
36 39
80 112 119
86 90 122
1 2 10 18 36 56 80 124 130 136 141 142
53 58 126
8 25 130
30 101 125
4 50 82
14 17 24 40 48 63 107
54 90 139
7 27 34 44 54 65 96 135 137 139
0 58
18 106
23 32 43 94
40 130
52 104
10 42 103
36 90 115
0 7 10 20 47 51 52 56 58 59 111 113 134
57 75
98 112
77 114 125
17 124
26 36 73
63 91
40 107
14 24 31 40 41 48 63 64 71 132
1 35
66 81 92 118 130 136
64 91
42 50 109 126
24 140
71 72
50 85 109
0 107 112
42 49 109
44 90
1 50 67 90
0 58 112
46 56
20 33 56
89 97
4 50 126 130
23 59 103 134
0 36 46 57 73 80 122 123
81 92 118
24 63 105
134 141
0 61
3 111 119
5 57 60
17 39 111
4 42 50
14 40 63 107
4 22 49 50 81 85 109 137
7 41
18 50
41 56 107 111
31 40 63
3 15 79 101 104 124 125 138
50 124
13 50 52 110
41 56 58 111
34 36
1 7 53 126
14 40 64
49 85 109 131
51 124
0 1 7 36 53 56 58 70 80 107 112
53 57 123
16 139
49 57 131
7 41 56 58 71 107 111
16 32 43 73 80 129
7 34 54 65 75 90 96 139
60 65
39 111 119
133 135
19 77 125
40 71 107
14 40 41
66 81
68 126
1 80 106
40 64
20 58 88
10 41
80 136
19 77 138
3 38
