0,1
2,3,4
5,6
7,8,9
10,11
12,13
8,14
15,16,17
18,19
20,21,22
23,24
25,26
27,28
29,30,31
32,33
34,35
36,37
38,39
6,40
41,42
43,44
45,46,47
48,49
50,51,52,53
54,55
56,57
58,54
59,60
61,62,63
53,64
65,66
67,68
69,70
36,71,72
73,42
74,23
75,67,76
77,19,18
78,79,80
60,81,20,80
82,83
84,76
85,68
86,87
88,89
90,91
92,93
94,91
47,95
73,96
97,98,99
100,101
102,103
57,104,22
28,14,8
105,106
64,37
107,108,109
110,111
112,113,3
14,91
114,115
116,109,24
110,117
51,118
44,119
120,47
39,69
121,112
122,123
124,20
125,126
127,37
128,37,4,0
87,122
129,55
75,130
24,123
41,131
132,87
133,13
37,134
135,136,93
60,103
137,138
139,140,141
142,27
27,143
54,8
144,145,50,146
147,148
56,18
149,150
133,124
151,49
152,148
153,89
154,37,48
17,131
155,26,76
90,70
156,157
158,65
159,160,94
89,161
162,163,111,159
164,9
165,166
167,168
169,26,170
13,21,171,41
172,173,69
174,175
7,8
104,176
33,12
87,177,178
171,81
140,5
109,179,180
49,181,174,146
182,183
69,172,6
163,69
184,185
23,82,186
44,187
188,122
47,37,52
166,106
59,85
189,0
47,2,190
62,182
102,78,73,191
52,189
192,149
192,148
101,193
26,194
145,195
196,34
99,197,10
198,199,107,149
75,33,200
129,201,202
40,203
7,204,69
205,60
36,113
206,207,61
139,90
158,208
19,104
22,176
209,148
74,197,11
32,29
210,211
212,83
9,44
150,178
47,168,213
93,136
214,182
215,28
164,40,66,216
75,56
92,91
110,93
32,57,12,77
45,217,95
200,85,18
129,66
218,219,41
220,221
129,54
222,187
223,208,54
224,207
221,9,90
187,158,225,69
226,214
227,228
54,93,28
173,69
162,135,129
117,229,208
214,105
230,196
113,50
231,131
191,35
31,84
172,7
70,159
57,200
193,232
182,105,83
207,156
84,80
233,234,89
91,5,220,65
219,19,235
231,12
127,233
9,8
47,167
23,224
28,92
156,182
219,78
200,32
236,110,142,8
228,144
26,169
140,92
43,38
207,23
32,205
61,10,148
178,183
36,193
103,191
148,126,179
193,217
135,92
131,12,205
75,15
237,103,238,239
68,73
72,233
240,241
189,234
148,179
242,99
152,199
24,105
26,30
130,171,133,32
58,91
36,167
183,61
161,154
112,243
110,91
50,244,234
207,245,137
246,228,128
6,247
6,248
155,249
101,173,139
203,93
156,185
250,28,159,91
45,47,167
51,251
242,11,252,24
243,64
217,175
253,245,184
70,55
254,255
129,14
180,87
256,217
151,195,228
107,257
54,28,258
256,100,71
117,7
105,183,156
129,111,69
112,37
259,77,169
86,125,245
172,260
261,262,106
45,263,3
242,86
148,179
3,167
176,20,21
165,264,63
13,265,29
117,164,43
108,266
159,111
21,131,191
120,189
201,7
165,138
127,72,47
92,44
157,61
217,193
50,36
257,11
199,97
150,116,105
267,124
113,193
268,12
93,210
199,224
32,205,230
240,45
252,214
123,269,87
82,87
75,155
156,149
227,195,72
18,249
270,136
8,203
200,194,18,124
150,99
271,201,40,111
221,28,272
8,216
68,273
86,226
7,117
209,226
154,45
47,181
274,4,95
275,125
93,223,201
257,149
148,99
152,166
219,26
119,203
256,233
195,274
95,50
103,191
239,79,130
86,11,107
90,142
119,216
167,134
55,140
77,196,200
38,158
70,40
260,9
116,83
88,276,64
138,87
212,197
217,277
191,267
44,208,90
250,58,160
37,128
161,112
213,195,118
187,69,278
133,57
259,131,155
50,47
96,191
86,279
35,20,85
169,21
152,62
189,115
40,44
256,100,254
206,214
167,0
24,86,188
54,280,9
199,98
138,182
193,154
70,69
83,183
197,199
191,19
34,200,59
13,205,21
281,128,53
139,216,54
252,226
45,151
93,9
108,180
39,5
187,8,216
232,217
213,195
159,38,70
138,83
221,55,43,216
282,214
213,217
91,221
79,57
113,71
31,84
87,206,74
52,181
176,131
149,83
199,283
278,173
83,214,98
100,284,134
177,112
135,203,91
10,197
97,279
131,239
157,149
126,285,97
199,82
82,275
156,214,152
193,89
139,93,91
225,8
206,269,182
230,267
189,286
80,78
113,115
206,185
91,110
106,182,214
3,0
117,216
24,74
259,287,77
100,0
129,9,69
131,169,21
187,158
173,225
116,149
135,211,38,278
267,25,239
288,133
69,136
54,111
193,151,49,36
79,25,235
84,15
251,168
28,289
49,227
290,91
120,37
62,82,122
69,8
108,106
75,29
119,247,291
101,114,281
63,24,132
226,292
146,244
99,242,197
15,29
252,180
240,189
271,293
74,166
294,7
25,22
135,203
83,166
101,120
60,22
165,182
217,281
164,70
148,24,157
259,56,267
229,90
148,199,61
83,178
36,49
267,20,25
150,11
175,114
162,223
70,164,158
295,57,239
139,93
246,47
251,244,217
157,180
58,28
265,85
47,168
177,0
13,171
17,34,200
59,239,155
105,106
76,133
5,142
71,274
110,160
160,140,5
277,177
8,6,222
171,68,12
265,81
120,134
85,191
277,296
95,256
209,297
212,165
234,49
178,282
118,277
39,65
49,127
30,155
68,96
272,216
61,86
85,59
246,144
239,79,235
21,25,13
281,64
71,213
133,31
15,298
53,64
201,39,136
135,14,140
149,125,86
118,48
25,155
42,130,29
41,130
31,15,133
54,70
78,169
51,281
39,220
63,123,74
208,7
227,50
125,257
110,38
8,135,201
49,45
299,3
216,38,93
154,113
232,213,300
32,77,21
124,21
20,33
226,188
198,23
5,140
167,153
257,150
192,99,283
69,222
50,181
95,4
34,103,259
281,120
102,301,42
13,288
94,139
122,185,10
204,58
24,23
12,33
298,133
159,204
108,62,123
114,101
201,187
60,235
239,235
50,101
190,263
52,255
231,298,287
114,113
240,232,3
215,38
253,224
95,175
145,52,240
99,87,226,183
183,157
23,224
103,21,302
217,4,89,1
32,171
166,122
119,6
45,217,4
246,3
251,195
294,140
246,53
147,192
35,259,18
256,1
7,203
68,239
195,101
107,109
112,246
80,78
276,255
10,209
24,279
277,246,168
54,159
246,2
233,49
6,135
235,20
88,37
112,100
212,253,98
99,108
199,105
61,157
229,66,201
166,207
51,3,36
57,130
34,60
160,55
136,110,280
24,226
68,267,15
191,73
272,201
52,281
207,116
101,72,3
303,116,148
168,277
112,234
197,185
281,240,113
304,168
165,212
29,265
246,47
305,119
302,60
94,93
123,157,116
151,64,244
172,92,129,143
151,49
15,133
119,142
129,216,119
179,184,207
86,74,186
261,306
62,197
266,107
204,140,65
277,161
269,147
139,290,93
70,163
5,159
246,228
43,9
99,125,116,149
79,171
93,258
94,208
124,219,21,32
125,24,183
98,123,87
242,307
15,267
188,165,75
206,10,307
25,96,302,235
80,35,17
19,301
303,86,269
236,58
67,200
25,238
199,10,165
251,246,37
228,114,193
132,23
221,40,69
234,112
211,162,58,210
211,38
196,57
70,55
304,243,52
249,78
224,86,74
299,3,89,308
189,127,37
74,82
99,192
109,125
137,148
234,0
233,213,3
52,177
28,216
161,48
68,30
139,172
153,189
36,1
230,80
61,206,184
65,236,289
217,134
155,12
99,165,138
130,171
286,193
50,144
143,173
37,168
240,286
171,77,17
173,158
256,181,146
54,111
35,22
7,92
94,258
115,0
18,133
41,17,169
52,241
202,290,158
217,154
203,221,5
77,67
173,7
253,266,182
199,83,183
91,216,201
199,182
177,108
163,70
103,96
81,78
232,217
43,225
108,212,157
210,135
94,91
123,23
206,214
178,266,83
225,140,293
50,36,4
307,309
221,163
191,265
52,181,154
310,182
66,201
72,89
111,8
109,61
8,69
57,34
247,54
69,129
257,199
304,36
12,77,265
135,215,58
277,174
268,80,18
118,101,167
16,25
231,130
209,303
252,123
303,138
260,222
8,58,43
203,93
200,33
233,89,256
86,179
76,287
67,169,196
123,182,253
297,98
64,113
20,18
149,207
311,92
231,85
78,75,18
49,128,1,217
153,241
119,289
78,133
278,216
291,159
96,155
50,246
93,54,225
23,107
174,246,153
117,250
312,231
107,206
225,27,222
303,192
189,241,151
70,272,9,58
166,303
31,76
152,214,105
3,4,2,1
43,58
278,208
177,2
139,135
63,185
140,203,204
234,240,217
239,131
304,100
109,198,207
23,282,253
0,47,304,4
175,115,296
226,279
67,77
231,238
190,153
106,180
124,133,267
263,50,46
120,276
168,304
302,26
106,123
190,234
259,131
161,190
217,36,120
62,138
79,12
109,61
51,195,255
49,52,88
36,256
3,240,2
89,234
174,177
66,38
313,239
139,208,70
104,68
7,8
211,290,215
289,135
244,281
163,210
214,252
12,259
233,88
221,158
103,29
205,235
38,14,7
207,252,188
6,8
37,114,146
272,119
91,38
197,184
200,77
163,236
313,25,301
52,53
123,186
208,8,280
99,87
284,31
136,119,111
196,21
95,146,251
313,171
311,93,94
163,7
242,132
114,36,154,168
281,286,49
91,220
242,185
304,154,0
69,211
238,155,133
233,64
275,297
26,265,259
24,192
230,25
43,55,5
19,85,191
205,75,155,12
218,57
2,246,177
73,15
287,56,259
81,155
8,70
246,255
26,103,313
209,275
274,151,189
169,176
176,17
292,252
77,200,205
37,127,244
37,49,47
309,282,11,86
111,187,91
45,174
226,275
27,6
194,259,265
119,44,8
229,129
183,206
185,206,24
232,314
296,3
199,83
272,250
72,47
141,135,92
99,245,109
107,303
194,68
61,183
93,159
216,248,173
77,313
244,145
161,244
239,17,68,191
135,159
173,69
105,148,138
87,24
287,196
196,191
177,254
135,139
20,265
75,231
232,50
178,63,83
118,189
224,207
74,99
169,17,84,265
93,260
147,108
155,191,103
263,95
90,229
213,296
45,50,304
179,178
10,123
110,55
315,123
15,171
303,242
5,208
2,189
148,24
97,188
20,85,237
166,10
90,93
10,63,87,309
152,74,24
15,59
49,251
210,162
207,116,264
169,73
256,251,233
195,174,263
135,142
247,139
284,155,249
49,37,114
250,221
302,80
156,209
149,283
99,252
13,219
140,136
36,2
45,0
54,290
96,32
149,132,74
125,253
99,108
269,97
13,301
18,13
42,15,265
230,17,259
108,253,10
302,76,80
69,221
138,186
119,38
221,5,38
255,277,276
311,135,164
148,23
32,259
0,308
249,316
19,68
95,101
59,191,284
155,59
65,159
111,38
200,171
317,257
78,73,196
90,222
75,78
253,123
253,179
124,21
9,278
61,82,10
143,211,66
148,132
135,92
211,163
182,116,74
296,127
139,140
264,183
253,261
196,102
107,24,148
174,146
116,97
148,116
30,230,84
221,90
224,147
239,79
95,3
201,5
125,148
293,8
60,59
138,106,279
180,123
201,9
208,113
239,77
134,153
49,64,168
275,306
68,78,22,60
216,305
258,140
13,96
175,256
135,216
206,242
33,77,26
21,85
37,246
0,300
20,85
182,257
239,124
228,277,254
167,213
113,1
318,140
187,216
229,111
199,207
197,253
188,198,209
149,224
70,258
132,206
311,221
74,292,86
205,133
78,191
279,107
266,180
156,214,184
162,260
124,259
100,233
155,219
201,135
212,105
261,306
196,176
69,91,65
55,91
110,28
294,92,159
194,15
94,311
11,292
223,129
127,37,251,228
155,205
178,10
258,129,140
265,231,56
114,233,256
303,199
83,226,97
160,129
78,249
145,0
149,125
2,177,246
131,17,26
219,56,131
35,196
105,123
49,217
86,10,138
48,52
230,19
229,159,290
93,136
185,148
144,134
200,218
54,164,69,40
303,257,279
259,7
274,246
122,98
97,109
169,77
229,203,204
111,173
38,172
7,44,163,43
314,3
246,251,195
216,143
224,199,62
81,73
238,42
213,299
46,193
108,283
107,242
234,127,95
199,23
134,213,168
43,216,9
267,78
92,119
80,84
163,8,280
69,319,92
58,187,210
93,55,163
274,145
200,17
9,69
218,57
210,28
162,293
124,196
230,35,104
247,173
218,133,265
105,199
195,274
18,259
29,219
48,95
75,32
151,161
8,229
120,37
191,42
124,79
253,87,214
97,63
196,267
253,214
93,159,28
126,184,199,180,166
216,110
8,159
51,144
21,32
256,52,217
235,80
113,95
123,156
178,180
233,45
127,234
53,240,254
62,138
247,187,70
147,184
114,195
246,112
220,172
303,61
134,234
149,207
72,95
123,10,214
25,238,287
294,142
230,56
8,142,158
169,155
45,193
292,105,152
222,129
255,296
187,65
125,252
166,199
8,221
63,116
99,74
37,53,241
257,206,148
309,61
21,287
146,47
51,277
298,68
123,253,108
253,165
177,228
267,20,35
54,140
189,240,190
165,82
216,8
34,59
240,53,118
8,6
8,164
70,278,9
54,135
167,51,153
40,216,248,250
171,17,77
6,69
204,54
61,156
119,44,38
308,256,175
74,283,184
6,58
129,139,210
233,2
2,193
279,282
159,142,229
256,100
177,241
243,168,213
62,279
195,114
297,182,138
125,262
19,238
64,95
310,178
80,68
79,77
233,286
225,119
93,8,90,5
162,94
92,294
104,176
108,138
90,91,159
2,101,228
238,191
282,199
53,36,153
168,45,175
197,178
68,26,31
267,16,78
279,74
69,44
203,54
99,125,24
178,184,264
60,169
38,9
203,210
124,73
28,204,135
15,85,239
129,203
209,303
32,81,205,288
144,251
311,294
233,0
128,254
143,91
142,139
98,105,62
226,126,116
66,142
281,212,177
108,138,82
233,36
272,7
231,295,34
246,296
64,246
153,2,47
290,164
189,246,251
129,164,110
96,239,26
234,120
205,20,73
66,110
309,212,152
116,109,148
69,54,216
153,3
144,51
56,17,31
70,202
41,29
135,160
167,300
230,26,30
53,281
135,210
253,105
243,128
254,120,299,46
226,106
294,39
84,238
173,164
210,55
60,84
96,19
106,123,99
35,238,131
253,63,178
178,253
147,11
242,186
15,298,284
11,116
149,74
85,25
59,316
133,57
33,17,176
84,196,320
272,44
78,313
203,55
112,300,213
113,4
89,101
180,209
225,54
36,127,100
203,93
70,158
94,159,6
27,54
307,24
90,55
37,127,146
184,10
69,247
155,73
70,119
82,116
91,129
101,95,168,3
248,93
163,28,142
35,191,68
28,119,250
116,108
158,250
119,44
312,18
198,148
75,191
82,97
113,45
116,269
266,303
274,251
238,25
192,156
210,119,211
216,119,187
139,70,110
105,63,310
97,179
239,57,80
10,97,253
139,136
89,299
62,122,214
287,96
31,26
221,70,143
86,62,99
169,12
298,230,30
231,230
101,174
31,30
115,3
23,74,224
144,161
282,307
222,135
17,26
3,286
178,82,257
20,155
8,65
59,26
288,76,31
163,158
60,249
263,50,228
99,123,87
243,177,189
8,38,54
114,234
79,85
165,123,61
10,303
256,71
13,26
102,84
82,138
9,164
233,234
119,173
185,98,148
218,302
23,253
185,61
176,103,22,60
202,142
38,54,140
142,211,70,38
119,9
210,211
206,179,87
140,91,93
103,316,79
165,23
220,140,54
54,119,55,69
32,196,295
289,210
175,153
10,106
89,1
47,88,213
125,188,224
259,267
239,31
33,96,75
249,191
294,54
147,105,186,24
206,179
125,178
259,42
25,60
261,214
135,204
3,134,113
308,233
28,216
129,290,142
287,12
281,3
166,125
118,114
96,25
7,247,164
224,62,83
176,21,34,239
69,119,208
80,68
138,125
12,231
89,100
276,296
214,97
39,119
245,99
197,150
37,47
155,239
162,270
17,249
153,263
90,210,136
182,116
3,181
226,186
252,83
78,302,79,265
68,79
163,220,93
31,21
231,200
166,315
186,179
306,165
259,298
63,310
259,104
169,267
34,265
293,93
59,288
144,127
246,52
70,163
24,147,165
112,88
92,211,204
60,25
116,182
173,54
142,119
193,277
270,229
229,110
119,163
157,165
39,90
73,104
212,148,165
162,129
51,118,101
205,170,265
69,211
171,196
74,109,206
39,94
61,74
198,87
48,121
214,292
174,314
7,40
232,189
179,74,207
68,18
265,30,230
185,106,209
119,92
179,192
100,4,0
75,218
139,311
54,143
193,72
195,37
228,234
36,50
162,28,7
107,132
78,96
144,118
158,271,272,54
156,23
206,108,207
176,102
19,60
25,18,68
10,82
250,260
231,284
240,53,52
23,156
36,286
32,219
207,185
8,163
50,134,3
17,169
33,81
120,134
62,83
7,221
257,199
127,281,154
321,168,46
68,79
14,162
100,146
168,0
250,187
124,78
236,65,135
125,317
304,47
167,217
233,114
142,163
148,150
207,24
231,18
229,142,202
177,263
62,182
260,305
213,256
28,294
180,199,61
11,252
96,302,35
215,70
176,22
138,125,86,99
68,218
226,10
68,81,17
195,71
59,218
25,68
64,36,167
201,93
174,89,49
54,222
21,237
231,77
49,277
102,68,78
257,23,107
127,47
65,201
164,210
68,239,16
148,182,23
79,124,85,15
153,45
86,132,99
48,168
54,69
210,159
4,168
226,125
170,21
241,53
45,114
111,289
90,55
35,25
138,83
63,188
171,302
68,96
45,3,100
13,155
200,205,17
274,217
149,82
252,125
73,15
45,72
116,261
217,168
148,206
100,300,4
142,69
18,104
138,10
290,211
163,260
64,308,296
39,162
60,191,68
12,22
8,38,278,40
165,83
235,230
68,78,238
8,247
210,229
235,218
267,34
172,163,119
41,81
182,106
132,207
25,20
116,23
203,305
22,259
195,281
207,157,62
65,164,272
157,214
229,14
63,207
82,297
68,104
200,41,155
309,261,138
118,112,296
105,61
178,61
75,29
247,208
87,264
77,84,230
281,277,53
25,18
99,279
207,257,224
178,275
199,105,275
272,28
308,113,154,101
167,217
136,90
75,41
21,26
45,286,50
180,279,10
152,157
73,268
301,238
37,154
44,221
237,85
89,95
200,17,35
133,15
115,189,299
62,82,10
116,156,192
3,72
128,145,281
62,152
100,177
36,45
24,62
221,69,173
37,244
136,94
34,59
105,182
10,106
253,108,165
232,241
147,24
53,195
182,83
68,20
110,270
196,298
29,41
262,150,156
57,191
58,293,208
25,35,96
160,93
118,127
38,9
76,26,68
71,118
24,253
24,86,165
260,91
70,44
31,29
159,270,66,141
135,290
224,74
124,196
242,107
228,217
123,253,282
228,276
236,5,91
153,233,3
272,8,7
159,54
244,314
233,100
212,166,182
59,19
35,265
93,111
106,182
234,308
4,189
13,22
183,185,62
70,143
173,221,250
47,36
38,6
108,148,180
107,116
197,253
296,51
175,0,47
102,35,239
166,317
219,196
64,89,151
244,228
46,100,263
200,287
199,11
77,15
3,228
36,46
203,90
77,102
138,98,310
95,101
311,6
271,119
104,31
199,138
54,208,38
148,150
158,70,136
274,299
252,212
296,189
77,32
51,64,3
216,119
155,191
95,45
304,52,45
294,136
191,124,60,59
130,60
81,155
214,183
125,105,264
45,246
129,223
126,86
49,51
10,123,86
44,158,90
22,57,20
253,122
69,290,158
139,223
206,86
169,30
149,269
57,22,171
82,61
66,93,208
298,267
249,104,288,259
133,22
63,108,253
61,292
174,277,251
66,136,40
10,87
229,201,294
60,104,170
93,139
300,251
170,13
15,34
28,172
111,208,6
300,146
34,59
37,64
152,179,206
108,197
130,75
224,138,252
1,3
259,287
217,175
214,61
64,300,144
266,253
55,93,28
79,302
149,192
142,38,8
275,297,149
246,64,189
204,38
37,300,263
65,159
212,74
26,219
80,31,104
25,235,267
89,100
82,178,315
98,108
232,4,256
73,18
201,135
21,25
0,95
315,264,23
177,246
187,7,28
64,321,195
196,219,26
248,164
106,199
76,68
23,137,148
92,201,162
217,4
123,99
11,62,182
102,155
184,99,186,61
91,14,28
148,24,99
196,67
184,282
207,264
217,256
211,90
250,6
148,123
68,103,194
103,239
73,68,57
131,84
77,35
86,303,269
140,173
187,136
147,82
307,182
310,105,297
5,223,294
214,116
24,148,292
242,24,315
295,219
163,216,211
156,185
168,49,228
45,100,304
96,68
51,300
23,132
104,268
192,148,303
119,173
45,213
131,133
192,257,86
9,163
39,65
157,62
155,76
44,93
215,66
84,287,265
213,45
242,292,179
49,254
77,191
215,247
15,191,176
240,174
131,191
155,59
37,255
116,307
209,11,61
178,252,157
177,153
86,123
133,287
246,277
292,185
221,54
298,13
269,188
120,281
49,276,144,115
158,135
119,216,54
156,179
179,126
131,239,312
151,128
203,39,318
217,95,36
316,31
123,150
64,300
101,46
86,224
185,178
113,281
166,61
188,269,23
303,199
267,18
62,152
164,271
210,142
28,58
220,229,93,111
48,228
161,168,228
188,165,62,86
32,67,196
197,109
172,9
257,105
47,100,3
113,0
10,297,253
57,268
74,306
162,210
111,58,216
2,195
311,204
128,36,195
23,206,116
23,61
44,248
163,247
80,103
41,29
161,228,4
163,111
108,253
246,244
52,118
161,145
13,60
54,216
60,68,249
201,110
116,226
239,29
131,84
200,31,13,288
144,114,100
304,120
34,169
157,182,252
258,129
275,138
162,258
63,226,253
111,110,311
69,119
183,87
155,80,68
287,131,218
233,101
138,62,108,125
55,7
172,28,70
72,71,256
76,200
38,93
9,7,143
52,47
130,103,56
81,57
163,223
81,267
177,144,274
119,247
161,120
203,90
76,287
143,201
42,235
64,251,0
194,18
93,272
244,121
182,156
36,299,168
49,246
210,203,135
235,231
163,69
128,276
8,210,215
185,61,207
81,155
313,155
67,230
169,191,85
301,73,19,104
113,0
213,193
212,306
15,68
100,36,114
257,252
152,197
182,138,166
149,99
182,282
174,53
77,298,259
192,253
138,123
244,88
129,204
319,136
154,113
112,36
3,112
172,8
305,225
222,93
111,5,210
39,92
70,211
292,199
77,76
233,145
148,24
311,271
292,107,303
92,143
149,303
30,200
224,185,99
62,207,253,209
35,68,104
123,86
291,55
216,9
267,34
68,268,104
45,243,113
68,17
54,160
64,120
65,139,9
314,113
136,140
142,143
269,206
11,23
69,291
8,215,271,40
238,68
61,125,178,123
119,211
288,268,12
3,95,314
197,61,180
267,171,102
177,233,217,189
60,218,235
45,100
228,47,145
269,125,74
93,70,111
291,141,210
244,189
204,111
31,96
26,230
263,100,304
3,217,36
53,254
300,277
161,49
266,152
158,38
279,97
103,259,77
262,306
244,181,195
226,123
124,57
87,116,97
77,267
122,10,199
63,253
191,77
82,63
161,52
106,108
52,112
29,84
135,66
274,46
3,120
63,106
77,15,26
74,61
242,165
233,4,46
322,3
177,115,45
75,230
116,24,307
61,224
24,107
157,106
183,83,262
234,47
69,220
254,153
148,106
207,97
77,133,67
82,165
116,109,82,199
294,258,129
292,86,150
124,191
81,76,33
36,45
176,77
315,166
208,6,142
284,31
317,24,97
241,277
166,105
253,62
219,259
221,69
134,193
168,241
169,76,239
83,108,87
216,140,293
203,136,220
19,75
306,98
42,59
212,182,165
227,255
132,206
5,247,172
108,165,10
81,12
13,249
46,3,243
106,214,98
265,22,196
65,225,39
316,80,30
174,177
35,80
191,265
13,316,133
91,93
147,199
70,173,290
44,223
194,56
106,123
23,138
173,248
156,178
91,6
107,132
298,79
161,213
59,205
117,291,142
294,135
131,76
201,208,162
5,142,294
108,109
158,69
23,11
272,119
88,100
250,229
37,64
309,306
61,152,82
23,185
76,102
93,258
115,100
251,154
44,173,14
302,131
3,53,50,240
242,24,206
32,59,73
252,106,62
212,149,206
45,167,189
302,176
74,24,86
82,24,157
123,188
25,102
234,174,144
313,25,60
75,80,301
189,233
119,208
18,80
303,323
312,169,12
13,131
136,93
77,196
108,105
220,271
123,214
272,202
254,49,118
213,254,51
131,205
23,11
164,55,140
85,301,35
191,85
111,159
95,244
181,49
251,195
128,168
175,146
203,119
106,306
250,39,89
154,217,51
298,31
277,174
93,92
108,275
68,235,81
134,256,89
200,295,169
311,162,139
164,44
164,222
61,253
90,229
85,17
54,271,6
86,147,226
148,179,132
127,174
283,252
20,79,171
46,234
50,36,113,308
184,23,188
74,23,86,11
39,70,159
157,185,83
144,145
12,273,34
249,25,155
95,134
91,204
187,55
48,120
281,53,122
315,138
168,232,121,72
111,136
259,17,13
113,118
123,152
68,313,259
239,259
45,46,134
56,35
153,181,154
70,58
207,132
0,174,121,37
168,115,181
253,261
162,54
21,77
124,313
324,71,167
166,123
63,199
96,131,196
109,323
43,208
201,294
199,266,24
149,99
255,175
321,234,233
62,184
311,305
9,221
230,170,259
116,224
24,257
77,29
234,233
267,79,191,68
204,44
267,155,80
201,91,7
7,69,220,164
209,182
142,9,55
59,267
105,116,86
53,254
178,108
156,108
148,252
163,70
95,308
119,135
171,287
196,77
217,256
39,211,70
213,240
142,93
133,57
73,84,133
298,200
102,81,302
293,258
138,214
265,196
171,316
246,193
106,214
195,48
270,135
66,163
51,174
125,23
242,149
51,281,113
87,156
125,197,178
77,103,18
92,290
223,55
308,118
197,108,281
169,21
108,186,269
133,15
76,169
224,206,23
35,68
159,93
129,210
84,259
168,281
287,230
251,128
37,217,114
23,197,323
167,100
25,73
36,52
77,171
177,174
118,144
22,81,60
244,151
8,55
133,231
26,29
109,192
293,173
233,114
168,232
188,149
175,217
128,246
287,200,237,77
135,272
198,292,125
113,128
135,291
246,37,277
150,61
119,289,111
132,122,83
185,106,199
49,251
107,125,252
120,112,36
295,169
48,49,146
182,62,257
108,99
276,246
189,115,45
274,254
155,79,287
129,136,28
180,184
321,256
111,92
247,70
184,74
103,26,196
30,15
294,5
0,46
182,183,178
217,256
118,189
81,79
34,133,230
30,68,21
181,120
7,8
77,60,267
107,264
17,80
34,218
171,75
32,34,21
91,294
87,197
65,172
303,126,186
29,295
128,217
49,251
155,219
125,11,199,306
103,102,16
176,259
18,191,155
142,140
301,235
24,86
251,281,71
180,105
163,8
256,217
119,250
205,196
78,77
135,69,93
142,223
113,145,45
217,193
142,139
303,199
175,95
300,213
17,194
312,18
87,212
268,230
85,298
106,182
144,228
294,91
89,304
50,120
161,177
130,68,78
163,222,9
179,23
72,153
240,112
247,162,135
277,240
301,103
130,133
274,232
123,156
287,81
178,253
172,163
8,215
279,224,109
71,213,3
148,125,86,23
313,84,73
174,146
68,196
36,71
81,273
111,65
67,77,231
177,37,144
228,161
42,57,124
201,38
3,95
239,57,235
49,0,144
207,99
5,163
50,118
88,161
230,131
100,304
74,185,97
274,128
77,295
81,104,265
142,135,90
7,236
62,126
90,91
24,157
289,201
106,253,303
87,105,307
108,253
95,89
103,68
32,133,200
277,246,241
251,48
54,136
187,305
41,287
81,12
253,122,183
73,155,130
132,186
80,60
212,303
146,121
123,183,10
145,296,254
129,247,142
287,35,267,155
86,178
284,80,16
126,83
38,158
180,292,106
177,286
116,125
55,110,136
206,99,108
20,12
233,134
17,169
28,136,129
195,308,217
199,99,197
239,81
80,124
202,158
269,107
265,171
168,299,281
2,112
2,50,189
259,124
213,189
144,3
221,318,247
303,212
256,101
108,24,99
50,241
173,140,110
91,139,110
146,277
254,241,47
120,232
85,59
26,20
201,110,142
273,238,67
232,121
61,152
49,228
73,29
251,145,45
264,83
119,291
226,11
3,181
11,283
87,212
317,147
134,234,154
0,52,37
303,279
78,67,18
129,8,203,162
171,18,103
85,259
296,281
5,159
300,177
17,265
108,178
95,45
213,37
95,263,49
84,32
90,28,5
114,241
208,117
22,19
298,21
83,63
254,51
182,83
239,21
100,154
5,201
23,224
21,124,200,60
182,206
123,86,261
2,118
61,252,307
288,29
89,232,45
67,103,31,196,35
274,127
195,274
78,302
255,244
259,17
75,84,320
246,161
252,207
13,76
21,103,60
25,78
10,180,178
119,294,91
129,291,135
106,87
281,243,37
85,13
6,222
90,110
213,113
305,9
212,184
25,124
210,250
125,149,74
103,76
83,87,178
195,161,296
79,78
24,266
3,308,121,304
24,282
231,191
183,264
206,166
30,76
241,127
108,62,182
204,236
262,61
214,282,310
207,107
253,156
135,201
272,222
100,154
318,223
145,49
134,246,71
91,129,220
21,124,77
68,78
252,122
294,135
177,255,217
91,211
208,94
21,102
123,105
124,15
103,31
322,47
208,159
27,216
83,184
304,144
109,157
72,175
0,161
99,182,87,183
8,9
93,135
174,304
182,253
31,268
183,86,123
322,37,167
61,156
209,24
81,29
303,109,269
303,297,116
2,146
8,271
230,60,284
15,249
53,177,274,37
138,214
169,230
76,124,238
219,131
51,52,246
232,217
102,124
32,230,76
254,50
10,106,199
303,257
39,158,55
47,233,193
124,231
109,125,97
222,216
179,10
276,240
63,165,74
18,60,19
148,107,242
234,37
59,84
40,305
38,117
185,182
219,17
223,208
50,0,167
26,265
75,60,41
29,259,231
53,277
26,76
1,153,189
240,251
164,187
251,154
251,177,53,189
145,276
289,222
218,170
252,192,99
87,61
196,287
59,80
77,30
104,191,73
35,130
76,73
52,114,127
8,271
184,123
47,274
171,235
186,188
144,52
201,270
265,230
78,42
122,149
180,184
232,174
140,58
281,37
19,25
94,141
149,125
236,8
172,135
146,228
155,231,21
51,281
232,50,233
216,289
189,64
67,81
163,290,272
34,325,133
76,30,230
275,253,180
69,65
144,146,243
113,118
142,271,7
264,82
174,145
71,246,113
59,22
177,213,189
260,272,250
173,7
256,89,37
81,191,237
18,56,155
139,163,208
113,127
260,69
189,251
321,50,36
313,18,60
60,73
47,154
191,96
216,58
114,256,263
93,91,119
15,80,85
304,246,88
171,267
132,275,206
235,85
33,41,102
55,111,5
189,0
20,17
287,73,29
80,103
318,111
28,7
171,205
217,151
179,309
24,242
155,85
49,299
283,253
24,207,186
183,177
135,8
115,217,153
256,254
170,34
136,28,66
102,124
159,129
311,271
94,305,159
47,71
53,277
149,317
31,68
283,207
82,23
95,154
159,271
233,3
64,228
292,10
95,161
68,75
295,22,35
301,85
39,136
134,0
86,109,269
165,57
249,59
321,263
34,30,124,67
210,294,203
210,39,319
324,246
55,39,90
190,274
7,208
26,103
131,218
36,45
208,305,271
204,210,92
65,220
173,143,225
161,195
240,49,113
95,89
251,145
74,186
17,287
174,240
99,303
205,84,85
283,107,149
174,49
68,196
124,84
280,260,38
135,9
215,44
271,163
212,315
100,89
201,142,129
71,274,50
271,248,247
234,120,48
195,144
259,76
272,162
163,216
99,23,275
21,133,34
71,217
257,86
200,80,26
69,216,129
132,226
143,173,140
33,20
241,49
224,74,109
239,194,102
102,235
20,104
178,82
112,277,1
194,265
83,152
32,171
286,217
92,110
214,199,87
150,109,23
210,14
21,205,171
21,60
239,79
129,136,69,5
259,59
61,108
17,238
180,253
67,84
170,295
80,316
252,126
82,182
168,113
195,228,286
77,169
208,119
298,67
105,166,138
78,84
253,197
30,267,235
280,8,91
95,71
100,101
55,91
8,204,9
210,159
83,199
30,80
290,39,58
212,61
289,311,220
128,189
45,161
31,67,21
36,121
264,86
196,77
10,108
232,45,36
79,12
133,17
251,244
256,4
214,157
178,108
217,64
110,289
31,32
137,253,63
120,50,256
296,72,50
152,10
222,9
70,162
115,161
44,187
190,112,120
49,274
24,99
83,275
279,303
79,29
124,259
233,113
116,283
123,126
149,105
2,52
124,68
80,19
116,97,10
203,222
64,168
209,197
73,200
57,22
302,12
13,81
135,55
19,235,80
160,91
52,195
307,125
154,217
273,19
8,271,258
185,207
200,32,18,288
281,112,174,300
34,31
54,6
189,244
104,78
186,125
123,24
116,74
246,213,233
186,252
318,7,187
281,217,46
107,178
109,138
219,287,75
59,194
224,149
157,315
196,191,34
41,316,219
253,156
61,157
129,44
19,267,26
59,313,103
117,271,8
9,40
95,3
300,174
127,254,115
36,120,45
206,24
101,263
240,146,52
103,81,35,30
70,58
144,64
114,168,233
287,103
322,254,37
245,148,149
20,239,155
104,77
182,87
95,101
304,72
108,126
282,178
179,303
106,257
126,157
248,6,39
67,32
69,163
61,266,224
84,19
228,118,2
189,3,263
260,70
250,117
85,68
36,49,189
45,72
112,144,161
303,116,150
216,119
135,91
74,99
131,57
171,133
216,38
264,61,24
116,62,306
2,240
241,168
246,145
180,87
151,300
23,74,165,184
166,83,125,257
264,116
101,233
280,8,70
20,124,60,79
45,95
226,107
54,220
2,246,151
95,4,0
10,62,166
135,289
131,81
187,305
45,300,251
61,108
10,152,123,199
31,155,17
36,45
217,246
208,203
244,72,195
130,84
79,176,155
15,17
214,105
33,103,18
2,45
287,17,230
138,150
9,7
200,32
224,61
196,131,259
21,313
148,105
49,195,181
274,251
91,210
73,231,21
41,238
196,76
213,0
84,34,60
201,58
38,28
94,65
99,179,282
165,63
189,277
193,113,134
258,39,91
0,50
259,267
196,78
176,169,68
148,123
105,180
87,212,83,108
125,105,152
59,34
181,36
214,315,157
63,212,253
217,0
78,35
273,78
18,17
75,298
116,186
161,240
57,176,284
68,239
59,316
77,76
146,240
49,154,299
226,147
102,313,19
256,114
93,8,222
258,135
206,83,178
171,77
84,35,31
100,161
163,58
155,316
282,132,107
224,226
168,232
182,138
194,77
226,179,188
231,84
259,41,21
210,39
290,250
66,93
22,85,80
83,185
157,132,199
28,229,91
184,123,116
284,238
127,146
301,68,267
62,214
169,59,155
158,91
274,118
282,148
305,69
225,139,119
57,60,42
322,177
146,213
82,150
291,211
181,1,277
85,265
48,144
193,45
266,184
170,287,32
58,247
55,117
282,178
267,67
203,140,160
133,78
139,291
116,147
109,116
145,168
122,63
138,214
7,40
119,93
55,92,201
251,37
132,24,149
63,74,62
136,142
163,119
239,12
91,289
262,87
62,156
37,246
31,26
51,120
15,131
113,46
58,159
11,24
246,2
55,140
233,53
238,312
284,231
107,147
177,50
222,91,111
126,86
47,113
168,121
212,108
86,178
229,140,39
204,135
245,107
140,142
133,298
254,177,228
219,205,17
13,200
313,267
172,8
150,192
203,236
187,111,247
248,163
217,3
45,240,246
78,85
240,144
296,244,49,195
196,34
198,317
240,101
294,215,8
216,90
85,25,302
74,303
161,3
150,99
252,99
300,174
213,168
68,237
113,217
19,155
45,299,151
78,68
70,58
225,278
129,135,5
104,29
184,180
69,7,8
31,76,259
46,168
21,60
9,250
303,137,206
305,39,93
161,127,217
155,268
204,40
63,61,275
69,164
305,94,119
124,18
36,217
125,149,303
116,86,185
111,159
45,4,71
118,241,88
166,62
303,62,106
157,150
84,75
84,133
32,313,130
73,237,29
100,36,251
277,2
9,7
9,58
165,212
166,106
76,103
18,12
41,302,131
118,276,115
39,91,136
169,200
222,38
156,109,264
201,210,38
86,292
23,310,292
287,194,29
164,91,204
271,8,203
264,157
3,277,4
240,49
115,255
209,23,186
265,34
202,159
0,281
124,81,196
235,78,80
180,178
44,8
171,265,287
217,46
277,144
240,193,72
11,108,206
142,38,93
277,37,195
230,20,57
68,73,78
294,69,54
232,101
219,102
181,213
123,24
77,32
61,156
48,53
133,31
286,217
168,0
124,80,59,79
303,150
19,18
155,30,35
61,152,292,242
147,74
196,81
49,154
301,284
267,133,17
180,186
76,230,21
125,148,23
127,121
265,26,230
125,24,99
62,82
210,44,229
290,44
123,62,10
146,37
111,294,91
268,57
62,252,105
304,181
101,134
164,211,70
154,95
60,131,85
10,87
175,232
128,240
281,37
257,184,182
76,205
217,46
142,139,65,129
287,56
216,119
35,59,237
78,25
144,168
256,114,47
238,79
168,36
264,137
23,149,109
88,277
231,21,218
302,133,313
25,235,35
192,125
171,104,57
191,60
23,269,279
80,68
196,77
90,220,258
28,203
222,70,40,28
83,61
84,139,12
228,100
182,61
135,110
60,59
235,78
149,87,245,224
105,207,87
183,138
38,14
261,303
233,114
73,68
212,315
84,196
228,145
51,49,120
203,201
321,101
52,146
171,84
275,63
284,68
70,159
177,227
250,58
67,31
105,138
3,256,167
193,263
135,203
217,47
159,66
176,68,326
23,257,11
195,0,232
182,63,197
131,265,102
7,50
77,15
125,182
145,120
95,217,100
163,221
101,48
109,226
205,13
90,158
93,129,6,5
158,248
254,274
95,118,113
142,8
25,21
136,270
113,53,45
199,182
81,301,59
4,114
30,31,133
216,69
120,50,46,217
17,80,287
155,76
233,114
188,178,74
219,259
7,69,163
290,211
125,262
51,161
19,31
244,189
206,24
156,123
185,307
215,216
294,201
37,118,251
116,62,99
148,184
106,108,10
73,235
18,191
273,78
214,87,309
106,182
300,244,240
0,113
79,218
269,149
239,22
263,134
27,119
216,6,223
32,172,84
86,252
25,191,33
163,280
267,59,26
263,37
237,205
239,84,22
227,151
230,31
140,5,9
227,47,118,4
148,63,132
49,244,274
278,289,172
23,86,224
61,166
128,286
12,73
204,158
54,290
31,239
19,85,35,191
277,36,127
110,91
153,4
237,79,191
169,230
32,17,155
136,69
80,41
149,184
137,74,188
259,268
83,138
99,148,125,86
113,251,154
193,234
154,281
145,181
203,211,91
79,155
184,87
33,68
74,166
111,160
74,62
191,80
47,36
23,303
299,45
203,119,58
124,191
179,116
116,165
256,175
202,129,208
85,313
15,295,235
157,138,214
115,240,146
34,301
315,74
177,37,281
312,155
325,21
15,103,196
93,135,55
210,136,91
92,142
255,3
20,133
116,303
110,139
267,104
133,104
234,72
76,75
78,57
28,110
1,0
113,281
177,37,321
154,113,112
213,36
254,190
263,3,51
108,105
106,257,307
99,279
151,233
52,3
45,263,177
230,235
93,27
49,233,51
59,32,77
246,144,53
221,271
79,249
121,3,120
153,45
275,62
299,251
125,257,116
131,76,267,231
290,44
63,262
133,200
111,216,210
68,104
179,24
136,159
83,138
62,116
22,80
242,24
216,135,129
60,32
133,77,230
221,211
181,308
187,139
191,78
221,8,159
116,74,184
75,219
167,277
62,245
21,80,259
301,33,288
260,119
113,88
65,136
59,80,301,12
111,55
277,228
45,232
132,257
0,233
18,235
172,111
44,248
30,171
140,222
234,45
267,29,73,31
18,124
267,18,249
101,113
85,194
196,259
218,31,20,239
39,201
289,129,38
145,49
47,49
18,60
225,187
57,235,155
224,138,106
115,286,153
216,8,38
122,138
55,70,210
196,230
76,15,265
174,189
244,113,36
26,75
189,177,37
116,125
59,21
128,161
212,152,261
299,47,233
24,252
25,124,20
177,300
254,167
193,174
47,49
288,130
207,62
169,25
81,67,288
257,132
91,294
3,47
200,60
9,44
37,240
232,168,193
85,131,171
259,219
37,145
270,8
211,119
4,154
78,102
83,99,188
58,43
74,126
258,38
29,84
32,171
30,59
256,71
23,207
287,218
13,171,200
99,245
103,191,21
17,29,18,20
294,110
316,68
296,114,71
323,315
58,222,40
71,113
110,9
146,144,213
267,301
84,200
184,279
129,142
72,233
255,45
237,81
177,50,113
263,240,120
113,45,189,71
181,47
54,163,225
139,40,216
251,300
107,86
47,167
68,230
9,221
54,164
194,56,196
250,142
237,60
315,11
230,17,133
76,196,169
254,53
138,179
314,227
28,7
93,164,54
97,147
228,277,2,53
168,246
200,124
15,26
110,158
83,138,108
309,147,257
112,134
86,138
58,159,28
93,54
150,74
159,8,70
307,192
59,80
135,54
195,154,256
275,197
79,103,15
75,200
30,20
164,258,210
14,129,211
6,290
308,233,113
183,116
36,144
123,197
0,190
235,191,20
17,196
75,103,81
193,118
126,275
213,299
231,32
50,240
97,23,150
31,196,68
297,166
153,134
275,123
0,47,153
93,91,111
256,72
90,93
190,47,217
105,83
54,204
127,255
64,46
259,31,12
135,7
23,24,297
15,191
232,213,168
41,102
248,305,69
157,156
120,168
162,280
167,255
302,68,79
102,77
58,119
91,38
119,9,5
265,235
103,32
60,80
303,186
114,18
29,56
150,253
204,136
98,138
269,82
196,31,60,84
135,119
203,159
290,119
158,38
97,198
199,166
84,17
81,85,268
113,115
65,158,90
91,110
34,219,169
112,49
308,134,36
93,110
203,187
145,300,49,281
47,3,45
45,4
143,225
50,95
281,246
178,179
238,191,265
54,40
0,286
124,85
48,243
130,76,265
229,38
210,66,142
234,213
56,26,200
221,142
174,114
157,23,11
15,259
246,120
138,83,82
303,179,74
217,46
182,306
19,77,68
153,89,274
249,102
143,6,70
93,7,222
230,75
253,315
313,85
142,201
302,235,298
186,292
31,34,76
220,136
89,267
254,95,3
267,30
236,90,210
293,290,220
36,263,0
78,96
189,53
277,177
68,104,171
58,160
309,156,182
265,155
112,246
133,196,155
63,264
114,153
93,5
36,246
25,102,81
81,18
81,33,75
4,190
232,50,233
302,42
93,111,159
304,234
230,169
321,146,118
238,19
70,7
9,158,119
200,29
307,303
13,230
265,230
190,177
21,231
45,154,217
239,79
233,153
114,45
217,121
313,60
23,214
191,284
68,238
45,168
298,155
163,278,69
18,316
246,144
143,111
146,37
119,70
217,115
91,204
277,195
17,124,259
11,303
242,116,109
84,155
8,136,142
48,213
159,129
81,85,16
184,282
230,12
208,70,260
38,247
168,154
192,197
90,294
76,32
273,155
28,272
121,193
171,194,131
271,129,70
212,214
251,254
4,161
41,26
15,13,77
217,114,37
173,142
39,159,139
178,212,82
94,210
108,262,62
55,208,91
32,19
189,48,322
60,155
11,226
7,24,124
200,31
10,23
311,92
103,20
37,52
303,148,109
250,163
93,290
79,18
88,37,145
0,128,255
56,191
173,289
130,267,17
280,142
305,260
267,68
92,39
98,306
204,290
69,66,272
100,234
157,156,198
195,45
217,114
15,196
218,60,133
160,119
185,125
308,100
232,115,36
244,243
239,18
289,6,202
99,98
192,257
237,131,171
308,286
176,15
257,242
309,178
44,211
165,63
203,90
257,206
109,24
287,29
1,304
83,282
295,169,34
84,13,32
15,298,34
199,98
73,191
78,29
132,74
30,76
184,186
270,8
46,177
308,120
12,85
259,273,96
104,20
203,38,70
12,78,18
264,105
282,62
82,108
100,300
18,238
252,257
15,34
97,165
233,72
246,277
249,102
68,312
68,16
48,324
22,73
259,200
138,86,108
212,253
315,149
62,61
212,108
68,25
152,87
305,216
252,317,87
213,47,233
184,182
129,201
78,239
31,84,230
233,0
246,145,227
216,8
100,299
83,264
148,23
142,160
70,54,119
179,148
146,144,48
315,214
166,199
28,9
269,138
175,101,3,167
23,178
28,159
57,78
258,14,69
104,205
239,20
50,134
122,61
57,235
110,201
172,5
234,50
125,152
197,264
201,55
217,168
298,32,200
175,113
176,302,42
239,59
154,37
86,74,185
201,140
254,174,251
166,148,275
119,70,260
0,49
63,178
314,255,50,52
110,162
162,272
107,126
163,202
129,119,135
170,17,196
103,273,235
29,75
1,113
228,50
135,140
251,3
34,133
193,256
123,179
82,138
172,17
148,224
311,129
85,30
13,30
114,177,300
175,47
114,246
80,191,171
85,96
200,287
251,181,174
92,250,55
68,56
294,91
40,139
128,241,277
165,292,126,10
23,257
279,186
207,224
10,106
300,304
137,138
220,70
259,18,267
256,168,227
66,5
142,90,94
45,241
100,101
44,110
77,196
106,61
151,144
308,120
262,123,166
134,37
240,314
174,101
100,95
66,92,319
51,146
20,302,15
37,168
295,171
135,311,129
303,226
49,276,144
301,31,20
57,68
83,156
206,24
267,239
224,125,86
179,188,306
101,95
8,208
53,48,168
133,218
282,109
172,54,136
31,68
50,36,233
18,284
15,26
25,59
197,182,106
176,35,41,103
172,58,119
191,77
104,57
197,148
301,79
118,89,154
104,57,19
140,5
207,275
59,33
253,61,166
95,3
21,34
238,68
316,78
220,223
138,83,199
9,290
138,123
267,59
41,230
232,47
114,232,101
125,107,132
197,108
49,189
142,135
321,144,112
205,60
60,57
257,86,74
120,232
175,177
135,40
92,201,65,142
216,290
265,15
263,251
296,47
184,23
264,86
211,119
62,269,138
120,89
69,8
91,66
100,246
93,258
88,115
6,215
23,74,165
303,83,125
286,146
154,304
140,223
9,163
10,214
20,84
31,131
68,25
199,253,262
123,264
221,225
119,54
30,32
77,76
89,134
190,181
217,48,89
267,34
38,70
56,230
203,229,93
58,40
55,215
37,118
238,67,57
112,251,228
135,223,258
199,82
205,20
3,217
74,180,182
159,8
169,77,259
283,109,150
243,300
114,95
317,186
20,238
46,71
272,135
274,217,50
57,267
53,274
189,254
144,151,241
292,74
253,62
310,214
299,115,181,120
103,171,219
196,171,265
158,119
230,68,78
36,234
161,189,49
5,294,159
89,276
80,200
3,95
292,82
202,69
146,120
144,228
296,153
5,91
8,38
206,165
159,289
16,295
138,253
256,3
55,222
264,11
107,206
225,54
36,47,120,101
41,85
289,129
1,181,144
207,186,99
206,109,24
130,31
240,4,167
265,302
259,12
188,86,166
9,7,38
287,131,80
45,2
113,251,50
7,69
79,60
206,307
40,54,94
22,96
265,171
157,309
69,119
196,29,230
105,63
204,55
108,106
20,96
165,126
124,191
277,195,47
110,248
28,129
69,38
23,317
125,198,126
3,193
8,272
78,19,81
34,133
149,226
154,193,217
49,37,1,304
91,236,139
124,231
281,145
86,125
68,298
219,19,80
251,177
243,240
239,231
77,78
214,82
68,78
133,131,169
204,93
52,195
7,290,202
93,54
103,124,59
130,230,76
72,50
29,205,77
238,176
101,256
87,179
123,108,310
4,168
22,12
32,205,171
43,142
244,189
111,90
305,8
5,69,117,139
136,38
195,213,144
38,221
59,302
64,195
176,268,57
158,119
63,307
123,192
205,302
164,55,222
279,303
135,14
119,69
21,60
90,39,9
77,17
217,308
268,59
74,279
57,59,25
214,310,257
156,182,105
147,206,86
37,112,36
222,272
138,252
254,174
181,113
133,17
169,13
262,63
203,136
83,24,292
87,97
169,73,57
81,191,79
77,171
103,155
163,201
71,45
163,158
123,206
287,298,84
206,152
322,300
107,282
135,43
228,246,127
144,274
121,314
89,4
292,98
140,319
130,25,59
83,123
23,282,178
302,60,301
224,186
120,114
50,2
246,241,46
85,78,268
184,224,166
39,55
97,183
233,213
116,86,24
76,194,26
105,74
177,217
103,78,25
179,150,307,212
158,173
265,30
49,112
184,125
177,100
103,85
95,72
230,78
117,187
217,114
250,119,7
55,110,159,173
65,201
62,99
186,99
96,15
301,237,124
292,74,178
24,261
31,21
158,290
2,49
240,146
205,57
221,69,136
260,271
199,212
249,191
119,220
65,111
231,29
182,282
217,95,45
263,118
15,29
16,124,176
20,295
159,221,38
204,90
39,90
207,23,149
36,100
79,57
39,142,6
149,11
225,222,27,247
233,120
80,85,79
28,290
116,87
101,37,195
76,57
164,208
192,188
150,147
67,19
128,213
226,105
90,136
79,59
68,102
177,113
86,147
247,92,135
118,189
213,113
19,191
108,185
162,139,14
81,284
309,108,123
47,154
224,11
105,74
45,246
18,85
20,77
305,70
213,190
294,289
74,23
136,204
35,25
230,169
145,49,255
45,181
23,116
4,154
97,303,23
63,306
210,225,54,55
16,21,124
130,302
54,139,69
49,114
149,74
284,21,131
119,187
255,274
2,154
81,25,18
235,21
293,163,260
35,59
201,66
265,30,21
19,273,13
57,130
268,103,13,169
193,4
217,153,113
70,247,143,173
82,180
80,30,13
61,108,62
84,169,21
36,300
256,308
145,243,174
136,58
5,135
225,119
240,233
186,307
24,150
150,11
171,29
21,77
15,56
312,259
308,47,2
166,83
184,108,183
250,6
166,157
118,72
290,69
253,297
264,157
267,194
199,157
69,44
268,124
80,218
123,137
214,126
205,59
168,3
163,173
59,68
164,143,163
111,5
93,54
83,147,62
234,189,89
7,221
172,9,221
20,60,68
247,163,54
87,106
119,8
61,199
18,15
195,49
167,234
83,178
54,7
69,305,158
233,134
75,287
110,271
68,85
294,90
273,29
244,189
25,124
8,136
159,92
127,52,2,49
267,77
314,95
277,145
210,70
49,251
146,50
163,117
99,109
88,190
325,60,238
206,11,166
287,301
120,233,114
250,139,91
147,184
254,177
145,144
187,164,318
46,72
226,303
247,54
266,179
122,106,253
196,230
180,63
86,282
113,36
181,168
99,63,198
172,216
82,83
23,116
231,15
221,211,70
3,181,36
162,91
26,200
77,287
154,52
112,251
62,212
160,54
294,55
268,18
193,154
300,121,190
28,201
129,203
220,135
291,216
80,230
220,159,139
309,165
150,182
113,154,168
161,256
25,29
146,36
135,160,291
83,257
20,15
24,63
222,38
125,212
158,221
96,316,313
106,23
18,238
115,101
238,77
107,109,116,207
218,56
197,212
7,142
236,39,93
64,127
136,38
156,182
254,300,144
105,180
41,133
102,68,96
12,78
75,78,76
216,28
26,218
196,42
305,225
154,189
148,149
37,296
311,69
34,239
287,18,230
8,58
130,29
86,242
26,273,265
161,177
136,28
174,251
163,260
25,124
303,147,317
281,175
101,217
212,148,138
118,244
308,256
149,266
54,44,8
205,171
239,237
246,36
76,35
240,246
303,97
85,59
2,263,53,45
225,163,203
19,18
72,120
14,142
147,126
230,34
202,162,9
164,69
54,280
0,47,89
149,257
96,155,26
290,135
81,20
224,307,226
155,35,124
159,91
59,18
113,1
17,68
89,50,144
50,37
13,75
36,51
196,219
292,279
128,52,300
16,85,19
230,133
185,122
215,54,38
24,86
214,82
68,238
217,175
37,217
51,127,161
240,2,286
147,185
38,27
93,14
153,217
237,79,155,68,196
63,61
251,175
76,231,265,32
211,119,293
231,219
221,38
102,20,267
124,155
150,149
107,224,23
103,235
95,121
58,172,143
39,5,250
50,95,45,112,3
140,8,38
322,95
109,252,74
50,144
169,81
161,113
222,44
215,247
214,125,83
303,74
75,15
10,138,105
100,256
236,93,91
164,158
154,233
182,264,156
310,165
249,32
19,60
135,140
9,272
6,117
161,53,254
232,154
124,301
97,275
232,52
224,116
287,80,57
136,70,111
152,61,315
12,20
15,76
54,293
69,159
133,26
57,60
8,38
144,322,246
185,98,99
38,7
322,120
100,234
77,84
113,144
10,199
262,116,62
246,296
31,76,78
94,258
50,101,72
3,46
181,308
26,218,230
213,113
18,301,68
236,39
129,204
191,75
299,232
101,45
40,7,54
62,206
23,253,315
102,287,34
193,121
24,283
247,173
84,77,31
17,76
20,235
303,209
206,149,264
196,191,78
150,125,180
230,68
135,290
203,201,221,173
256,217
224,303,116
30,21
144,168
105,147,61
267,68,12
29,17
99,306
201,247
67,171
168,127
24,74
255,181
41,230,130
241,168
111,65
45,95,195
62,83
116,253
38,216,290
248,142
20,34
48,300,127,146
222,187,318
68,238,25
253,123,147
120,243,100
44,222
134,175
305,7,8
37,300
155,60
275,214
113,308
152,108
47,174
84,169,171
149,279
177,50
75,235
75,26,12
207,152
228,151
124,76
54,43
98,62,61
148,152
88,0,254
205,238,131
164,8
207,150,264
68,239
155,231,19
188,86,24,323
224,226
77,259
18,130
126,149,206
100,167
21,77,155
5,55
21,131
213,246
93,135
291,93
18,79
201,203
291,258
254,255
129,162
300,49
98,315
49,153,3
196,68
33,68
221,164,187,69
180,303,297,10
58,208
292,23
127,51
246,146,71
222,208,40
195,45
186,148
113,233
63,156
214,262
275,11
285,242
96,78,288
96,29
276,3
216,54
235,237,60
154,71,308
10,269
138,148
222,236
258,129,70
34,78
120,71,50
68,219,130
20,35
116,257
59,21,295
84,133,13
267,200
123,83,261
254,233,47
24,317
65,111
216,260
168,255,134
149,132
164,204
21,84,200
40,208,70,216
134,234
316,102,68,191
68,78
139,129,135
45,101
140,258,291
52,189,154
123,157
99,252,148
97,206
108,62
3,112
240,49
60,80,57
85,57,73
164,27,90,93
116,257
311,210
82,63
276,161
260,164,272
177,146
112,276
81,313
215,173
8,38
37,177
199,253
210,7,216
46,3
123,87
163,54
80,20,75
38,143,289
137,116
57,267
26,133
24,62
119,27,187
80,73
264,86
0,168
142,69,258
60,41,20,84
2,246,120
66,93,92
0,284
84,76
183,138
82,157
13,287
80,32
62,214
168,45,161
24,182
196,29
85,268
246,213,161
266,156
49,174,37
16,60
138,106
60,41
187,111,28,119
154,168
200,19
120,113
216,7,117
253,177
10,107
231,60,131
41,205,29
278,93
158,129
71,308
203,70
77,31,298
180,63
186,178,307
155,302
259,298
113,51
37,304
63,182
163,119
169,21
74,122,207,182
42,196
207,125
219,17
148,165
110,201,5
183,182,147
156,87,315
193,304
13,41,25
68,249,133
95,299
86,109,74
146,195
81,20,191
134,255
239,238,20,124,79
60,77
292,279,207
145,0,50
154,232
3,4,251
156,138
109,206
108,123
103,249
15,76
321,64
127,233
208,221
241,50,112
169,85
26,131,205
33,155
19,171
99,303,82
197,24,192
306,74
70,8
80,22
35,176
81,18
230,57
158,260
149,23
39,158,119
38,272
32,196,81
85,103
21,26
179,74
311,129
78,18
128,2
148,11,186
38,187
57,104
71,233,0,232
104,103
239,155
221,69
277,45,50
116,285
205,26
93,258
144,276,241
12,78,19
12,81,34
91,93,210
30,78
111,291,136
149,257
190,217,232
197,108
138,166
114,4
323,147
8,216,250
154,174
241,144
230,235
86,157
253,281
189,244
87,62
49,2,145
196,75
60,34
107,109
134,255
16,31
220,159,66
28,117,129
7,38
9,290
52,274
24,99
119,216
290,8
235,249
39,204
161,49
251,144
135,7,163
175,45
265,59
44,65
147,197
10,207
197,61
181,52
37,48
17,230
109,98
18,233,120
117,38
106,253
47,4,45
149,138
36,308
315,24
220,289
157,214
57,68
135,319
187,8
142,204
272,94,158
113,47,53,154
219,313
162,289
259,84
1,190
230,16
168,37
121,113
152,182
161,37,51
2,0
187,164,250,7
122,82
181,46
138,109
150,11
303,257
19,60
246,2
178,152
292,116
25,200
217,121
166,275
59,68,18
182,279
271,39
76,194,265
191,32
240,274
55,201,90
60,235,96,124
288,18
127,88
265,13
173,6
95,47,251
59,239
0,45
78,22
272,221
61,306
120,167
242,61,99
14,40
39,14
167,72
315,197,277
90,222
113,274
187,6,272
233,228
107,257
105,264,214
204,143
135,172
201,142,289,93
31,326
269,61,245
18,78
201,159
96,155
239,237,32,268
173,210
15,230,155
190,114
124,284
154,145
153,134
239,316,22
10,166,123
36,151
230,265
0,263
289,187
49,189,95
214,188
125,63
224,11
229,139,90
46,100,246
24,116,11
149,108,157
84,29
245,148
175,51,300
63,23
230,259
119,172
69,142
65,5,91
138,253,63,83
213,217
89,121,233
111,28
224,252,87,303
83,224
131,238
56,313
260,44
4,189
125,165
230,75
303,24
63,279
299,246
78,155
28,221
101,146
206,186
268,301
99,107
169,131
31,96
133,34
113,154,112
174,112
87,86
283,184
169,84,76
265,205,218
191,13
123,264,179
16,34
73,81
33,239
145,233,52
85,42
178,186,24
93,28
262,275
121,324
104,238
214,123,105
266,275
279,74,292
21,79,85
317,180
159,222
167,300,277
187,6
140,69
73,259
224,226
70,258
100,114,45
4,113
80,73,59
294,223
135,66
125,147
229,159
104,22
103,80
210,111
173,135
101,3,100
255,195
78,12,176
29,21
178,105
175,45
38,69
65,163
278,216,163
30,60
142,8,110
204,28
161,37
181,89
119,291
65,271
48,49
86,148,179
10,212,150
165,152,83
213,189,50
37,251
34,103
76,169
223,203
159,216,66
308,177
203,28
244,100,45
145,101
204,135,5
93,159,54,58
139,70
135,91
196,191
227,145,240
178,252
106,253
34,79,41
17,78
85,78
156,199,138
48,177
243,177,255
191,133
148,166
20,96
46,100
3,64
185,108
247,291
36,314
110,119,8,91
60,77
115,217
15,103,68
116,87
210,135
68,191
204,28
303,207,23
23,192
231,230
61,198
263,241
102,31,313
204,290,229
256,217,113
49,127
24,149
147,303,106
114,154
90,54
107,109,23
214,87
73,85,155
180,245
72,45,217
9,91
24,292,99
239,80,18
65,159,162
231,237
61,62
267,68
99,179,107
93,119
2,161,255,299
86,183,224
131,259,67
33,235
175,45,276
249,191
67,239,205
131,267,60
17,259
266,178
258,28
122,10
54,6
97,107
51,274,300
146,241,144
87,123
185,99,106
108,180
316,268,78
47,113,48
167,114
155,20
225,129
199,185,282,183
57,200
146,246
28,58,5
30,259
199,74
279,134
243,114,64
108,166,306
40,271,58
15,130,84
231,80,25
157,167
233,168
54,8
57,32,326
149,257
47,46,181,232
133,16,25
120,277
189,48
32,131,205
20,79
8,215
84,102
230,287
255,277
9,211
165,62
37,233
135,136
24,125
10,266
292,212
174,47
131,41
261,297,178,123
233,118
281,193,51
214,122
137,24
305,117
23,182
92,93
43,311
90,136
208,173,69
213,151
244,88
239,68,35
268,301,73
60,79
47,243,189
246,146
250,44
90,159
246,255
255,246
11,116,106
315,123,178
217,100
225,201
155,191
3,71
168,89,145
161,88
163,8,164
61,10
107,183
18,313,17
67,287
247,225,8
116,224,23
244,240,49,48
240,144
51,144
36,227
297,292,147,214
227,151
196,171
179,122
75,284,31
142,211
82,199
178,180
100,120,232
318,187
123,253
294,290
39,142,248
21,20,200
8,220
221,260
246,233
315,62
251,281
221,142
105,197
308,114
187,247,5
184,317
267,104
128,146
276,246,37
79,273,35
247,44,290
252,63,86
189,127,217
175,274
106,107
21,77
12,59
123,105
253,108,105
95,50
206,107
143,129,208
75,155,60,96,218
64,37,227
234,232,114
246,53
231,259
32,200,26
13,194,34
189,146
116,109
257,206,303
151,243
118,146,177
201,43
159,311
39,38,27
99,123
206,123,165
97,116
169,194,32
134,232
167,50,153
116,86,269
246,277
117,211
79,80
60,80
234,151
23,183
135,91
194,230
178,122
214,122
92,225
133,194
46,45
216,111
310,150
178,98,199
22,267,79
54,280,187,143
100,101
47,49
179,107
28,55
252,99
265,13,259
55,139
136,66
199,279,185
107,97,156
59,155
230,34,133
165,10,182
95,113
216,91
103,17
74,165
87,277
131,19,124
212,182
56,230,265
259,316,32
18,80,288
135,93
247,93
32,59
196,249
38,260
83,86,108
125,186
232,46
110,5,220
235,59,20
94,111
216,69,158
259,22
298,237
175,193
24,292
253,182,24,269
57,265,73
34,80
87,253
196,17
183,182
15,60
46,36,118
134,72
75,169
260,247
71,50
54,221,6
45,167
23,317
0,234
9,38
185,24
124,200
37,49
63,178
108,303
0,36
176,313
109,97,207
54,222
90,136,93
8,164
47,189
39,135
200,41
125,252
91,162,135
218,32
138,307
104,133
169,31
46,251
167,217,113
124,68
146,193,145
319,94,90
40,278
277,37
30,239
41,239,298,103
52,100
57,268
287,259,131
281,144
248,7,54,216
105,87
299,168,120
251,189,234
76,12
171,273
144,246
148,165,178,24
83,166,106
244,49
200,35
204,6
228,195
28,225,70
18,68,267
303,116
128,277,296
168,308
49,240
136,93
138,125,275
1,153
127,217
77,68,124
283,192
267,268,20
49,213,181
209,116,107
301,316,200,29
117,69
57,18
164,143
26,60
206,226
132,86
246,134,296
37,2
187,318,119
152,292,138
49,2,145
135,139
232,95
9,250
220,5,258
70,260
36,181
82,10
73,316
239,79,81
49,233,217
152,82,61
313,133
34,16
85,103
233,217
82,63
35,41
19,73
224,23,123
8,311,39,216
251,0,115,46
109,188,99,148
199,23
168,161
112,146,3
216,7
197,182
105,147
90,210
194,200
171,295
159,229
156,166
302,85,155
232,240
36,1
250,216
37,251
294,90
97,224,74
40,9
215,69,6
61,62
22,18
76,104,268
224,185,116
211,70
98,106
144,299
282,61
88,177
287,59
223,129
61,23,24
119,202
294,93,203
149,137
43,38,290
52,190
99,148
29,26,77
224,10
131,155
100,4
316,77,31
6,187
300,195,37,101
55,136,139
63,87
77,176,13
129,142
204,203
237,124,85
213,114
173,93
15,32
11,63,192
256,217
159,173
119,211
118,296,37
36,168
138,61,224
262,125,109
15,67
146,52
47,213,89
189,49
257,99
101,89,175
157,86,82
129,140
138,183
163,210
238,313
132,86
110,93,91
91,204,258
247,159
123,138
279,156
246,45
230,18
224,61,62
163,291
322,296,274
228,112,274
217,246
141,305,70
131,34
252,156
224,206
155,237,59
61,198
177,120
60,12,68
233,36
146,100
61,152,266
49,95
13,200
232,114
258,172,222
114,234
232,100
289,142,135
114,190
202,14
156,150
111,55
45,308
3,114
161,2
74,242,126
177,115
26,230,15
31,231
50,52
317,209
293,117,135
11,23
149,180,123
191,78
9,204
175,234
311,28,111
303,186
69,211,172
167,277
177,52
231,79
54,129
15,124
36,251,114
244,52
214,282,156
68,85
244,128
226,149,317
271,8,221
166,262
114,45
158,204
125,307
208,55,111
54,93
99,224
230,17
152,214
26,25
47,193
263,113,120
89,193
85,76,237
155,16,287
63,108
104,103
190,128,52
93,110
183,242
9,135
267,26
236,139
118,243,2
277,246
31,176
158,159
117,69
148,132
69,39
13,131,200
217,36
71,189,2
59,85,238
146,115
36,277,64
236,305
90,142
274,189
25,59
104,316
271,54,9,135
187,225
184,87,108,183
156,123
142,65
172,142
195,244
192,303
214,105
101,175
74,125
173,159
5,158,91
261,186
69,119
264,108
129,158,9
100,246
64,228,144
239,85
147,99
76,316
233,100
142,91,8
46,114
214,10
86,303
70,216,210
174,154
161,49
39,172
12,80
193,120
58,211
225,210
22,103,17,104
60,31
138,199,253
117,43,8
30,12
283,279
26,196,78
43,9
203,142,111
279,74
177,51
265,231
109,24,307
67,200
246,195
256,89
286,128,233
150,303
172,248
250,70
301,267
119,163,164
13,56
257,105
20,205
86,24
49,213
44,119,202
175,256
307,62
45,100
93,14
109,178
138,109
280,221
184,185
221,293,7
239,77,133
29,155,169
193,251
93,54
123,183
91,93
145,36
294,223
98,214
112,274
79,239
114,256
284,313
37,195,228
204,280,54
225,236
283,74
5,135
218,301,169
269,147
2,52,145
140,28,9
172,222,139
92,94
51,128
272,211
68,153
281,153
155,219
18,102
44,160
211,7
233,18
235,302
82,306
318,54
29,76
225,40
2,120
152,310
265,26
176,235
210,135
294,54
151,240
175,118
147,166,209
284,287
85,77,17
40,70
126,138
47,48
37,113
195,246
290,271,140,91
204,117,225
60,176
265,32,68
116,184
159,135,158
83,206
125,86,252
100,233
76,26,77
77,41
134,213
187,158,250
260,58
104,73
132,257
100,304
150,11
317,148,303
138,86
21,295,171
115,286
159,220
298,131
31,196
49,181
12,200
108,257
281,253
90,216
71,36
56,169,34
201,220,111
58,163
181,47
71,314
0,263
66,119
76,78,81
24,148,253
215,93
90,159,40
99,147
80,17,102
247,250
240,217
304,120
224,253
56,259
241,151
5,38
36,233
219,102,230
29,287
50,217
186,149
232,168
277,37,234
63,182
116,86
154,72
239,194
241,51
100,3
296,89
120,213
306,253
203,28
95,113
76,30
201,129
106,83
245,24,125
234,47
123,98
92,250
140,187,135
69,119
24,126
21,259,57
57,284
142,294
263,114,36
146,277,233
130,171,80
240,45,277
296,277
175,51,128
219,84
135,129,201
311,163
18,235
165,150,183
222,117
37,144
110,90
37,217
71,181
68,79
105,224,99
114,53,167
119,203
38,44,159
169,41,21
143,38
172,187,40
18,239
99,74
163,294
79,25,17
89,299,240,193
27,38
212,122,83
108,282,306
232,101
22,301
161,64
178,212,282
275,156,63
108,275,83
23,24,180
38,135,7,215,289
38,58
103,30,231
196,219
112,241
256,22,45
308,267,175
119,140,14
76,31
264,184
151,144
86,186
239,176,68
259,31,26
186,283
225,136
159,93,201
245,269
62,24
81,19
79,231
44,163
93,216,55
2,37
23,132
144,321,177
220,172
55,8
246,49
110,311,140
232,45
169,131
258,271,294
263,101,89
212,83
5,69
255,127
134,233
47,48,234
165,83
113,286
123,138
49,37
128,168
295,17,30
155,235
134,227,120
177,240
191,171
107,279,206
145,0
271,7,8,38
151,101
24,264
125,207,107
17,219
255,0
300,146
185,207
177,193
251,146
8,143
239,18
158,280,70
198,23
95,121
135,187
26,196,20
75,34
129,5
270,278
48,52
247,129
178,182,106
256,234
178,87
166,23
258,55
71,3
45,175
252,63
195,37
52,112
24,165
198,24,11
183,178
209,97
41,169
123,138
267,78
48,128
139,215
91,225
100,263
49,146
93,142,140
279,156
232,255
300,50
259,230
221,91
264,61
173,55
220,8
220,163
93,210,139
204,9
50,0
28,7
95,234
292,282
144,127,37
15,30,31
230,287
230,21
26,15
217,36
55,203,70
139,204
211,250
83,138
17,268
184,107
165,105,123,138
39,203
216,229
95,101
29,205
42,104,21
42,133
25,85
23,86
284,17
49,112,281
152,156
148,257,206
168,255,144
54,163
131,21
184,165
32,57,20
322,112,88,277
7,58
217,45
69,164
86,261
3,193
35,316
317,24
80,313
83,166
86,149
68,35
54,208,39
28,93,203
10,199
222,215
122,282
250,119
116,252,292
111,258
215,163,91
228,118
3,213
157,108
99,24
75,316,32
92,38
79,230
7,55
69,110
86,82,105
281,3
75,171,218,205
179,116,303
45,168
43,65
290,202,110,143
63,61
189,174
220,159
61,138
114,0
104,218
280,70,248
192,188
244,128
144,254
182,83,257
81,79,25
67,17,169
268,29
240,299
125,317
37,128
206,62
171,230
29,15
273,68,235
119,221
37,246
303,86
90,38,290
201,140,159
71,232
187,140
304,72
49,161
57,35,194
139,111
317,226
186,116
67,103,219
216,260
131,218,32
116,125,257
117,201,9
292,74
135,5
65,91,93
94,318
154,314,167
251,45
7,208,220
39,142
129,28,258
212,87
142,91,272,215
129,43,173
120,189
161,100,274
13,75,15
126,108
86,209
257,166
82,253
155,284
9,43
3,53
238,171,235
208,135,58
234,286
257,184
63,185
9,318
162,129,92
67,76,17
52,49
91,69
54,58
140,139
256,167
308,18
308,181,174
113,46
315,184
145,177
40,5
265,30,196,21
260,220
89,46,193
214,157
71,114,45
72,256,0
159,211
219,29
194,259
78,80
162,90,210
250,272,211
93,92
136,311,210
258,311
282,206,152
197,310,309,62
140,66,229,142
29,85,205
59,32
54,38
185,253
116,99
193,0
205,169
110,9
208,8,187
244,53,144
0,190,251
294,91,220
15,231
94,90
177,168
218,133
65,210
26,76
315,226
116,99
24,97,207
203,220
68,237
184,297,87
45,95,281,195
56,171,17
37,0
9,172
36,120
246,53
155,78
74,297
81,239
122,281
55,294
284,256
294,91
152,63
110,139
300,167,256
169,57
23,185,226
211,6
239,32,265,133
217,114
196,21
270,55
45,49
217,154,277
164,14
196,130
100,217
108,177,184
61,226
303,206
142,117
3,233,304
62,125,269
21,265
153,0
182,207,257
256,46,120
69,7
189,4,112
316,238,191
83,257
317,107,24
116,24
49,174
18,41
68,21
53,88
206,74
105,61
112,153,193
17,84
45,167,213
2,299
57,20
103,238,231,81
65,236,143
39,94
199,297
49,0,175
91,311
184,282
37,167,195
134,144
18,75
20,231
188,156,107
203,8
101,168
171,60,287,26
102,85
158,70
2,234,161
12,85
79,205
213,113
22,81,59
158,7
11,292
138,253
7,90
100,49
71,181,190
22,96
39,229
181,45
110,260,69
15,259
239,25
66,91
175,304
186,86,125
225,54
129,258
123,116
170,77
31,42,32
240,177
199,123
7,54
44,204,160
256,45
10,138
313,34
45,114
186,109
308,189,300
86,148,182
187,142,9,173
106,253
13,205
91,223,159
275,199
3,115
84,124
43,250
224,186
216,44
155,26
252,209
119,111
155,68
84,13
159,91
4,213,2
223,55
35,196
264,99
200,60
299,193,153
159,220
218,230
238,13
71,72,167
135,93
115,217
96,68
281,228
297,61
153,154,49
281,195
57,68
123,209
27,222,294
106,148
182,253
152,212
27,70
78,298,68
144,53
326,313,12
244,233
220,58,66,215
184,24
145,304,296
69,9,290
49,190,71
303,99
29,171
192,279,147
264,180,86
182,83,206
206,87
87,282,178
15,26,35
99,292
113,168,181
123,182
124,41,313
52,193,134
240,322
113,193
76,205,26
157,214
214,182,184
93,28,163
60,124,235
111,210
264,177
221,250
85,25
59,15
133,265
54,117
213,233
45,277
306,178
38,223,44,119
1,167
37,277
210,5
290,90,7
230,57
99,82,106
200,81
171,77,84
44,8
302,249,238
168,53,114,46
286,233
156,62
10,197,275
260,40
177,281
252,275
155,268
21,25,29
131,133,196
303,97,106
292,148,207
84,133
190,217,3
292,125
38,55
124,81,79
8,44
217,153
279,138
34,17
60,267
1,154,3
176,200
124,288
280,136,28
106,183
217,168
41,288
64,189
142,201
145,48
61,156
68,81
242,192
37,112
10,156
83,108
191,124
268,218
244,177
301,267
3,95,154,228
260,38
108,252
77,218
147,224
86,226
189,263
301,15,21
173,290
93,290
225,40
0,53
134,256,120
233,256
52,240,277
60,267
272,55
184,106
253,97
290,5
186,303
88,240
103,316
129,271
73,59
131,26,219
164,278,260
86,149
68,316
227,72
114,1
268,259
93,139
62,108
111,201
175,193
261,148
35,80
93,5,248
10,24
226,214
101,146
107,24
36,281,145
151,300
218,259,84
271,92
171,288
170,130
243,168,95
45,0
245,99
91,55
70,93,220
129,258,5,140
78,33
116,292
240,286
37,277
200,77
102,35
94,92
24,61
56,230,231
280,28,173
303,149,150
119,28
50,181
160,110,140
68,102,84
207,148
100,213
54,117
299,89
114,144
36,45
224,303,206
174,281
156,185,62
315,123
18,169
235,267
91,38
175,308
220,225
251,161
103,312
69,202
105,62
134,53
50,49
287,133
173,247,38,211
25,68
53,112,174,52
219,21,230
271,221,119
79,235
201,139
17,32
133,34,75
182,184
97,109
268,237,78
142,92
46,4
298,30
284,22
165,183
28,142,220
38,142,210
279,166
267,239
107,24
254,145
239,302
130,155,41
149,125
250,90
59,131
236,220
229,204
224,147
239,218
23,257,185
57,59,60
78,32,80
45,256,47
46,113
136,110,290,135
281,240
132,138
164,187
174,113
5,91
173,58
252,24,309
205,68
103,59,60
76,68,34
286,47
55,93
252,138
317,303,184
282,182
99,279
151,189
138,165
163,173
210,164
79,12
192,24
165,83
249,205
91,111
39,66
230,287
28,271
26,230
100,0,2
34,124
101,100
93,187
239,60
11,207,188
258,140,289
167,168
75,76,32
299,281
111,7
118,48
49,151
129,14
50,304,1
99,279
49,322
13,77
213,276
314,217
125,252
234,3
69,7
246,95
167,241,50
47,168
116,74
155,79
211,164
235,267,34
133,67,231
305,119,143
49,114
11,207,132
116,252
75,32
131,302,267
270,201,90
275,182,98
164,158
239,259,80
21,205,84
116,224
240,145,277
24,83
163,54
138,224
287,169
177,195
304,145
75,194,57
25,239
55,201
198,116
51,161
187,163,216
185,206
29,265
154,36
257,148
248,143,220
248,119
140,204
73,267,230
142,220
28,38,110,39
4,50
192,186
310,177
93,5,92
274,127
299,256,213
252,61,257
211,319
7,204
311,65
103,78
57,196,171
54,216
149,206,23
28,117
175,36,233
8,66
259,15,171
58,158,142
142,135
164,129
219,15
267,60
20,34,30
204,160
65,94,129
99,97
150,61
212,156,166,152
313,19,21,57
189,181,274,300
193,217,304,144
105,125
73,60,33
79,15
318,55
117,54
13,196
78,59,15
255,277
247,119
243,3
263,47
44,7
274,49
292,11
186,23,226
81,267,17
272,117
223,216,201
144,321
59,124
279,186
77,287,59
133,191
269,24
22,25,59
109,11
233,36
43,54,250
148,257,97
270,158
15,21,57
38,250
28,5
156,105
312,68,103
60,79
79,31
184,152
202,143,65
72,144
207,132
277,233
168,36,232
184,182
60,68
39,5
79,25
161,2
223,216,5
276,161,95
134,213
61,212
85,78
126,206
140,55
210,119
152,138
97,156
27,28
90,294,91
262,61
268,265
230,133
75,239
69,110
110,291
29,265
191,259
39,210,110
259,68
38,6
258,159
154,251,47
150,87
294,164
225,7
189,274
4,71,113
213,168
287,231
20,102
108,214
155,60
314,95
112,286
168,145
0,177,193
70,216,158
217,3
154,324
231,18,103
136,70
85,31
253,125
154,167
244,134,154
326,96
94,129
77,196,84
114,161
246,112
62,106
168,120
76,57
122,11
224,275
209,269
274,37
197,195,177
57,155
272,158
100,95
145,151
24,97
93,90,289
221,139,91
217,45,113
236,289
174,195
54,7
238,80
41,29,75
243,274,154
92,221
300,189
238,78
186,61
135,55
283,166
31,41
58,143,44
60,96
100,3
172,203,65
77,76,287
292,245
86,97,214
255,120
0,256,101
154,181
113,45
188,125
85,22
177,37
257,206
243,88,144
133,298
37,233
231,268,133
256,233
10,253
238,26,312
158,210
246,118
161,146
139,7
307,212,178
131,103,41
195,241
173,163,58
139,54
188,224
68,316,235
105,261
80,205
240,100
160,201
53,321,277
28,160
15,298
51,48,36
175,134
287,75
1,113
54,208
82,165,303
99,116
108,61
8,272
37,243
4,251,233
317,245
124,32,60
39,203
39,90
295,238
135,272
112,255
123,179
23,24,97
201,142
7,203
34,104,268
11,257
62,123,148
191,59,124
154,121
155,18
284,60
76,171
148,24
319,210
178,306
80,73
110,93
54,202
95,177,145
86,323,292
50,3
28,158
258,142
159,211
37,154
23,108,257
168,213
193,95
303,23
46,0
136,290
267,59
69,119,8
136,9
31,77
68,191,20
109,123
162,236
29,84
93,65,210
70,44,93
122,74,178
168,234
55,39
263,0,277
296,299,95
37,308,246
159,140
108,105
102,68
214,306
132,109,106
154,49
107,63,24
191,35,68
151,246
213,50,45
270,236,129,91
41,79,112
235,41
35,25
136,111
86,285,83,306
58,9,40
134,193,167
3,50
120,153
46,114,154
38,260
89,251
251,195
113,217
168,127
253,178,123
172,163
177,88
91,210
196,287
1,153
133,31
259,267,104
19,77,34
116,24
302,239,68
311,91
34,26
220,318,187
244,120,255
8,111
175,161
9,8
47,228
244,296,113
76,13
114,3
8,250
25,316
200,237
230,133,31
298,76
47,304,64
159,305
212,148,252
193,232,112
12,131
93,135
162,8,111
221,38,8
80,124
89,45
240,45
36,45,286
70,225
115,113,47
282,98
153,233,181,286
255,151,88
70,69
161,114
303,150
156,62
293,272
182,180
256,146,64
6,163
80,17
70,90,162
49,240
94,111
192,123
305,290,5
318,58
49,145
140,7,119
3,45
6,142,204
154,308
267,191
115,213
68,287
148,116
176,29,265
239,259
115,101
45,101
153,286
183,306
237,191
218,219
232,3
257,123
244,189
220,158
165,83
168,101
8,229
301,77
182,185
107,23,209
25,287
240,112
115,47
281,115
41,205
146,167
91,140
41,32
290,69
220,70
199,309,98,138
322,64
116,185
78,191
155,135
71,256
95,145
70,211
97,10
276,52
98,264
100,45,193
211,305
34,235
191,57
206,138
124,29
197,11
96,79
268,249
207,132
193,161
86,185
285,23
142,135,28
52,286
28,66
25,99
257,86
256,234,251
216,70
106,116,152
83,212
257,303
138,292
62,212,185
48,47,89,281
177,100
148,283,23
321,95
113,175,168
32,13
52,213
191,80
33,124,267
62,178
303,214,206
314,256
123,266,82
87,188
107,97,24
105,122,253,184
64,181
199,108
55,54
80,79
311,162
308,299
55,272
259,17
5,110,44
62,138
142,58
288,103
111,159,210
286,234
128,2,254
51,322
123,178
86,180
300,251
240,296
68,238
52,112
295,41,316
313,301
267,60
117,58
307,132
112,151
138,109
119,139,247
207,257,192,23
286,0,37
54,93
70,271
240,47
243,37
68,78
173,135
93,65,111
38,9
240,120
246,255
152,165,310
33,124
61,156,62
298,59
305,69
57,235
103,26
240,296
124,239,155
114,233
189,114
133,15
135,40
23,292
124,56
234,286
218,124,76
138,317
144,240
75,259
163,143,91
153,217
175,134
47,120
217,114,232
54,91
292,279
198,266,214
44,248,135
298,31,196,32
149,292
229,311
179,97,198
73,155
16,35,68
10,156
252,150
19,68
271,40,159
81,68
224,148
2,146
119,221,158
189,254
92,91
7,43
68,228,173
19,96
105,253,297,156
182,126
37,228,145
254,51
86,23
175,47,146
213,246
77,194,84
44,54
91,136
259,130,191
139,220
104,103
234,113
190,37,243
212,152
189,37
59,22
207,125
148,207
13,196
218,31
262,98
286,120
139,135
45,1
105,156
92,66
292,149
224,252,74
179,303,109,323
277,95,246
163,5
204,40,172
265,32
209,24
147,199,125
250,54
227,120
5,110
162,54
76,169,21
25,239
55,260
146,53,161
256,120
8,91,159
47,256,168
203,211,70
74,109
74,148
178,182
111,5
36,47
303,107
91,92,135,69
