0,1,2
3,4,5
0,6
7,8
9,10,11
12,13,14
15,16,17
18,3
19,20
21,22
23,24
25,26,1
27,28,29
30,31
32,33,4
34,35,36
37,38
39,40
41,15,42
43,44
45,46
47,48
49,50,51
52,53
54,55
56,57,58
50,59
54,60,61
20,62,63
64,65
66,67
68,69,28
70,71,26
14,51,72
0,73
74,75
76,55
40,77
78,79
80,81
82,83,84
56,73,85
86,87,82
88,89
17,90,91
92,93
38,94
95,91
96,97
98,99
100,48,101
102,103
65,104
105,78
106,68,29
107,98
108,104,3
109,110
111,112
113,114
91,115
116,117
118,119,120
102,121
11,20,95,122
113,123
23,124,125
126,0,111
127,101
128,129
48,47,14
72,130
131,132
133,94
81,134,135
51,31
7,136
137,138,139
140,141
37,28
92,97,142
118,105
74,143
144,134
109,145
84,67,146
147,80
123,96
29,148
149,150
151,152,65
40,153,131
154,155
34,156
157,158
159,146
160,154
104,103,161
162,25
163,164
49,14
52,17
165,166,167
84,38,23
168,140
12,3
169,38
131,170
120,75
171,172,173
174,24
175,176
8,177
178,74,179,113
180,109
91,20
181,182
183,177,136
100,184
64,185,31
96,113
147,186,187
67,1
11,41
188,168
171,94
189,48,31
179,190
38,191
16,192,193
139,92,194
135,195
187,196
7,53
32,50
101,197,76
79,198,96
199,101,3
200,118,201
121,104,157
202,203
204,24,160
36,11
205,82,173,26
201,93
206,94
98,101,185
207,208,177
68,157,70
198,105,21
209,207,210
80,179
211,31
212,53
59,151
213,214,176
100,215
216,48,130
29,129
56,174,191
217,62,207
108,218
175,176
77,219
220,181,142,43
152,103
221,51
131,118,222
134,77
104,5
215,49
18,223
160,27,224
11,88,122
133,128
225,188
226,105
40,105,182
50,98
50,104
227,225
150,228,37
11,10
82,229
230,19
231,28
232,30
233,154
29,162,224
61,59,50
93,92
50,108
77,234
134,81,110
42,210,136
91,36
182,22
190,119
8,235
236,36
161,107,237
42,141,207
238,229
106,233
172,239
118,139,22
112,205
106,38,37
70,240
176,52
101,241
101,241
160,126
242,113
243,244
51,127
8,245
30,3
69,111
205,28,169
54,151
201,220
197,100
246,247
4,50
248,52
131,220
249,250
1,0,125,38
69,251
160,229,174
219,186,187
218,32
114,242
95,52
5,252
48,100
3,49
8,17
84,2
8,63
126,149,155
113,187
194,253
254,10,176
77,170
235,17,247
61,203
186,153,255,187
112,71,129
109,256
142,186,80
221,257
157,59
187,220,113
80,182,186
163,171
221,50,252
251,68
258,19,259
92,97,74
184,260
177,261
100,197
57,165
170,186
80,198
262,113
263,112
168,19,193
194,182
252,104
251,85
258,230
61,12
160,0,231,28
122,52
47,264,252
177,10
265,15,235,34
137,170
28,124
172,206
246,19
217,207
140,53
150,266
242,143
42,176
112,57
255,219
20,63,177
61,244
267,210
68,146
89,268,52
61,161
109,105
132,120
1,37,6,0
26,37
18,151,12
185,252
85,37,125
141,217
34,53
56,146,263
0,269,2
257,252
266,251
236,17
270,203
51,252
17,271
19,62
228,233
272,225
156,115
174,70,228
51,157
245,213
260,264
179,97
2,37
139,80
174,24
221,5
148,1
73,166
194,40
157,243
139,170,81
184,264
140,267
23,263
179,118,123
214,259
117,219,187
155,84
37,229,251
53,36
77,135,242
0,2
273,215
179,234
70,229,94
166,269
226,170,274
275,41
66,67,263
2,0
256,276,200
231,73
81,226
55,244
1,71,126
105,234
219,145
244,185
7,207
101,185
179,118,116
185,277
42,272
237,50
120,80,242
278,10
109,75
263,28,112
279,140,136
243,51
261,177
135,198
65,223
117,180
252,280
148,129,167
93,97
113,186,93
257,4,108,244
213,217,95
34,89
107,281
229,37
162,191
207,9
282,283
115,20
26,172
284,31,100
23,25
284,14,47
282,73,149,285
277,101
286,31
286,104
16,168,15
281,108
66,263
287,267
282,224
85,1,2
100,64,51
74,137,40
112,94,282
168,268
71,283,285
262,77
101,59
74,253
100,221
186,288
15,7
275,156
257,221
250,97
15,7
28,126,37,67
197,59
234,190
23,150,0
77,196
3,100
263,111,69
80,253
215,289
290,52
95,259
236,176
175,291
69,164
2,0,27
257,4
276,135
160,67
11,176,42,53
292,116
16,122
293,74
112,146,163
187,120,135
10,209,34
251,204
153,200
144,170
228,112
26,154,66
116,45
96,190
75,294,139,253
67,162
168,213,267
198,145
242,135,79
232,244,289
186,194
238,224
97,253
6,82
165,84
212,41
295,102
117,219
252,55
187,22
67,238
200,21
200,113
84,282
205,29,66
6,37
140,177,176
77,178,116
162,67,163
64,152,104
44,220
22,78,113
74,226,132
30,189
163,173
296,99,284
18,277
220,276
294,22
105,194
297,298
64,18
299,300,68
54,33
108,260,218,50
108,61,280
23,133
8,259
187,201,186
98,243
176,95,287
190,113
260,298,33
297,257
187,274
39,93
10,214
242,222
19,212
153,292,109
229,112
296,301
41,212
25,285
125,166
17,210
55,216
37,163
262,105
234,92
165,27,94
108,33,3
302,150
93,40,194
159,94,83
24,204
240,69
20,91
94,24,82
226,274,143
5,33
197,60
64,303
47,98
235,7
79,179
224,238,171
28,67,29
248,168,208
177,188,230
291,15
135,143
287,265
284,252
127,103,237
137,142,186
225,17
76,197
2,233
0,205
55,304,189
220,110
33,237
51,303
15,188
69,126
34,235,305
0,28,148
306,102
49,101
243,50,270
56,83
142,116
70,111
251,112,68
141,248
88,176
119,105
307,177
113,117
195,137
101,151
17,176
124,149,37
42,20
2,0
21,134
178,135,143,198
276,242
298,61
0,133
165,68
113,190,250
290,168
286,100
165,308,37,233
239,38
185,51
304,100
298,18
185,237
97,187,75
66,29
202,197,158
209,168,290
33,241
205,37,165
198,145
294,114
220,45
160,231
120,250,92
22,309,113,179
245,217
0,160,266,112
5,161,252
178,182
29,57,263
95,36,176
68,282
233,37
221,298,60,100
101,158
93,195,200
130,48
56,160
157,49
154,160,124
23,251,112
223,244
176,290
140,17,42
257,101,211
208,34
259,307
185,252
155,149
34,261
165,149,160
60,76
3,158
134,190
148,24
235,310
105,109
88,52
15,89
52,307,42
297,104
38,87,308
18,151,48
227,311,279
53,235,227
257,244
6,150
125,148
261,35
22,45
74,96
92,132,200
222,143,170
249,255
229,238,112
0,133,166
170,182
143,194,142,181
47,55
301,127,14
62,17
0,173,162
180,116
310,267,53
158,14
170,253
56,125,167
28,163
89,258,312
114,40
237,211
102,260,257
313,283
42,16
260,243
245,122
168,63
209,268,136
241,51
138,21
48,257,158
234,135
94,285
298,202,121,64,51
103,33
246,209,210
124,73,228
209,115
73,155
271,305
68,56
49,51,76
47,203,199
52,236,290
118,93
283,133
47,264,49
306,286
303,55
88,279
68,233
241,157
293,220,147
126,240,285
168,7
54,252,215
217,261
136,207,122
113,137,75,22
188,248
36,188,140
95,176
97,178,40
18,304
138,114
21,43
54,218,50
26,224
168,20,35
88,156,20
51,241,244
242,120
157,3
54,61
306,199
70,146,112
55,61
232,257
147,74
231,38,56
254,20,62
156,88
7,35
260,215
314,248
139,186
66,163,23
42,177
93,153
230,210
155,0
186,75
87,57
20,314,272
200,43
137,40
3,18
301,284
200,43
124,111
14,216
216,30,47
222,274
61,237
74,196,137,135
155,71
305,17,88
23,24,73
29,124
295,72
112,70,173
14,216,158
191,240
278,176,310
90,245
88,168
94,204
49,260
198,242
140,41
112,56
33,3,5
112,56
121,18,260
41,245
109,93,226
69,173
37,68,106
65,50
251,23
310,265
140,42
134,200
309,93
248,89,307
213,140
246,91
48,30,100
270,284
103,102,101
105,294
111,231
315,75
151,3,215
196,147,194,220
112,25
78,144
143,113,96,22
95,168
131,288,293
242,178
220,139,109
16,254
297,189,55
122,176,316,41
92,143
160,25
253,113
168,279
165,82
179,116
59,103
104,107
61,51
225,210
52,36
116,134
317,19,188
145,196,256
255,143
126,224
126,149
190,201,44
133,146
26,56
13,50
308,233
242,137,226
223,152
295,158
1,58
123,288
67,68,0
202,30
128,313
100,14
117,92,113
170,40,198
130,185,51
5,252
96,292
77,187
227,265,245
76,47
7,140
233,285,171,269
39,43,200
211,318,197
233,125
100,61,203
273,237
35,307
308,300
285,73
35,11
105,79
299,163
262,21
51,101,32
255,234
239,26
197,184
20,63
14,264,18
59,51
105,153
61,60
39,81
190,117
37,56
132,145
310,88
29,82,146
200,181,79
296,121,54
113,117,109
106,24
246,177,183
9,214,7,88
63,235
303,64
219,116
27,37
238,0
140,141
217,89
17,122
22,190
77,220,242
160,68
284,60
104,61,277
74,187,178
19,192
128,94
15,193
19,95,10
150,149
221,50,218
15,235
6,308,26
296,59
186,120
60,284
0,167,160
105,309,123,22
246,311
284,216
284,223
15,19
0,112
106,71
50,3
85,126,58
187,131,182
158,295,30
169,37,146
42,36
89,19
314,271
8,20,91
123,93
243,232
15,88
264,103,301
283,313
19,290
24,80
149,29
175,62
0,308,28
130,197
213,95
170,178
231,251
286,185
98,184
183,36
8,177,246
40,138
91,11
68,266
59,99
308,87
214,261
228,69
65,157
77,110
258,53,8
214,213,122
37,174
112,233
265,89
140,235,217
103,244,223
260,49,130
62,217
139,117
56,169
114,200
179,45
82,112
76,185
224,300,0
191,172,169
139,79
0,165
152,50
279,19,36
202,130
3,33,102
222,40
214,52
253,178
184,98
20,115,8,16
130,103,50
137,178
23,0
35,214,235
89,176
35,42,88
267,88
253,234
15,305
137,186
46,118
188,319,261
97,170,147
88,305
237,32,252
201,120,170
292,105,226
79,181
3,284
305,177
205,25
235,115
297,51
135,113,309
50,3,32
36,272
68,111,165
251,146
35,168
69,23
269,129,0
266,126
91,177
42,17
138,198
302,85
269,285
168,53
37,233
282,67
65,76
113,179
205,87
75,187,143
301,161,303
93,142
301,51,184
193,177
8,9
198,242,135
52,17
218,244,301
240,172
34,245
197,130,101
126,112,1
298,3,221
172,155
287,207
76,281
203,49
140,52
101,130,318
169,66
89,290
88,168,310
141,8
71,28,173
10,177
101,76
137,77
261,122
190,105
73,112
8,34
222,219
33,109
298,306
50,244
290,279
202,284
8,34,259
249,234
218,257,151
190,79
27,126
138,179
297,270
298,232
187,220,144
125,73
141,319
55,211,237,14
73,282
121,197,273
39,147,219
35,11,261
109,43,226
313,24
189,232
310,290
29,24
226,250
257,102
67,68,25
85,299
51,30
55,133,70
295,284
161,270
14,244,232
29,191,269
40,131
161,49
0,126
160,73
139,74
170,186
111,174,68
137,110
244,284
229,174
118,249
260,223,121
307,89,209
51,185,3
24,133
249,119,274
203,223,50
52,287
210,188
121,151,320
127,30
183,265,88
85,149,84
65,121
79,242
11,214,314
26,160
171,240
54,232
284,270
144,22,96
105,190
82,26,228
173,69
260,257,121,216
209,63
262,142
57,38
37,27
203,3
17,35
16,62
142,40
269,85
221,243
207,307,8
76,55
252,298
245,307
163,94
285,70,24
242,190
177,16,310
284,121,101
155,163,228
11,177
42,15
182,81,120
136,11
73,204
228,133
139,143
51,30
118,137
230,248,95
160,285,26
29,124
66,238
301,48
146,308
116,97
229,23,37,146
314,140
20,209
294,155
233,29,150
51,47
223,281
95,16,193
3,237,221
244,270
132,160
65,108
264,76
255,134
0,68
218,50
234,135,21
183,62
300,164,25
205,229
53,246
149,37,2
77,201,131
178,135,222
89,35,291
43,200
82,251,23
135,222
168,310,36
260,252
105,113,123
144,234,187,242
77,142
89,35,209,261
109,135
30,243,257
236,63
301,202
321,193
8,35
43,139
64,203
124,25,160
222,114
115,291,210
267,36
232,218
34,35
131,45,113
41,62,15
248,42
1,205,38
322,8,122
94,126,56
120,131
93,195,92,145
261,183
37,69
310,140
295,284,55
197,185
261,214
30,55
229,251,0
54,260,99
195,139
61,211
56,38,0
272,290
190,81
40,292
76,189
30,303
235,312
286,237
291,16
77,234
97,234
190,242
36,88
182,249
179,194
139,276,135,132
51,76,103
179,255
28,148,0
147,201
233,240
0,155
174,133,23,282
205,231
88,53
109,120,201
109,105,116
135,117
137,196,143
113,97
169,162
320,244
197,4
105,143
231,191
162,69
167,162,37
168,248
149,224
223,243
45,75
55,298
3,151
233,129
187,131
36,53
258,35,207
36,290
193,248
103,284,130
59,241,99
50,108,61
155,84,66,82
305,235
74,40
107,260
110,135
91,36
220,114
98,264
124,73
9,52,193,89
308,205,87
0,28,148
306,273
73,163
138,117,39
151,14,121
38,111
122,213,307
29,133,56
166,206,224,163
77,22
120,274,187
67,83
311,62,19
144,181,309
190,249
280,50,158
257,202,306,14
144,43,105
309,249
243,108
64,50
91,10
116,309
242,145
190,40
67,94
287,52
41,321,89
138,113
225,271,88
270,4
319,168,42
154,126
176,247,188
238,56
59,102
298,241,130
55,204
24,126
296,151
75,242,220
289,221
15,36,210
224,155
308,84,112
53,188,52
19,52
133,128,68
36,188,290
323,176
17,290
15,227
84,155
213,209
322,214,209,16
21,138
205,37,233
3,260
248,53
67,112
280,130
0,85
91,177,261
274,134,75
285,85
146,160
124,308
293,40,274
147,81,137
82,84
143,144
68,71
38,263
166,37
172,229
80,220
15,272
93,190
21,274
106,29
308,160
84,29
257,280
135,187,194
39,116
179,81,324
24,82,29
242,132
154,162,1
179,226,181
219,113
126,38
20,62
45,187
200,120
98,76,286
186,178
117,142
120,131,139
56,229
287,89
25,308
52,230
294,44,170
139,219
143,200
63,268
285,269,37
301,158
88,168
164,66
50,252
229,1,233
292,78
314,265,41
222,134,44
133,23
131,139
158,60
296,18
193,245
257,61,65
203,237,260
155,160
172,26
160,149,84,2
201,105
81,113
242,196
172,0
234,118
112,70
188,95
276,242
296,103
77,256,116
240,160
21,93
45,182
175,36
20,36
41,156
45,242
295,264
235,16
111,0
3,211
259,319
218,4
63,11
236,17
168,52
229,224
29,160
135,274
76,47
136,183
140,290
152,273
162,165
116,117
270,260
3,296
121,273
80,219,201,170
160,2
207,192
53,88
92,143
195,105
32,218,257
109,182
260,101,47
127,4
174,308
186,131
109,143
188,261,35
201,143,219
200,109
124,68
130,61
9,214
220,194
264,244
79,132
197,108,59
272,19
112,0
23,94
242,131
283,148
1,154
88,168,210
273,202,298
79,109
14,127,161
257,61
91,16
208,16
28,167
77,45
144,79,226
187,195,262
93,180
24,73
194,294
224,126
148,166
62,90
36,17
28,83,111
256,196,40
152,104,215,50
179,21,117
40,255
50,64
37,83
140,88,265
84,163
119,39
77,190,105
163,149,165
301,252
257,50
175,259
173,56,24
88,15
310,210
16,246
279,41,52
36,115,8,305
148,149
157,55
2,27
57,169
31,295,14
166,285,229
252,18
165,26
89,8,272
53,307
11,15
52,88
237,203,185
180,242
99,76
87,154
28,85
108,161
203,13
216,257
188,34,267
100,108,61
208,15
70,1
74,80
60,50,185
41,17
11,35
5,101
101,65
50,61
11,62
34,20
117,105
320,102
73,251
112,68
178,131,195
41,248
201,242
157,60,50
36,177,248
193,245
105,226
122,213
145,294
116,201
122,217,88
0,155,285
25,24
68,82
71,154
198,114
53,91
21,181,180
290,236
28,0,111
238,205
0,83
151,241
114,200,46
286,264
202,108,3
150,261,16,8
235,168
11,209
280,301
104,270
201,182
105,137
5,218
305,36
19,316
252,108,61
162,73
283,299
227,306
146,263
92,190,181
11,217
60,264,47,185
99,60
85,224
213,141,34
222,46
236,62
252,14
287,248,214
220,75
248,319
194,78
66,308
46,170
105,190,179
17,248,188
175,53,268
105,96
211,244
176,278
285,167
17,140,175
178,93,22
264,30
92,138
135,77
160,266
260,101,221
220,145
82,68
32,281
113,255
308,27
28,29
226,234
140,279
254,210
46,77
181,96
211,216,31
40,190,170
100,130
186,147,135
292,144
50,218,157
207,267
38,29
48,59
228,263,133
114,187
255,81
225,19
168,246,175
266,300
23,66
14,243,257
229,239
67,82
92,39
230,34
131,120
111,191,160
181,97
102,273
97,40
175,209
210,177
121,102
49,215
67,154
118,145
141,310
198,110
237,54
150,308
182,93
207,122,95
94,69
0,299
21,234,81
144,142
177,62
38,85
48,260
135,117,294
292,226
262,234,142,92
34,305
107,284
11,16,115
51,301
227,88,267
216,101
41,20
71,299,28
17,7
43,40,292
231,106
89,287
279,17
225,53
308,146
37,68
213,88
221,306
33,3
290,136
249,138
41,36
0,148
56,85
292,21,142
15,248
155,0
296,33
233,128
165,37
244,296
297,130
22,179
131,325,274
51,252
30,55
73,251
269,205
24,172
298,3
233,85
24,299
80,139
50,203
0,82
148,167,172
279,267
7,188,235
77,145,195
68,73
245,177
298,243
203,202,3
272,247,235
180,187
191,148
285,150
120,222,186
237,151
63,53
46,242
254,35
225,305
222,74,147
146,173,228
50,257
88,254,20
319,168
313,0
289,99
21,186
10,19
4,151
23,133,240
246,91
159,28
210,209,88,193
172,224
252,161,232
49,260,108
264,49
220,274
274,147
157,107
52,53,176
101,284
219,74,186
265,254,305
136,245
317,88
274,21
324,242
124,84
115,42,34
61,216,59
24,146
160,37
296,33,301
298,218
61,296
209,16
144,74,40
52,41,317,88
23,224,191
109,39
191,171
66,191
124,166
62,36
214,278,16
108,189
299,66
277,64,203
255,131
246,319
202,49
277,286
73,163
102,61,211,30
71,26
253,294
243,104
68,73
53,20,36
301,54
249,222
42,53
93,292
74,46
88,248,34
249,292
181,109
306,260
94,163
53,248,310
76,241
112,82
109,200
19,20,209
124,231
29,26,169
246,207
41,42
94,57,174,27
207,176,88
97,117
161,215
113,81
27,173
221,304
272,225
53,290
188,141
22,226
112,283
248,314
8,36
246,95,53
160,29
294,77,46
91,175
111,68
131,182
271,36
85,124
280,59
67,133
220,114
100,216
109,21
263,162
243,297
68,155
76,30
148,263
247,95
236,42,122
197,221,101
258,156
173,313,191
93,96
210,36
278,62
104,103
187,186
177,11,19
80,294
136,10,19
214,7
56,86
35,210
301,284
253,80
176,88
73,164
29,150
111,37
308,24
38,84,29
25,73
89,235
48,286
126,25,37
24,167
281,100
50,12,280,257
25,85
216,161,33
69,148,67
207,322,246
88,156
97,135
197,3,47
56,67,164
63,122,19
82,233
14,297
160,205
224,238
83,66
91,177,193
29,154
101,4
58,73
113,22,249,187
31,286
112,126
194,195,137
54,241
108,98,185
113,226,324
94,85,172
248,314
104,13
75,39,226
52,213
279,42
293,201
145,77
238,240
241,284
49,3
222,123,135,80
133,86,266
25,0
141,287,236
197,157,65
229,128
162,38
145,294,198
109,97,78
153,139
298,218
38,238,191
29,233
261,63,177
62,19,188
68,172
252,215,270
40,79,242
275,245
220,274
192,7
33,3,76
232,260
95,168
284,252
296,51
48,31
229,24
220,178,96
135,196
179,181
197,157
82,133
267,122
40,117,255
283,165
17,168
85,27
133,67
17,63
252,108
8,62
162,70,231
194,201
302,155
148,106
141,156,36
7,310
39,119
208,271
107,108
13,60,18
27,24,67
220,40
162,299
128,0
19,235
130,51
298,107
29,124
52,290
3,61,48
79,43
51,264
292,195,234
61,33
146,177
163,28
112,160
49,286,76
185,59
20,19,9
79,109
262,144
49,55
187,220
8,207
51,303
271,272
261,9
93,21
62,322
120,131,194
91,88,213
50,64
121,61
190,78
310,230
34,246
185,297
294,262
215,47
274,77
173,24
47,48
193,17
135,134
70,174
176,210
263,66,162,24
112,69
190,116
268,35
209,35,278
146,240
186,77
293,186
303,55
158,298
277,76,241
179,96,138
18,270
212,16,291
62,17
162,0
26,163
280,51,318
165,206
265,8,141
289,101
56,125
215,64,203
228,66,24
224,231
71,112
157,189
273,100,151
176,236
0,94
209,122
3,51
198,145
159,67
44,79,114
3,161
195,170
212,53
100,49
62,17
74,253
179,178
189,197,76
49,304
73,94
60,100
38,283,126,0
250,178
102,244
214,16,91
142,170,187
114,242
97,79
195,143
13,3
176,183
168,42
192,217
174,229
305,267
15,265
265,177
71,83
8,11
50,4
270,260
200,120,145
89,314
211,100
210,122
223,13,306
256,179,79
17,213
47,31
20,16
175,267
140,210
58,112
186,190
108,61
143,80
135,201,274
170,288
122,222,286
60,121
42,208
115,290,208,53
52,8,319
190,179,113
135,21
92,234,249
109,118
24,205,154
10,207
59,301
76,100,237
181,116
62,20
125,285,82
191,66,163
109,81
145,242
136,307
37,126
78,153
285,240
186,74
186,255
131,294
270,273
191,162
228,174
264,295
304,211,103,30
319,15
282,128
77,137
118,116,182
203,107
200,181
28,167,129,263
117,96
3,4,102
9,321
72,158,303
15,41
40,117,97
56,25
22,242
299,84
236,322,19
146,162,191
43,78
260,257
39,147,114
104,318
3,104
105,39
25,229
241,51
214,245,62
251,172,67
203,14
245,8
9,208,91
131,179
286,98
80,186,77
177,8
88,140
233,126
186,105
215,237,152
54,3
25,251,155
7,141
2,162
285,165
83,159,68
22,44
311,307,16
82,68
50,281
280,65
237,197,49
56,160
247,53
185,103
9,35
29,38
163,169,154
85,148,205
286,185
50,3
274,226
222,186
88,8
247,246
260,203
66,173
195,178
288,137
42,305
14,241
222,131,274
134,97,181
309,92
81,109,179
310,210,235
59,284
89,88
116,255,249
144,326
142,21
112,171
275,140
18,298
178,294
203,18
153,97,39,147
101,152
95,122,307
35,214,34
82,133
41,141
88,7,235
80,220,200
187,186
170,117,219
61,218,100
308,106
287,230
157,296
41,89
19,156
140,261,41
7,278
274,139
245,209
126,240,23
47,51,286,199
116,139
162,112
209,11,261
100,216
92,137,255
241,218
8,115,15
49,303,14
190,142
147,219
91,307
40,220
55,14
164,233,6
235,177
122,62
139,96
301,48
150,174
0,206
236,115
116,288
162,26
112,148
25,231
104,284
122,16,20
240,174
254,122
320,218
221,104
25,27
267,20,17
38,2,82
79,109,118
251,283,38
119,255,113
175,176
76,51,257
320,157,161
100,304
73,238
144,194
75,132
27,133
203,280
232,221,76
58,2
146,162
136,20
79,182,195
61,108
86,69
222,92,117
265,235
15,7
188,53
261,310
37,266
21,93,113
286,14
139,40
3,121
21,142
175,230
257,55
202,185,304
19,193
287,247,227
107,101,157
27,171
95,63
293,131
262,116
53,319
29,149,85
253,21
135,186
126,165
91,42
200,226,80
234,93,181
247,214
53,52
290,8
84,149
83,173
74,294
108,221
76,99
259,177
239,2,172
116,93
62,168,267
150,174
168,287
171,282
18,49,260,215
305,17
137,144,43
221,232,257
169,239,165
162,229
97,190
7,176
240,167
4,48,289
227,261
155,0
239,106
85,150
248,225
119,309,139
276,74
141,214
274,182
139,324
251,24
197,301,130,264
137,170,194
104,121
66,146
59,189,286
93,80,309
160,0
210,41
13,202,4
63,307,9
146,251
109,200
150,205
138,139
161,18
95,246
121,108,4
82,173
140,307
200,137
150,224,1
235,247
81,21
0,239
277,100
40,147
222,105
76,301
148,300
85,165
4,108,121
3,202
85,285
58,86
77,234
205,125
81,198
172,206
165,2,308
36,42
77,97
138,21,44,105
234,22
78,39
152,243
264,286
317,210
177,236
15,34
265,168
166,191,251
292,194
221,121
239,233
249,139
49,241
228,25,285
82,67
224,300
38,169
195,181
326,113
14,76
314,310
77,138
106,0
282,68,171
194,117,81
264,244
12,218,203
258,35
54,152,104
35,63,177
173,229,171
224,69
142,21,153
35,217,235
269,162,146
85,155
168,248
284,237
293,43
166,37
60,286
49,237
231,233,160
42,88
261,19
222,195
153,200
53,136,17,11
265,16,15
235,176
203,30
144,113
14,103
90,8,214
37,124
256,97
34,53
168,8
121,54
95,290
253,147,116
48,284,76
308,155
201,134
168,314
308,155
135,123,39
15,230
201,93
14,151
17,310
165,149
64,54
162,67
168,212
116,256
212,272,207
19,17
203,108,151
15,91
27,239,169
13,286,244,232
141,19
170,142,201
222,186
40,147
131,77
221,50
8,259,19,35
114,139
198,40
103,14
296,203
245,11
79,113,190
188,193
171,172
38,266
244,64
13,3,244
145,135
92,200
177,246
179,190,181
215,211
178,74,145
38,283
0,67
47,51,99
136,254
239,25
107,151
117,119
164,224,149
290,265,140
134,97
243,252
47,151
195,220
280,151,244
255,186
8,20
222,186,93
263,73
152,306,50
90,34
111,251
102,13
273,203
179,324,262
162,174,28
21,93
11,140
181,21
49,185
165,24,169
155,84
59,156
171,56,204,94
112,68,128
25,154
84,2
38,0,231
93,181,179
162,24,106
128,133
143,181
205,154,308
158,202
113,180,134
50,284
109,161,101
138,234
187,109
39,92
306,18
116,139,242,200
307,20
120,135,80
178,22
54,297
17,7
247,175
292,117,113
29,2,85
67,171
185,284
102,199
163,263
178,170
250,117,22
98,289
175,36
0,58
172,229
47,301,103
260,50
24,111
133,251
229,8,11
92,81
102,51
150,174,308
2,29,37
245,267
284,185
53,17,290
163,191
308,155
214,35
199,18
99,199
301,51
159,191
243,252
213,53,176
285,68
190,200
114,40,198,242,139
169,2
73,229,66
3,152,50,221
181,105
142,39,93
29,282,165
130,98
73,172
32,298
255,113
36,227
11,95
141,235,156
74,326,179
108,216,295,51
133,23
97,249
139,123
17,140
38,126
168,176,88
262,145
179,234,78
84,0,2
113,93
134,294
77,45
53,35,52
196,138
117,120,116
214,122
195,219,137
174,263,146
50,260
168,42
37,174
3,108,14
89,141
43,198
21,226
235,15,217
17,175
265,207
244,59
17,140
233,149
36,168,291
9,246
24,148
112,285,2
185,100
265,208,307
101,64
235,176
73,86
270,76
68,2,23
14,304
151,289
267,89
226,179
95,8,17
29,154
179,190
249,181
248,140,245
263,66
213,63
174,191
304,216
49,3,100
174,68
224,228
310,275,88
14,199,99
104,59,100
174,162
190,143,276,170
67,172
214,136
10,209,91
126,37,87
70,251
310,212,36
144,97
95,63
276,309
306,64
70,171
245,10,208
56,83
165,285,233
201,131
212,62
236,225
29,126,150
36,53
304,237,203
258,20,62
235,305
63,20
49,252
124,174,165
256,40
30,51
267,235,140
282,0,150
139,219
217,208
56,172
125,84
124,308
90,95
162,240,82
116,186,135
16,122
28,25
124,27
284,202
74,292
289,59
43,234,116
221,203,130
248,290
156,136
313,263
252,102,5
170,147
142,274
200,139
116,119
311,42
55,48
74,45
70,162
58,238
91,53
265,210
246,245
42,88,261
237,101
137,196
93,120
111,171
138,134,109
91,141
35,122
49,14
105,250
215,243,64
294,153
206,23
69,163
209,63,217
200,219
193,261,11
194,220
296,3,151,260
198,97,201
0,251
49,252
306,50
287,36
284,101,157
24,172,87
160,67
164,94
155,160,146
113,226
147,143
64,76,273
7,175
309,113
292,294
74,325,274
40,182
56,266,68,126
134,182
210,17
314,175,207
126,205,163
8,10
14,284
132,186
190,77
287,34,8
36,193
19,307
163,70
224,229
179,81,113
113,92
56,191
70,162
191,206,38
149,94,126
325,45
14,304,260
67,38,163
15,11,140
50,257
250,249
168,20
221,104
20,16
186,145
151,157
129,238
90,95
174,86,70
28,313
9,305
294,181
118,186
120,137
63,9
96,178
244,50
14,237
113,137
109,198
11,193
237,61
241,101
231,146
258,136
196,77,186,294
96,234
50,203
94,69,263
105,194
95,20
90,91,41
73,67,173
163,37
88,34
69,126
0,85
305,8
61,260,289
97,200
97,253
144,119
248,279
97,113,105
172,155
70,133,66
210,307,290
130,161
120,135
135,220
246,177,245
247,53,62
77,143
193,246,307
303,264
88,34
231,191,68
41,15,210
228,23
306,54
155,29
134,294
260,31
81,97
88,62
20,279,319
51,48
305,210
41,193
41,311
61,203,151
94,233
30,50
101,30
11,63
235,89,310
45,74
149,163
179,249
105,97
308,83
61,13
0,149
147,186
151,127
306,47
87,37
16,35
300,251
205,112
3,152
51,3
204,224
4,221
177,168,20,176
148,38
141,15,88,235
182,105
272,210,314
187,249
185,301
114,201,138,226
224,128
239,149
168,317
38,169
24,126,85
94,205,56
286,202
131,81,75
161,243
286,284
187,219,186
308,171
105,40,120
143,120
13,260
66,155
117,249,315,200
124,174
101,257,64
279,311
122,247
210,16,115
233,24
250,77
77,178
242,143
324,131
242,97,45
214,122,95
213,35,305,88
114,77,120
15,290
14,189
60,151,49
210,217
213,122
31,211,76
113,109
137,194
140,290
141,236
219,186,131
205,126
178,179
80,249
53,265
188,247
286,127,301
147,234
242,79
124,6
216,296
56,229
197,103
146,24
186,96
122,177
105,77
136,271
49,185
240,251
211,30
76,59,301
185,270,98
31,72,237
57,28
14,76
207,19
7,52
176,8
228,86
133,240,82
260,158,301
253,74
222,135
105,142
42,88
2,37
203,260
5,296,151
117,190
30,298
284,157
49,277
93,190
250,131,226,120
72,203
62,183
179,135,80
185,189
112,0
33,121
266,124
204,112,69
177,261
88,207
53,265
237,101
101,301
145,77
80,178,74
314,267
127,264
272,19
14,303
3,221
96,190
103,100
106,57,205
280,18
214,20
266,239
136,214
101,284
222,178
77,120,135
165,1
288,220
257,64,121
228,66
149,299
185,13,102,127
48,3
215,103
193,246
56,160,67
192,246
26,6
24,233,231
126,84
273,218
149,126
47,30,158
73,163,112
276,179
35,261
229,73,26
56,173,172
39,200
108,280
120,139,242
118,226
135,105
24,106,70
76,64
166,283
287,212,52
198,219
164,2,56
184,49
173,155,128
326,200
321,16,246
14,60
121,151
245,176
172,128
36,141
136,122
110,114
9,136,217
68,228
73,263
323,42
285,173,0
81,181,77
243,65
201,186,120
210,176
234,116
120,288
275,213
294,135
241,31
214,247,217
1,27
138,92
124,229,154
181,22
81,180
305,210
246,176,35
137,77,39
134,105,234
140,248
319,307
48,49
203,270
94,38
75,326
320,50
117,81,97
15,11
294,194
170,222
222,97
150,224,83
141,62,16,8
25,205,85
259,95
301,48
97,234
37,85,150
69,26,126
15,36,89
154,38
67,239
225,36
257,306
96,200
135,190,40
230,275
131,249
248,290,307
97,74
192,53
244,158
70,228
162,125
264,130
25,38,37
88,7,246
170,75
288,135
322,246,156
280,3,304
198,256
308,172,160
303,51
35,140
24,172
109,182
227,290
17,314
267,7
216,130
278,8
216,157
228,173
116,43,262
28,269
244,257
274,131,137
218,102,320
207,19
22,97
41,20
28,165
98,100
257,284,107
173,69
8,19
56,285
248,53,34,16
107,203
77,190,114
53,210
52,212,265
36,248
104,151
67,82
38,111,224
168,225
251,228,29
71,231
205,285,124
162,66
53,188
0,87
243,286
194,45
92,324
302,160
290,245
126,148
3,158,108
137,242,116
125,165
53,207
131,74
141,19
112,73
8,35
131,309
237,59
185,103
157,49
138,262
78,226
157,51
234,186,43
56,133
194,131
39,190
274,80
261,259
226,113
78,97
1,159
236,53
222,40
269,126
283,83
63,307
74,186
224,85,299
285,162
183,122
95,207
36,271
63,122
163,69,67,146
298,185,33
84,239
16,177
52,35,272
203,50
122,90,35,19
68,56,228
100,297
163,164,191,37
55,202,30
143,43
298,273,61
131,135
50,304
166,239
37,24
101,197
42,35
203,3
64,108
276,96,97
135,262,220
308,240,174
203,303
185,215,216
297,50
222,109,40
20,17
187,131,242
38,205
178,137
242,250,143
170,78
246,177
190,116
108,203
16,122
135,40
130,241
130,121,277
52,35
146,67
101,13,301
81,97
93,234,200
29,126
56,38,300
32,280,3
83,24
94,155
16,207,183
307,20
273,18,100
63,177
8,311
326,153
22,138,294
315,105
320,59
162,251,70
161,12
118,179
166,84,155,125
220,92
165,84
322,235
167,0
224,154,85
249,75
50,280,296,98
306,30
126,125
139,294
109,196
257,185
215,104
267,188,52
202,241,51
125,233,160
251,6
309,116
304,3
133,146
22,139
200,292
83,69
203,158
194,196
11,8,307,16
141,310
288,186
257,252
32,13,218
303,157,108
164,239
9,246
142,77
110,198
4,203
238,83
117,143
285,231
160,205,0
271,168
21,147
38,25
241,284
129,56
14,297
276,201
88,35
120,105,255
261,227
263,0,56
36,175
71,37
135,170
70,171,133
218,151
174,160
226,220
55,189
92,187
155,229,24,283
308,155,58
96,255
284,237
0,160
284,18
71,87,68
142,78
116,118,113,194
91,20,287,16
33,55
190,181,182
148,87
288,294
69,133
317,279
93,249
29,165
217,62,210
118,182
132,292,186
81,137
60,197,303
2,37
73,204
297,237,100
27,269
324,198
221,104,100
149,84,165
84,162
88,314
80,74
21,200
81,142
151,50
29,126
134,186
3,306
257,51,103,151
301,96
72,202,60
124,233
254,287
308,126
224,238
177,17
162,82,0
174,111
20,261,122
120,145,195
172,68
88,15
145,117
74,181
287,89
47,55
174,229,82
37,27
57,24
264,284,14
91,213,122
190,200,262
254,136,91
70,155,111
150,146
187,97,77
233,106
131,40
270,49
120,116,242
185,13,47
157,297
188,175
194,39
36,17,41
32,14
209,62
255,142,43
76,286
108,32
245,177,307
52,20
130,76
54,252
215,152,296
113,21
286,161,203
103,48
66,94,206
71,24
160,308
255,142
301,185
158,48
80,110,220,45
242,80
155,124,162
15,305
11,52
260,60,100
174,159
65,203
132,114
206,106
185,202
95,322
241,215,277
190,116
246,35
32,121,252
94,150
190,119
3,260
84,38
179,219,145
98,244,221
41,212
196,222
126,150
18,3
201,116
67,126
245,11,122
139,294
0,154,25
137,139
132,294
43,105,134
264,64
155,163
160,229,228
61,237,151
88,140
4,260,257,3
77,142
286,303
193,278
191,68
306,221,101
20,254
28,112,29,240
127,98,101,286
186,110
244,100,98
88,140
77,139
10,319
54,60
25,82,26,154
216,301,30
261,175
0,171
46,178,135
115,16
102,127
306,104
138,226
310,140,88
121,14
161,127
150,167
185,59
12,197,32
165,28
19,225,247
97,74
77,178
87,166,37
97,242
71,205
209,10
81,242
52,207
140,36
29,0,69
208,8
237,101
221,151
296,151
126,0
18,257,61
154,160
148,165,124
215,33,232
168,136,122
111,162
8,272
79,116,142
82,83
17,175
311,20,91
53,17
29,124,84
152,108
36,16,8
247,16,246
68,174,106
51,4,59
19,214
30,76
55,60
282,82
51,48
168,17,88
82,70
319,207
233,155
122,6
194,186
308,25,126
173,171
142,138
251,112
171,191
17,177
45,144
130,197,286
156,41
249,117
252,199
225,287
184,215
203,121,298
47,101,244,51
191,240,299
3,50,151
98,101
61,4,108,301,99
79,22
259,246
2,68
97,79
93,21,255
186,242,131,325
4,244,257
141,17
111,263
50,49,161
80,292
221,108,215
17,36
49,51
237,14
63,20
76,189
100,185,297
89,319
303,281
41,34
282,69
8,245
3,280
1,224,6
125,160
190,113
244,3
266,231
110,81
135,181,309
103,32
131,187
37,283,84
232,108
162,23
224,172
226,119
303,237
93,120,145
235,89
176,246
83,229
233,126
228,23
186,120
266,173
267,89
155,1
242,43,142
272,63
143,45,187
85,238
154,308
319,212
92,120,242,117
50,304
1,84
74,131
279,88
199,76
133,83
304,3,157,30
49,241
144,105
62,248,236
28,125,124
47,76,244
73,283
205,165
88,52,17
128,124,300
33,203,152
61,48
257,260,298
27,68
287,272
53,140,248
207,192,213
231,0,165
270,14
116,80,114
3,30
34,95,246
232,12
102,244,103
134,326
47,218
310,88
175,34
168,9
48,211
95,322,19
15,235
50,60
188,225,213
195,117
4,211
49,301,47
276,144,186
89,168,287
96,113,180
8,90
91,94
116,39
97,116
273,48
285,98
40,220
191,283
36,176
318,157,284
31,49,221
189,103
287,310
251,146
137,123,201
285,239
35,210
171,29
121,260
295,101
309,326
0,167
122,261,53
155,26
84,251
21,222
317,53
9,214
229,172
200,81
70,84,0
6,308
326,93
271,212,19
232,244
98,99
79,292,131
100,237
124,26,28
296,280
185,102,4
55,49,157
160,29,82
74,190
98,185
61,244
50,221
319,19
42,88
320,61
181,276
177,245,52
296,121
141,314
137,274,22
0,233,205
114,187
120,79
185,161
156,290
0,87,28
145,40
205,0
249,144,113
93,294
249,309,179
97,113
85,25
50,14,108
226,144,116,22
264,98,100
250,182
237,264
251,313
113,139
203,199
246,279
6,37
143,219
3,76
52,290
126,71
269,155
94,172
155,163,239
204,172
53,265
43,186
263,84
299,73
18,59
9,156,278
181,105,143
186,113
101,301,161
120,226,135
125,155,167
147,109,181
252,244,64
57,266,150
84,66
138,200,226
38,169
43,93,79
215,55
79,153,294
260,280
43,142
4,18,296,31
51,22
286,60,211
160,69,165
187,234
0,229,240
227,291
15,290
205,231
78,292
94,124,84
23,154
171,66,251
136,8
216,237
235,210,36
241,65,98
177,246,20
270,12
104,197,320,157
237,318
196,201
126,205,224
73,28
151,51
247,35
151,32
26,231,37
155,233
120,143,187
265,10
257,185
274,45,226
222,114,194
167,38,68
311,290
248,36
287,20
79,180
248,214
128,112
108,103
15,7
209,208
46,220,187
15,95
17,141,279
49,286
206,155
146,133,283
197,55
264,127
306,264,33
31,211
15,207
81,242,131
207,36
85,154,84
162,224
35,176,10
281,48
0,126,283
18,215
211,264
121,244,50
280,252
29,28,233
81,116,134
96,190
205,85
207,217
89,20,261,17
63,122
48,31,103
71,1
209,15
131,43
153,113,222
57,94
48,101
310,53,36
221,3
76,184
221,12,13
146,2
113,39
201,194
284,50,203
226,179
21,116,294
251,37
91,63,183
47,48
88,95
89,15
238,94
201,222,81
113,116
117,109,79
15,36
88,91
181,145
168,230,275
84,112
231,6
307,136
3,50
1,38,251
246,8
40,117
51,237
114,46
28,57,37
102,4
37,38
191,269
76,54
249,21
239,148,68
301,51
146,240,23
244,64
263,238
4,157
53,122,8
41,15
215,244
166,239
300,133
56,24
177,321,63
280,4
157,289
71,29,266
1,83,172,133
37,27,85
135,114
280,121,151
249,109,22
126,70
140,91
142,93,135
296,61
203,215,72
18,61
38,239
111,155
215,289
142,181
48,185
296,273
182,181
284,98
186,40
177,63
122,176
168,310,91
295,12
207,11,259
184,304
0,162
226,81
100,5
88,265,290
310,36
15,11,34
262,119
18,257,218
201,249
146,162
171,87
284,103
207,9
249,255
25,167,155,84
51,100,215
154,174,206
178,120,45
316,9
294,219
138,109,143
36,236
31,216
228,150
185,98,232
9,63
11,278
82,2
24,174
75,123
88,246
32,244,50
151,218
69,128
142,92
27,229
85,94
0,155
91,88
45,120
20,168
41,321
269,70,111
160,165,124
181,118
100,161
135,77
297,151
67,73,172
95,8
98,14,197
97,255
284,202
243,51
142,138,97
241,237
38,165,126,174
214,290
148,133
13,197
265,188
66,84
274,93
248,88
0,165
319,188
49,151,306
4,202,102
106,0
265,176
35,183
273,197,298
94,224,240
179,43
89,63
305,272
4,61
124,0
122,11
272,88
52,168
228,224
67,148,85
116,79
287,141,268
308,150,174,0
228,172
306,318
111,37
62,35
210,207
111,133
34,53,8
28,58
84,38,67
153,81,93
253,201
24,66,87
197,130
131,309
194,219,293
17,88,314,140
92,116
93,40,324,97
216,48,50
294,292,22
89,291
224,0,283
189,197
251,238
126,124,25
4,286
137,179
232,76
116,79,131
112,191
255,109
235,248
68,0,174
290,140
119,92,255,116
187,220,77
11,19,35
50,297,104,264
95,11,52
49,103
42,176
45,120,138
262,182
77,117
14,59
194,123,201
190,113
69,191
225,15
9,268,248
137,253
74,262
20,62,259
40,276
318,185,48
41,305
223,244
47,215
257,12
260,199,152
294,77
42,236
190,21,324
138,77
235,210,279
88,89
297,33
253,294
182,292
125,37,126
52,275
56,313
201,137
58,112
35,271
205,308
47,157,286
173,0
243,215
100,257,72
53,176,7
229,69,24
207,210
146,85
142,182
215,12,273
139,74
20,35,91
167,0
212,271
106,164
92,220,21
19,42
180,324
233,155,71
198,194
97,226
173,308
118,186
141,17
252,298,104
179,81
41,88
27,85
100,318,280
85,37
298,280
96,117
228,37,67,94
7,52,15
77,326
176,290
286,51
282,165
236,279
50,49,161
184,185
87,165
277,158,264
14,101
298,50,232
53,307,41
177,89,15
311,210
16,52
102,244,260
116,288
0,84
9,227
30,197
68,37
61,31
84,28
275,254
220,135
128,238
142,153
114,105
187,135
91,136
115,90
109,97
115,16
280,289
283,285
47,237
14,121
190,222
126,56
324,96
88,305
52,192
116,145
51,48,189
209,8
64,54
207,91,36
108,3
68,308
112,169,23
16,88
96,109
70,69,146
89,290,305
20,34
300,27,155
107,61,4
220,226
158,76
16,176
142,181,22
258,176
286,100
82,146
12,61,102
36,247
151,3
59,303
45,132,143
218,223,244
32,280,252
145,179
249,120
274,80
238,205
255,81
121,12
82,266,37
169,38,0
63,19
215,61
3,289,47
8,35,10
22,97,249
18,244,50
186,288,178
13,64
296,237
208,278,259
19,210
16,52
86,228
126,1
235,15
234,255
142,97,96
230,177
1,38
146,155
50,31,59
230,17
109,294
185,303
186,81,78
18,243,306
210,52,248
8,175,10
152,64
185,298
290,53
0,233
47,215
294,170
9,156
222,131
1,150
122,16,267
133,238
196,80
246,307,42
38,129
64,151
263,128
36,214
138,75
254,53,227
226,249,142
157,304
239,23
213,279,193
268,209,35
154,84,25
163,205
67,283
301,202,30
88,317
21,198
143,293
104,108,14
167,71
86,67
139,274,40
176,272
84,25
28,37
229,124
71,149
32,12,185
318,100,157
50,5
115,214
274,80,93
170,139
116,179
193,88
162,27
221,320,257
211,99
222,120
234,179
234,139,179
304,260
61,232
252,33,257
179,21
34,290
202,100
19,16,11
284,303
137,242
76,152
255,292
195,187,45
144,324
194,120
253,179
187,201
234,134
37,154,285
66,160,24
225,271
0,285
88,314
214,235
182,153
294,138,190
122,176
127,60
252,61
226,222,39
48,64,202
249,39
50,277,51
198,144
278,209
207,8,95
24,238
48,264
137,249
48,30
188,177,89
117,187
227,36
92,79,21
280,33
187,135
100,237
37,126
257,218
296,61,243
150,37
269,146,173
272,20,141
85,112
166,111
109,292,249
114,119
253,120
221,5,296
97,181
308,191
38,146
179,93,288
80,137,40
92,81,96
88,230
246,267
53,7
226,242
128,240
66,191
122,214,268,193
176,36
12,101
280,244,50
52,88
185,252
257,61,284
6,146,24
301,55
193,168
317,52
66,164,69
105,190
75,198,139
23,239,224
231,263,84
61,203
203,284,298
73,112
6,38
14,306
161,223,13,108
237,50
22,256,21
211,127
251,24,82
206,133
145,74
219,39
0,191,238
231,191
250,45
198,116,170
147,220
223,108,12
101,223,102
69,37,70
75,242
128,24
259,235
103,297
31,14
229,24,111
38,282
74,75
81,117
215,273
177,248
176,16,88
88,319
322,314
71,28
181,143
47,102
8,17,278
116,326,43
251,2
54,252
158,216
6,0
101,197
265,183
18,244,298
52,34,319
307,91,35
103,295
33,243
292,288,135
203,223
219,77
40,45
70,28
133,251
14,157
285,160
311,20,322
92,114,97
9,122
319,175
175,235
133,149
11,15
70,308
60,101
267,321
308,155
95,307
224,23
84,112
169,70
109,116
16,95,122
178,135
214,90,11
285,38
190,93
25,58
2,231,160
112,146
12,301,100
310,212
225,236
137,135
122,17
162,283
170,79
236,188
22,200
91,254,42,11
84,28
43,74
50,151
96,22,118,81
7,53
109,116
287,89
159,300
231,84
195,178
89,11
117,274
36,89
3,99
27,58,162
186,294
6,299
220,181
73,300
294,113,220
93,179
24,82
139,288,195
111,251
215,33
140,88,7
88,214
74,114
257,3,107
306,280
135,222,274
255,105
20,88
17,42
45,219
15,210,20
254,177,15
36,34
161,244
16,207
165,160
172,205
146,66,163
301,203
239,0
73,0,165
13,298
139,92
272,213
201,113
248,95,41
297,18
0,27,155
185,298
289,301,98
50,48
55,184
116,324
117,96,79
121,102
22,226
176,259,88,248
43,196
273,223,232
25,205
224,112
267,34,156
170,74
121,47,65
56,162
203,151
68,205,165
141,246,122
31,301,100,101
102,61,30,151
246,88,265
238,204
84,1
251,23
35,122
276,143
179,96,226
285,266,150
94,149
6,239,205
279,177,95
139,201,145,110
46,97,200
33,158
137,120
295,237
126,28
51,237,211
35,122
111,238
209,9
252,185
133,146
189,18,49
228,66
140,141
188,235,227
235,10
61,273,296
211,264
2,68
160,163
229,263,73,163
8,246,140
47,237
27,37,124,25
17,34
295,102
19,207
139,276
283,133
9,20
263,164
285,308
39,262
309,142
113,145
80,75
116,134
299,124
201,105
32,61
34,176
38,68,165
64,3
66,69,283
63,272
149,2
41,17
140,271,41
279,225
50,101
34,19
100,295,273
194,97,74
41,140
40,120,137
278,63
42,15,246
245,177,261
186,179
40,292
160,165
76,202
42,7
63,8,9
163,2,83
26,172
88,19,41
155,126
11,53,35
179,255
274,77
11,115
227,265
33,121,151
279,230
210,53,267
283,162,146,94
63,89
188,88
42,175
0,205
252,298
141,225,307
108,121,18
178,79
106,125,67
110,194
190,194
10,291
79,110
2,148
155,57
230,88
244,130,306,202
175,291
18,306,104
179,134
24,111
63,272
150,251
151,318
245,310
214,91
70,300
67,167
267,176,41
16,193
133,166,24
66,112
226,288,109
53,15
258,16
98,185,216,76,30
189,260,298,13
222,116,79
292,222,77
146,38
40,249
284,60,237,47
186,40
41,214
201,186
126,154
42,7
150,70
241,296
185,303
88,19
45,75
88,310
118,190
212,188
50,14,216
42,17
246,91
245,227
91,254
56,146,112
151,50,215
153,294
16,17
284,127
111,162
148,166,165
67,94
260,104
191,24
58,84
240,239,73
165,106
93,45
93,109,234
19,209
64,303,31
93,178,170
285,238
234,186,222,117
111,299
120,142
84,71
157,14
248,88,35
55,257
52,310
1,233,37
109,142
132,135
101,49
240,251,206
50,280
195,293
117,179
145,294
91,210
9,11
322,62
88,17
243,59
202,286
80,309
226,109,170
186,139
218,60,98
186,201,46
149,191
42,20
104,3
104,161
303,14
2,292
261,35,246
168,53
124,84
6,308
214,20
305,176
157,49,281
162,160
53,141,34,176
75,187
213,19
242,222,77
56,6,84
130,100
41,176
215,151,296
84,308
165,124,160,169
40,96
27,28
12,104
144,179
185,264,101
255,79
69,28
213,210,11
139,180,114
71,126,38
49,301,108
209,36,193
319,177,317,20
23,285
117,181
145,220
191,28
273,296,50
12,103,48
116,143,186
112,164
111,299
241,54
8,210
140,207
146,155
229,172
123,132
20,307
124,146
163,299
181,200
244,121
126,112
257,151,98
260,241
37,0
9,16
36,141,212
151,221
306,61
88,17,35
56,66,68
37,111
221,218
4,108
61,55
78,131,219
74,153
53,7,15
128,191
80,77
310,42
171,111,251
49,76
101,252
29,155,167
240,229
66,24
37,38,29
34,17
282,82
29,299,111
198,326
179,22
287,15,290
58,84
244,280
292,39
67,24
283,163,191
97,144
168,267
87,37,174,251
62,35,246
52,272,34
41,236
296,197,13
43,249
226,92
199,244
24,228,68,238
253,186
103,303,241
24,111
113,142
166,82,29
252,108,48
84,167
123,179,180,249
76,295
84,68
98,221
71,84,231
216,297
229,66,112
265,17
273,232
150,73
49,157
304,49
203,215,50
252,51
326,255
27,1
210,140,17
2,0
45,21,109
88,10
287,16
61,237
148,56
291,52
184,185,103
222,135,198
47,264
118,253
222,293
121,161,232
250,255
191,24
220,200
14,50
205,165
75,120
53,305,210
67,146,150
1,160
67,70
90,8
123,222
123,105
273,324,260
190,292,144
233,0
152,298
174,73
63,214,7,176
176,20,236
108,33
220,135
73,174
89,140
40,74,201
147,262
264,18,232
168,20
130,30
69,228
298,304,33
307,122
4,33
103,215
120,195
67,2,228
76,301
210,168
54,50,244
10,183
107,232
126,233
97,186
324,54
247,36
64,303
3,31,298
19,122
237,158
105,250
94,24
264,277
179,198,74
79,22,190
53,235
237,252
0,126
118,22
251,128,162,82
150,67
185,237
97,234
176,15
112,69
184,304,264
117,153
34,53
139,22
297,49,51
105,179,113
16,8,268,89
207,213,246
37,150,0
96,116
309,190
134,77
176,287
203,185
22,153
224,238
105,119
67,162,191
248,7
34,176
8,213,95
308,69,67
68,251
11,193
318,273
47,203
194,80
179,120
42,20,207
29,84
168,279
6,169,205
22,132
69,2,27
238,146,129
134,79,138
274,113,201
92,178,139
89,212
245,53
314,210
190,234,79
255,195
266,128,162
291,136
229,23
301,51
193,207
126,84
18,243
95,261
242,249
178,77
305,176
18,151,152
256,116
308,94,163
87,224
177,41
10,8,16
77,118,79
85,25,233,112
57,29
160,239,174
43,222,123,200
144,78,116
67,163
189,48
211,184,50
76,243
210,7
119,143
186,195,293,120
264,218
266,126
244,49
131,74
148,112
141,272,176
185,76
114,92
126,159
239,269,162
177,95,261
130,270
41,322
37,29,269
76,158,157
292,113,182
251,67
126,1,84
32,223,161
91,207,230
171,133
21,234
238,283,126
47,301
222,123
3,104
38,73,29
23,1
271,42
59,241,202
12,151,18
116,123
0,38
175,141,279,16
71,24,112
60,33
36,236
305,208
100,47,14
301,158
179,315
181,288
122,319
109,96,79
50,284
50,54
218,50,215
3,286,237
214,246
29,282
71,204,87
308,87
41,15
301,252
20,246
231,71
113,39
231,166,160
184,152
110,132
190,43
205,29,124
51,99
119,113
163,87
249,74,22
179,39
33,32
124,228
287,140
95,150
124,308
42,214
160,231
79,222,201
73,2
206,285
186,135
53,41
99,211,104
24,27
201,220
180,105
97,226,117
254,307,311
48,185
149,155,206
41,52
139,81
8,11
11,8
144,21,190
35,19
286,60
15,236,41
86,269
226,138
45,178
8,17
185,264
193,35,176
52,16
124,150,84
272,15,122
82,86
160,269
303,55
9,11
257,50,218,260
248,42
227,319,314
271,15,168
179,249
285,111
168,34
88,271,141
220,255
210,15,17
310,227
225,217,88
47,65
61,243
212,63,287
285,166
200,262,117
1,299
112,126
222,120
324,119
122,271
62,207
215,108
326,182
76,72
25,163
216,295,59
206,86,283
200,74
188,122
102,215
107,289
42,88
27,56,124
183,89
297,32
135,253
147,117
233,70
279,53
151,303
114,220
307,122
307,35,95,122
79,220
301,281
178,39
223,203
116,74
130,281
241,280
19,91
131,219,138,153
166,160
120,242
308,126
11,193
210,11,272
94,66,133
146,27
20,7
116,181
132,222
142,117
37,27,166
175,53,267
63,246
20,207
308,38
36,122
310,35,207
1,155
307,16
152,3,101
228,163
178,194,147
91,7
308,148
17,258
6,160
68,163
131,294
93,105,234
126,70,269
42,10
280,12
68,58,67
99,320
98,297,244
39,250
135,253,201
57,56
55,202,100
293,187
17,36
25,231
69,67
105,21
73,283
203,108
13,280
100,157
85,70
167,150
308,37
136,225
185,55
40,294,97,309
42,248
180,117
139,110
277,61
116,119
121,252
242,22
35,214
82,56
11,91
224,150
279,271
145,74
155,29
14,48
103,297
116,226
0,85
214,291,52
190,43
314,17
74,325
118,292
63,254
236,34
140,208
26,205
287,53
79,222
187,181
195,276,178
297,47
49,31
165,37,25
73,205
125,2
310,212
182,178
284,241
160,106
79,292,170
46,201
144,119,226,116
177,20
144,22,182
84,308
149,2
168,212
194,97
306,61,218,215
8,311
0,26,25
74,201,186
263,229
293,253
273,13
122,115
310,34,140
285,111
174,163,68
5,199,76
234,131
77,39,46
3,280
132,109
286,185
179,142,255
52,246
36,95
211,130
60,54
81,186
108,51,244
242,170,178
193,35
185,237
16,245
282,84
23,238
265,42,111
180,200
1,302,37,71
242,195
242,96
52,290
47,49
48,320,100
264,31,241
24,240,162
22,97,123
7,16,217
5,50
150,86,24
139,147
305,95,36
187,143,77
264,55
95,35,89,17
203,273
303,130
124,299
150,37
38,85,111
49,101
10,311,16
35,209,11
97,142
162,124
296,281
173,146
138,119
242,294
24,70,172
9,193,89
325,109
132,196,134,93
113,119
120,142,39
233,146
23,299
287,36
181,117,105
54,32
268,307
266,68
26,205,149
291,34
60,47
273,260
21,234
198,292,43
122,177
2,228
192,16
56,263
178,222
24,300
97,119,79
64,107
191,238
76,284
203,51
170,255
143,109
33,108
41,230
124,56
217,35
82,204
193,20,11
48,237,76
48,32,241
89,8,312,141
4,32,157
122,20,209
275,88,36
162,128
37,167
21,249
194,170
246,214
143,178,74
229,251
168,88
317,15
48,3,47
51,211
21,116
32,232
283,82
235,168,213
9,20,156
137,147
130,101,55
246,278
190,81
145,97,200
99,185
5,218
211,304
310,267
324,113
0,29
84,82
28,58
84,160,126
155,29,28
190,116
300,37
100,243
246,19
62,307
294,40
224,73,206
174,111,251
279,235
188,41
141,307
251,71
81,44
234,117
65,102
143,222
50,130,32,102
28,94
73,163,112
242,198
16,214
3,61
277,61
80,109
113,292
280,31
280,221
234,249
14,237
189,68
234,93,109
45,242
298,18
182,143
136,314,88
167,66,269
105,138,116
171,70
178,220
251,299,112
112,167
269,229,71
74,186
169,2
135,21
47,197
284,216,301
229,228
260,203
237,241,18
161,32
251,239
151,61
229,94
207,141
89,140,188
255,143
42,230
249,200
213,307
84,25,154
304,241
181,113
299,38
191,67,163
18,102
187,294,135,288
296,4
237,284
234,80
111,155
120,113,114
208,212
85,167
0,228
322,188,213
104,215
35,89
25,0
185,130,241,100
283,112
149,37,160
252,216
310,176
7,88,140
250,249
127,318,100
99,303
236,254
245,248
184,301
232,281,151
185,280
78,292
77,114
296,244,277
262,79
255,21,109
137,97
39,179,114,190
97,190
290,168
39,255
18,298
181,182,190,255
29,0,126
134,137,178
155,124
24,82
6,85
160,231
233,124
310,291
38,171
287,290
40,113,74
170,242
4,61
11,156
61,108,64
279,52,17
100,50
257,298
126,71
211,49,104
287,235,89
84,150
73,174
165,111
86,308
80,226,242
240,1,23
133,204,67,229
195,132,170
27,126
98,100
56,37
186,131,242
242,123,195
101,47
238,160
20,207,19,307
151,48
287,89,88,141
15,183
221,65
183,279,16
202,257,18,277
250,145,109
18,32
154,191,37
294,138
287,267,275
70,106
70,163
37,0
156,52
245,193
263,146
68,24
77,147
24,229
251,71
265,15
260,151
53,70
274,39
305,291
15,36
179,114,96
29,204
140,88
215,103
240,162
25,285
230,268
226,39
265,8,34
88,42,267
97,186,40
290,88
195,220,74
141,290
239,29,160
220,276
293,222,186
291,89
101,99
140,213
224,68
109,21,292
282,231
110,219
177,305
174,82
235,91
125,0
308,26,239
134,96
113,194
11,122
246,258
229,299
127,55,50
212,272
294,190
158,51
301,130
223,3
156,214
219,137,45
38,163
187,78
185,216
34,136
89,305
185,264
207,175
121,130
80,45
14,197,3
308,58
157,241,59
193,36,272
97,198
49,244,161
205,155
257,5
266,299
151,18,61
171,239
16,11
15,95,207
107,221
233,126
164,111
326,179
168,246
195,77
286,303,49
79,195,105
145,135
58,6
38,37,68,26
168,265,36,310
303,211,98
126,155
27,155
11,246,254
244,151
71,37
150,0
278,287,141
233,283,0
108,260
217,19
25,154
172,126,69,163
20,11
23,112
176,279,305
113,116,234
146,67
26,233
59,3
261,246
177,176
108,203
266,1,71
98,5,304
296,161,152
30,103
124,133
204,173,57
68,112
186,93
255,75
23,29,126
258,15,11
151,32
252,64
79,242,276
162,38
148,266,1
108,3
175,162,140
163,69
200,109
320,264
99,189,14
242,187
266,160
137,186
286,98
284,203,211,5
74,131
188,319,41
52,176
100,60
113,180
84,25
319,175
274,187
98,60
136,207
152,18,257,48
162,313,37
160,27
308,231
120,196
216,185
37,231,238
187,22
242,21,326
156,207,16
47,64
5,203
56,124
298,121,127
260,244
244,257,273
256,77
215,237,284
213,207
24,300,111
78,22
244,49,99
140,156
154,85
172,126
139,196
275,210
157,301,100
0,308
175,42
78,93
197,4
77,114,179
142,21
116,113,21
143,179
278,88,245
19,246
47,98
248,290
252,64
158,72,14
98,100,103
0,148
70,239,300
287,210
140,11
53,89
203,157,98
24,269,124,155
185,47
127,306
19,91
186,78
75,143
28,26
41,319
187,195
307,10
246,115,213
10,261,11
287,217
73,112
187,105
1,38
45,40
162,2,133
34,271
113,142
84,148,26
77,135
196,178,97,198
29,2,1
133,162
65,252
276,187
162,299
122,307
204,191,173
266,28
234,123,97
24,162
169,266,146
280,64
112,71
186,187,110
78,250,43
287,36
252,50
317,246
19,63
297,103,303
191,238
62,95
8,19
236,20,42,310
190,97
211,296
310,321
3,252
264,296
14,101
200,179
81,255,39
319,279,246
69,82
105,77
319,317
140,63,176
93,250
286,297
83,300,111
223,13,61
162,66,24
297,59
67,171
137,105,40
50,232
95,19
101,189
122,259
301,199,298
116,226,21
120,178,77
310,20,307
223,76
38,1
108,273
168,235
19,209
135,120,198
177,246
203,5
200,105,22
121,18,257
37,1
1,129,37
128,84,70
22,186
77,200
125,87
50,244,18
62,210
220,113
219,135,143,113
20,254
137,200
217,91
163,2,251
97,226
242,178
79,143
287,319
243,32
114,131
189,32,3
73,299
62,207
304,98
45,222,135
1,124
241,197
260,65
88,89
326,182,309
47,232
208,95
148,84
34,305
121,108
203,108
68,133,69,159
280,303
19,235,88
103,286,76
171,204
301,232,49
221,264
52,88
18,298
1,282
32,244
242,220
42,193
205,83
252,157
9,36
205,238
52,279
117,200
11,261
272,193
203,50,296
54,13
269,126,263
112,111
46,97
108,289
121,257
103,18
48,197,64
276,109,242
241,157,30
165,163
146,68
294,131
109,255,97
154,82
126,174
34,246,115,42
8,235
174,68,87
168,246
116,123
65,51
243,257,33
33,31
17,319
92,138
124,163,233
227,290,254
114,77
171,313
100,184
290,141
77,75
141,52,16
308,129,27
217,207
142,292,190
170,105
25,238
248,176
173,112
326,109
146,24,73
3,61
235,279
116,138,137
28,285,27
223,244
178,116
37,165,29
34,175
258,213
98,203
175,122,15
276,309,226
233,229,82
19,52
147,110
242,75
40,43
210,310
181,21
22,45
1,68,285
36,141,267
248,319,53
280,51,185
100,218
164,162
17,11,176
137,196
4,281
2,66
178,135
0,37,124
168,95
298,64
7,20
140,248
187,139,22,46
50,232
262,234
77,142
174,112
137,135
149,263
116,123
11,122
151,161,286,51
221,252
11,290
79,92
178,79
269,94,24
141,10,52
253,200
139,116
286,241
186,109
69,94
88,90,15
185,104,12
270,232,260
20,36
15,16
324,226
35,17,177
220,92
3,237
14,30,298
135,195
64,243,152
168,91
294,21,114
3,257
215,99
252,5
255,105,79
216,49
285,205,56
160,263,163
49,189,304
126,308
103,33
98,103
308,154
139,80
176,246
141,212
165,171
94,164
298,280
36,307
190,96
68,266
176,213
283,163,82,68
27,29
24,169
36,210,310
188,230
237,306
284,14
314,20,192
249,220
120,219,294
60,241
196,242
56,282,228
88,209
88,176
262,117,195
292,220
134,200,113
165,68
205,38
140,321,213
209,95
16,88
130,252
23,174
71,163
106,69
50,121
64,76
109,242,114
26,1
213,19,290
289,185,237,151
91,168
232,215
126,266,233
137,46
17,141
164,70
201,137,219
68,224
134,79
77,220
179,93
313,233,24
54,121
224,24
68,172
182,118,97
20,122
271,36
8,91
115,8,91
157,289
314,136
172,173
32,296
284,47,48
138,181
138,78,250
258,10,213
64,103
174,251,73,82
137,74
88,210,177
214,245
71,106
7,89,305
282,133
20,88
288,186
183,91
111,251
50,107
165,238,94
303,127
94,84,174
221,257
91,319
88,207
30,157
105,39
138,43
186,113,118
267,122,271
211,161,158
139,219,135
169,84
279,53
35,9
200,116
168,290
203,3
68,282
142,324
93,105
15,7
301,286
165,224,266
273,257
101,252
126,67
5,32,3
98,286
98,103,55
149,0
207,62
78,294
30,59
102,237
159,173
42,212
269,24,0
290,20
245,53,261
148,2,165
215,49,61
22,118,79
145,97
185,5,76
25,285
210,268,52
131,178,77
209,62,213
277,218
223,130,244
214,62,19
120,274
76,221
36,53
88,53
222,194,178
116,145,219
182,118
141,236,42
255,153,226,22
145,198,187
97,242
126,26,124
112,155,1
223,257
41,177
146,85,150
319,34
38,174
126,6
240,171,73
85,163
52,17
94,172
82,165
189,103
17,122,175
320,4
260,301
238,24
315,234
291,41,53
250,194,74
74,145,222
238,0
241,55
108,244
204,133
116,138
186,137,75
113,22
132,178
272,177
220,137
175,35
13,14
151,72
67,155
21,190
39,117
101,243,127
135,195
248,52,235
282,240
203,104
80,117,276
126,84,160
247,15,42
252,47,203
31,185,107
33,4
319,267,52
42,291
247,11
51,264
217,63
310,214
10,230,16,141
203,101,121
77,222
70,69
62,177
29,38
186,77
74,200,179
52,11
208,16,11
220,222
40,135,170
147,219,242
146,173,162
53,141,214
280,189
8,20
131,222
101,61
78,135
215,257
269,84,106
151,298
113,190,134,22
19,88,10
110,190
108,244
185,49
111,25,133
21,93,234
132,78
186,234,131
131,180,97
290,217
68,55
85,165
101,306
88,267
179,21,196
243,59,98
177,122
256,195
14,127
38,126
195,105
54,5
17,62
162,251,70
241,306,102
146,73
196,79
119,43
171,94
235,52
141,7
301,237,286,185
229,146,56
81,135
85,133
96,109
257,33
0,126,124
290,246
228,133
62,193
53,230,52
210,88,52
64,203
38,160
246,16,8,254
226,181,22,234
86,238,68
85,174
127,14,264
80,186,77
100,151,252
267,53,88
187,40
100,304
133,111
35,307
67,224
93,294
139,135,294
97,145
182,179
26,70,25
41,168
103,100
203,50
239,28,25
126,23
37,68
68,160,57
19,16
209,267
135,143
50,296,18
17,272
314,52
163,228
38,0,28
8,248
242,22
284,51
248,15
66,82
73,124,233
58,106
231,160
120,123
177,213
219,80
56,191
246,177
225,290,193
76,157,31
173,23,163
196,80
59,72,101
237,297
0,124
257,100
30,237
168,210,41
136,177,207
3,61,98
15,17
160,27,173
114,274,80
326,78,81
88,248
228,37,171
79,93
0,150
213,209
91,265,279,310,15
18,60,284,289
186,249,109
80,116
225,7,278
321,192
77,45,145
124,154,106,308
126,164
82,228
47,284
98,241,203
120,132
161,237
201,132
292,249
186,97
260,76
301,121
116,117
4,260
137,93
241,100,237
169,28
144,143
41,7
126,112,94
24,269,154
116,250
174,233
193,20,115,246
46,40
305,236,89
9,35
242,22
194,74
247,136
88,176,17
207,62
299,83
219,74
88,17
42,259
58,231
114,178,45
37,82
15,267,176
18,189
226,96
107,223
133,69
33,211
197,211,203
162,163,73
65,50
296,244
78,294
79,131,109
98,297
64,30
84,126
168,267
273,151,98
112,154,27
182,113
186,195
249,134,113
280,237,320
41,235
51,104,151
97,242
26,0,84
112,106,26
53,268
233,25
153,178
98,301
138,21
116,43
61,286
79,135
22,118
266,69
40,242,145
47,185
307,15,245
37,146
94,160
303,286
36,115
100,237
243,218
285,231
22,79
238,162
126,124,28,266
16,207
237,185
203,306
191,313
260,18
211,55
126,165
93,179
84,37,27
40,74
131,309
280,197
284,60
22,93,39
4,76,103
165,166
321,122
42,95
120,80
279,214
246,95
185,218
236,88
63,42
249,182,93
214,91
80,195,139
241,47
182,105
132,222,170
0,128,282
192,177
22,234
22,226
294,81
207,168
9,11
66,308,56
84,124,231
280,61
13,221,49
17,208
18,221
87,37
43,22
195,117
43,324
51,65,237
13,14,298
287,88
252,13
16,35
15,265,7
175,35
152,243
1,71
142,22
68,0
97,117
165,166
224,191,82
128,165
64,51
141,321
168,52
292,139,226
61,197,13
185,98
260,304,257
144,226
196,40,131
185,60,101
226,22
290,140,176
91,17
81,117
102,51
305,175
93,144
228,67,84
131,46
60,260
62,52,95
0,233
56,251
246,307
14,49
51,296,130
242,116
190,123
186,288
37,23,29
7,15
258,9
234,81
165,28
135,195
278,247
208,11
0,233
307,91
112,0,165
83,163,25
214,310,287
205,166
40,139
174,169
23,283
211,14
173,234,3
12,5,260,59
252,32
307,140
161,257
38,82
126,231
242,109
271,235
190,113
266,23
220,309,226
179,119
55,76
105,113,226
260,151
32,108
255,116,139,117
4,303,264,273
42,235
233,150,126
244,13
104,14
223,296
245,307
71,38
116,181
178,77
82,112,146
308,283
266,1,169
101,65,76
148,0,1
228,133,112
216,202,286
5,237,241
242,187,222
89,88
77,119
219,74,222
91,261,268,122
251,106
210,310
264,185
170,105
167,0,87
191,174,56
0,148
68,73
220,219
102,273
143,97,226
35,177,122,8
256,145
173,68
36,287
146,165
177,17
68,124,112
131,242,132
1,163
230,227
97,250
133,269
108,244
147,222
122,259
165,29
116,113
284,14
34,15
53,141
220,75
1,251
0,124
203,12,280
318,280
138,309
146,224
304,50,281
288,120
235,168
85,24,37
52,227
69,37,160
7,279
236,314
11,176
314,141
131,194
68,56,228
121,107,264
105,262
68,308
127,30
21,220,222
34,41,17
248,17
14,47,13
162,146,85,133
37,228
175,287
166,69,84
96,249,81
52,230
116,105
65,215
100,237,130
73,251
245,307,209
104,60
55,301
238,251
71,251,238
294,198
260,252
133,94
182,43,116
42,279
314,246
69,313,68
297,301
11,245
102,320,197
119,170
264,4,99
21,182
195,109
126,224
38,37,82
105,118
234,45,262
197,296
184,257
53,15,307
144,81
99,244
262,81,182
186,180,288
55,127
24,68
80,40,292
249,142,144
120,190
32,33,270,257
294,77
131,143
114,40
41,235
40,186
157,284,60
28,229
23,26
53,17
120,194
2,25,68
116,200
34,141
205,58,285
304,241
37,191,111
169,146,68
185,237,152
27,299
91,176
138,294
234,21
76,303,98
140,7,225
88,305
88,213
55,151
224,299
34,175
260,215
28,148
105,220
141,88,156
272,41
8,177
279,52
186,274
125,240
141,287
112,84,27
131,292
13,297,298
157,103,237
37,38
242,114
267,53
165,37,29
172,155
43,198
305,168
144,78
79,123
215,203
82,228,112
84,159
125,26,167
267,287
218,252
242,120
284,241,130
64,121
143,80
92,116
262,143
84,160
37,126
242,75
187,255
267,88,278
177,193,261,136
78,75,79
171,206,1
64,127
14,151,297
105,190
3,184,158,157
19,124,122
186,21
29,167,160
29,84
123,219
56,172
290,136
80,143
22,234,120
198,134,117
257,108
226,250
14,101
262,117,138
85,205
141,88,52
91,19
31,295
21,315
63,267
68,299
301,280
20,36,247
16,8,9
81,180,40
282,224,146
139,186,220
244,12
20,95
112,171
195,220,186
233,160,106
99,215
228,133
174,2,155
140,210
17,53
115,290
146,162
290,225,15
174,165
88,140,34,279
15,310
187,147,40
168,287
104,13
307,140,62
100,103
75,222
0,84
13,18
207,305
153,309
269,266
39,117
66,25
138,186
160,126,206
238,299
133,239
18,203,151
17,52
272,36
203,151
280,264
135,242
8,261
122,246,41
188,272
32,260
153,135
226,45
21,180
69,67
167,73
114,132
237,18
123,44
53,36,19
151,252
191,251
104,14,76
136,140
29,70,37
12,50
108,18
0,231,285
205,283,251,308
310,7
263,0
96,105,113
56,239
292,220
67,68
284,64,301
144,93,256
244,232,51,3
269,233
50,221,280
158,5
278,16,193
290,177
73,204
140,7
126,205
89,176,41
113,116
0,238
186,145
32,100
150,0
162,126,160
207,122
67,83,66
186,222
147,194,120
220,255,40
170,186,190
207,122,213
69,251
6,308,233
8,63
290,140
74,187,143
148,146
135,131
237,223,303
249,143,222
217,314
100,158
29,150
319,209
209,141,310,272
138,262
11,136
113,138
79,142
71,285,25,128
19,214
37,0
147,309
79,182,43
225,52
186,40
83,29,6
246,208
209,63
42,41
66,73,111
17,34
146,68
180,309
151,157
83,26
109,81
308,69,238
64,108
112,0
137,135
65,152
135,187
37,172
237,130
290,53
130,14
221,99
185,237
245,176
171,266
111,56
110,77,293
216,185
89,11,213
38,28
49,306
284,127,51,30,221
19,305,168
116,242
88,230
305,168
108,280
89,141
220,110,147
47,99
100,273
67,206
186,110,219
52,245
94,299
282,83
51,130,301
66,239,205
137,201
136,35
303,284
230,176
100,72
205,148,29
291,88
172,173
116,80
38,165
4,184
85,25,239
99,264
11,254
233,0
129,84,165,82
113,242,187
298,237
11,16,246
192,7
113,292,39
200,97
153,116,138
201,120,109
124,150,85
161,104
148,238
201,194,80,137
62,272
0,302
40,178
61,64,33
104,127
53,214
214,36
13,244
109,180,222
118,255,116
155,173
245,63,209
99,55,303
210,122
169,124,160
151,101
89,41,305
53,176
4,50
137,74,77
46,198
141,168
251,29,160
228,160
103,50
141,213,36
75,120
127,103
68,126,172
257,54
257,298
219,145
160,84
40,182
187,120
169,24
51,130
257,3,104
160,37,2
95,230,323
322,20
36,247
140,34
128,191
69,37,38
27,24
88,10
117,77
234,242,93
283,160,148
36,90
68,171
284,306
185,303
121,199
242,178,274
38,165
118,97
132,139
233,37
56,229
209,217
0,165
38,106
91,20,11
1,146
81,309
73,282
19,176,209
245,207,95
287,290
247,248,15
71,28
217,275
120,39,78,249
214,245,207
278,36
69,133
191,133
0,106
151,55,203
173,73
307,278
33,50,298
68,85
21,194
72,184
188,52
209,314
55,244
317,89
52,16
68,85
198,77
103,130
261,227
244,50
196,190,135
28,167
135,40
170,77,137
314,287
177,115
29,82,167
202,161
264,102
174,162,73,24
137,45,117
235,115
48,130
242,139
32,184
52,53
49,158,104
207,95
48,158
257,64
149,266
222,186
97,196
170,135,137
174,146
242,77
306,257,103
127,49
0,165
21,118
116,118
176,207,140
189,98
273,298,199
233,37
15,319
0,84
78,117,93
113,79
205,111
286,100,60
29,1,111
49,130
155,126
123,143
231,150,0
194,139,131
17,34
268,214
163,126
88,209,207
176,212,177,217
213,95
22,117,116
126,302
225,10
119,93,134
3,241,103
174,70
184,237
201,138,81
0,233
162,240,238
5,151,296
226,131,242
284,158
105,180,190
35,321
18,47
301,101,241
326,74
37,85,150
138,182,22
7,52,88
186,137
68,154
214,259,20
264,108
112,224,163
80,147
119,143,153
247,235,310
162,23
22,39
136,177
43,138
35,217
314,141
29,238,37
91,16,192
178,135
136,183,209,20
190,135
290,53,88
261,11
152,13
239,28
255,234
186,97
40,179,186
284,48
181,182,109
301,273,297
209,307,41
256,195,190
290,53
88,41
2,87
0,231,308
77,40
113,92
244,252,260
179,234
37,6
88,271
37,111
68,56
6,84
275,168
39,242
100,30
101,320
312,35
241,31
41,34
21,135
261,63
20,11,88
178,119
162,82
185,101,130
301,161
105,309
217,11
34,248
286,76
157,55
209,176,62,271
61,18
23,133
307,275,20
98,3
6,191,84
24,146,67
120,181
109,97
314,19,210
95,91,89
257,223
63,207
180,142,81
87,82,239
319,42,307
47,185
144,294
263,66
233,133,68
68,83
217,17
98,51,102
67,2,26
168,227
94,28
26,6
248,19
34,10
224,73
37,82,1
112,163
88,207
237,55
73,171
191,0,160
116,324
243,306
264,64,243
207,245
73,2
95,62
80,109,220
277,296,102
34,90
175,42
68,25
217,63
73,68,173
202,211
261,193,19
19,136
135,293,219
194,145,110
287,319
221,218,281
8,268,267
255,249,222
261,122
21,81
290,175
279,52
103,203,49
308,238
160,165
32,5
59,151,202
228,300
92,147
96,117
238,37
298,295,185
3,296
130,203,33
3,103,18
109,81
89,290
137,315
20,287
72,3
0,126
79,139
100,76
109,292
144,182
174,172,163
52,36,209
30,260
69,308
69,162,68
249,109,118
298,61
136,11
170,75
117,234
88,267,36
298,252
203,303,76
106,23
8,95
233,126
136,95
214,122
66,240
210,36,290
251,67
19,261
279,245
59,237
267,265,168
174,285
70,205,233
100,49
157,55
245,209,236
103,72,55
221,98,218
200,39
94,106
303,76
138,186,222,242
282,172
227,305
17,140
11,217
254,245
286,100,49
197,47,277
41,36
195,45,145
235,279
115,8,176,89,91
65,3,216
160,169
56,28
101,61
50,184
303,121
135,242,194
20,17,8
320,215
229,68
15,88
145,116
186,120,135
155,112
130,185,184
260,244
29,85
299,163
172,173
110,198,45
252,3
152,54
301,320
199,61
143,179,262
184,31
65,157
207,192,254
235,7,42
209,261
20,217
293,77
235,17
266,85
55,51
257,51,296
0,94
125,68
135,22
115,177
130,104
203,260
307,275
136,192
39,79,138
204,73
146,174
101,3
257,121
123,226
213,16,319,314
247,140,36
97,143,105
173,68,111
54,203,48
255,105,179
207,246
262,194
112,71
184,243
160,205,285
13,296
97,113
180,21
40,194
118,109
3,189
216,55
20,16
145,143
156,8
251,83
220,137
187,120
135,220
301,215
81,39
112,25,23
55,296
267,52
191,204
244,298
308,58,87
33,161
317,209
88,176
51,48
296,64
114,186,45
303,76
38,28,2
13,108,18
154,238
97,81
67,70
118,182
174,165
84,73
11,115
205,1
61,298,101
49,50
292,81
128,229
76,55
145,178
233,149,155
28,205,150
23,174,84
41,34,248
237,103
150,28
112,173
50,284,60
29,269
82,269
153,109,131
189,127
151,18
219,131,242
264,49
174,299,71
290,41
165,85
3,76
300,37
37,28
249,96
195,110,198
308,165,148
51,49,98
25,26
6,191
209,246,321
122,209
260,50
190,144
298,232
290,141,168
270,121
126,0
131,43
154,86
104,48
134,40
1,71,231
3,286
16,278,20
245,115
154,231
15,9
244,237
150,149,84
22,288
113,21
309,196
71,313
48,264
40,75
228,29
303,47
296,232
141,291
199,102
49,277
22,113,181
279,271
128,73,24
104,243
158,221
266,191
141,15
126,146
151,280
29,124
193,35,17
142,123
122,16
93,262
257,108
73,282
280,108,215
212,175
61,99
136,90
96,74,45
76,64
202,301,59
101,284
265,175,207
66,82,29
218,203
235,271
109,45
85,150
257,252
70,164
169,94,166
176,272
76,103
50,32
298,280,14
185,55
76,243
195,46
53,141
118,234
47,55,286,277
241,185,99
61,244
251,172
130,98,59
116,80
140,141
45,131
226,105
242,139,294
131,220,74
172,163
116,182
160,66
301,297
136,35,63
196,276
197,31
163,38
228,162
164,94,159
210,34
268,209
7,183
8,177
285,85
233,299
73,85
106,124
234,131
194,45
103,49,101
278,177
204,25,169,0
178,255
122,10
80,113
142,97
49,211
42,91
284,286,48
56,171
310,291
5,280
34,214
290,267
164,174
75,234,198
116,137
239,165,85
24,94,313
213,11,20
313,29
177,192
58,169,165
37,84
185,223
205,149,148
126,204
172,68
71,251,124
37,133
46,22
301,243,252
222,131,116
36,290,248
174,163,191
135,116
225,188
111,171
77,131
133,23
38,174
8,305
56,67,173
298,306
311,209
311,141
307,177
135,256
11,214
22,116
176,225
131,40
62,177
17,188
118,137
255,147
18,203
249,138
69,126
113,138
285,29
52,235,183
29,124,229
176,20
11,35
255,21
111,283
217,122
10,267
307,258,88
209,19,177
295,184
181,294,97
9,35,62,261
187,43,147
205,169,191
3,260
86,24
78,92
157,18
31,14,100
136,246
14,244
283,163,84,26
319,176
20,19
81,114
141,227
133,24,299,169
150,205
51,121,243
24,73
17,11
9,140,62
25,150,0
63,246,95
104,273
28,26
303,59
41,95,15
257,203,50
89,19
0,229
212,319
73,24
214,20
111,206,174
252,51
76,185
112,150
301,152
303,48
80,120,178
98,215,4
97,74
213,207
41,17,210,176
320,4
67,126
104,121
150,57
29,1
271,210,36
179,120,81
283,38
308,0
129,126
290,140
295,54
34,212
51,304
279,53,62
38,57
151,98
101,108,252
21,195
284,32
116,80
165,71
48,184
48,55,51
219,139
268,261
66,238,26
102,244
149,124
45,46
141,42
149,163,308
71,37
246,20
130,237
265,52,17
226,142,178
146,251
322,20,11
36,322
0,126
186,131,143
136,279,246
192,307,16
155,1,148
310,188,7
279,272,267,88
135,139,40
140,34
69,228,0
217,307
203,55
40,219
233,155
127,218
51,14
146,68,308
