0,1
2,3
4,5,6
7,8
9,10,11
12,13,14
15,16
16,17,18
19,17
20,21
22,23,24
25,26
22,27,28
4,29
30,31
32,33
34,35
36,37
38,39
40,41
42,43
44,45
6,29
46,47
33,48
49,50
51,52
53,54
55,56
57,58
59,60
61,41
62,63
64,65,66
67,68,69,70
33,71
72,73
74,47
63,75
76,77
1,0
44,78,79
80,33,81
78,17
82,79,83
84,85
73,44
86,87
16,88
89,80
46,90
25,91,92
89,93,94
95,51,96
84,97
98,8
99,100,101
102,103
61,104
105,103,106
60,107
108,33
80,109,71
108,110
101,111
112,68
113,114
115,62,116
2,99
64,117,118
7,11
119,120
75,121
122,71
3,123
48,124,125
97,126,127
128,129
74,130,63,131
132,11
112,133
77,30
134,135
105,15,4
30,51
130,136
137,138
65,139,140
108,131
141,31
13,142
143,144
145,58
146,147
52,87
148,149,58,125
150,107
151,82
4,72
152,66,118
153,103
42,27
154,1,151
28,155
156,66
117,157
158,118
2,159
160,64,147
148,63
141,142
29,83
94,121,150
126,161,85
162,163
158,160,137
105,164,165
166,108,167
158,168
169,161,170,156
171,95
26,92
172,57,173
133,98
174,169,160
175,25
154,176
22,177
168,169,178,42
31,2
179,180,87
181,182
11,78
114,27
103,7,135
115,163
183,184,141
185,186,87,187,13
188,118
65,117
189,175,60
190,191,109
177,113
15,68,192
137,193
122,93
194,2,120
195,196
197,198
148,62
199,200,66
201,73
136,107,148
170,27,202
203,28
94,75,204
24,199,158
85,28
205,41
4,206,153
53,90
134,207,208
29,209
189,115
14,39
3,2,210
167,211
21,163
74,58
207,192
104,212
52,171,119
186,55,213
45,214
107,148
215,129
216,81,92
85,217,156
161,205,203
218,47
36,171
192,219,220
112,219
221,64,222
107,223,89
224,76
87,187
102,4
194,52
46,60
110,125
42,118
225,211,195
25,218
8,69
116,226,22
227,41,64
78,228,5
145,35
99,184
229,40
230,39
45,79,11
63,130,173
83,11,16
231,232
194,123
233,6,44
53,183
107,145
52,159
11,219
102,29
141,30
85,215
219,4,234
125,235
114,169
228,15
180,179
96,236
237,4
198,33
24,212
184,36
238,19
37,180,90
134,1
213,179
155,222,147
147,146
164,105
28,127
176,209
239,56,123
11,15
10,17
82,176
17,240
72,103
40,227
134,29,73
115,109
75,172
241,53
60,115
87,242,243,52
125,211
147,139,178
244,245
40,42
148,145
32,71
3,246,247
84,203
85,215
111,12
82,134
99,142,39
26,60
57,148
8,151,45
71,81
248,135
108,145,46
20,249
27,222
250,226,239
251,252,175
123,95,39
33,253
67,220
43,170
33,125,204
74,21
173,71
99,254
255,205
171,111
50,45
256,238
157,257
130,129
66,227
89,33,195
11,73
44,6
82,233
258,123
100,119,259
11,260
116,125,173
66,28
99,230
183,141,184
54,159,179
169,161
96,261
42,262
240,79
17,88
125,252,218
201,263
138,139,161,264
239,236
72,176
30,184
1,16,153
80,74,108
26,150
50,79,72
265,126,266
257,200
32,116,196
42,147
103,143
163,267
22,265
3,210,236
83,201
92,268,80
122,269,270
215,265
72,19
4,16,29
156,126
206,133
108,267
69,271,6
117,160
200,140
272,54
188,118,169
273,235,93
6,274
109,275
249,163
117,188,266
11,101,114
41,227
117,118
265,255
117,118
248,240
215,27,160
198,59
198,94,93
38,12
276,198
277,164
278,120,2
42,279
154,50
116,26
179,194,142
276,148
39,37
220,82,78
46,225
271,8,134
142,87
184,37
130,94,108
240,11
111,242
130,162,107
11,143
107,172
124,216
111,76
41,64
101,111,142
231,142
167,252
26,280
154,10
210,180
94,21
146,257,128,215
39,100
233,5
168,188
183,179,39
91,211
148,74
26,273
85,104
281,201
115,282
169,178
256,79
179,283,186
16,284
105,98,88
262,113
10,181,8
5,260
4,285
195,150,81
38,272
183,87,95
171,31,14
15,72,103
77,55,286
125,109,172
141,99,185
111,185
77,30,31
220,98
60,62
41,287
39,288
218,148
109,130
85,245
289,183
132,9,72
290,279
179,3,51
23,147
176,17
270,189
164,44
197,218,163
248,201,15
17,8,88
55,236,87
133,11
185,246
157,97,215
291,22,222
41,244,28
124,71
183,239
60,108,253
269,163
138,168
206,98,219
147,22
47,130,216
32,235
230,247
200,84
227,160
178,97
150,249
18,98
106,9
142,184
80,273
219,88
20,58
109,59
128,169
67,181,70
292,203
182,105
107,282
179,56
46,191
102,209
62,46,115
55,258,100
210,101,95
226,3
215,127,244
142,250,37
127,244
201,1,176
144,135
222,127
271,17
67,11,260
95,171
118,168,139
85,202
100,171
119,258
44,134,206
279,127
27,61
216,252
2,31,293
25,75,81
142,213
210,30
45,4
194,239,294,236
53,55
14,293
268,58
116,172,218
197,57,34
102,248
202,43
180,90
199,244
53,295
189,57,93
67,11
197,74,91
150,173
42,24
116,34
194,183
8,238
241,296,210
17,144
157,118
71,125
211,63
265,229,41
3,186
99,278
297,140
13,100,231
218,122,48
178,40,114
77,53,111
6,78
56,298
238,144,5
226,76,37
56,261,3,179
75,130,299
48,166
170,156
117,158
2,55
268,225
198,34,80
135,192,82
25,108
218,20,275
92,81
194,250
76,53
77,171,2
20,198
6,201,112
127,128
141,99
287,291
14,55
69,271
70,1
300,42
76,230
154,220
95,179,283
71,21
203,156,139
140,146
250,288
60,218
3,51
209,165,10
97,301,212
144,103
292,113
234,102
273,122
302,236,194
125,25,252
140,227
135,6,134
133,206
3,194
13,14,87
104,205,156
203,200
116,74
113,222
136,191
66,152
227,61
248,219
24,147
76,30
29,143
273,93
239,259
41,168,22
119,99
303,146
304,278,180
43,221
140,156
77,37,171,259
263,4
168,22
172,94,46
151,68
64,42
153,206
97,212
121,94,80
208,5
170,303,85
239,3
103,135
94,150
0,88
221,193
219,4
293,3
290,215
4,284
161,244
111,31
22,264
59,107,167
108,196,48
228,132,4
60,189
97,130
129,127,168
179,87
103,82,144
117,168,264
134,8,98
194,289
172,163,273,130
60,166
92,196
174,291
106,45
77,36
11,98,192
266,193,65
208,271
92,107
183,13
133,154
305,154,50
267,173
299,211,191
289,13
141,87
248,234
236,194
90,306
107,166
123,99
251,108
57,25
58,136
299,63
217,41,177
13,171
92,175
164,82
70,50,206
307,101
246,52
11,260
108,109
308,267
52,37
204,25
184,247
210,2
21,252,121,81
267,198
4,274
27,41,265
188,300,118
57,267
109,124
40,160
8,6,309
46,252,108
130,115,62
151,67
246,77
235,63
226,142
87,111
48,81
98,181
279,126
28,22
142,293
74,131
115,21
90,142
194,183,246,213
293,51
5,6
310,279
94,48,197
236,71
30,258
12,14
98,311
138,129
25,218
194,298
75,57,312
232,283
150,130,34
0,248
33,93,34
52,38
156,129
231,2
113,23,118,84
46,116,48
155,64
16,4
227,265
15,79
40,160
123,111,179
70,1
132,206,5
118,199,255
87,56
125,172
17,154,206
97,114,217
267,46,136
52,119
50,164
272,141
119,39
90,194
188,303
193,313
132,277
285,83
167,122
78,102,228
148,175
215,266
265,215
159,37
119,96
260,11,112
313,118,117
102,176
240,50,153
228,17,214,240
144,260
61,169
233,6
234,240
41,118
237,233
135,240
234,219,50
215,43
215,188,199,27
188,215
153,44
5,67
81,59,121
153,8
266,40,152
173,47
12,179
177,43
140,303,85
11,17,44
203,227
38,247
102,305
4,240,50
75,93
169,65
259,185
229,160
208,44
88,9,206
19,1,132
66,42,152
151,82
1,15
167,33
60,150
100,111
36,258,56,53
213,36,307,37
30,242
146,205
33,46
95,236,179
105,16
92,48,34
29,144
293,39,12
188,28
99,111
177,160
272,141
94,92
145,280
112,11,70
281,311
308,189,25
101,51
163,235
314,293
264,279
20,173
314,12,111,258
228,214,6
142,87,226
115,175
202,41
186,315
142,183,272
33,93
258,283
33,71
250,39,283
257,174
95,100,241
81,167
316,73
194,239
40,217
209,16
63,218
222,303
108,47
316,16
142,317
92,34
145,116
4,103,19
210,100
60,116
309,154
236,231
313,28
214,102
183,213
14,119
205,65
213,183
62,275
104,40
21,225,211
127,215
224,246
2,51,258
70,16
3,282,62
285,219
108,109,163
291,27
3,39
64,22
5,285
171,13,293
96,39
85,64,28
78,316,19
266,310
172,280,299
182,11
175,190,21,25
249,75
1,10,305,311
221,129
226,76
40,158
167,268
46,282,32
206,6
261,55,90
70,143,5
126,227
43,42
70,135
76,31
227,43
12,210,111
30,37
132,143,79
256,15
54,213
231,194
81,216,167
215,65
269,148,26,21
53,30,230
179,261
282,251
72,176
185,230
265,97
70,182
82,44
108,21
77,111
16,17
68,102,248
248,182
36,99
230,39
164,228
239,246
145,167
184,141
96,123
250,298
99,230
101,224
233,208
318,244
43,27
141,101
153,4,18
214,68
70,305
139,193
206,6
280,167
240,209
206,305,29
43,177
184,243
128,257
27,118
105,248
46,198
168,41,229
1,106
311,15
227,155
160,97,156
19,11
109,162
2,99
11,165
17,228
113,193
209,6
81,93,47
308,122
13,87
162,46
145,48
160,64
42,66
21,26
87,288
64,244
195,172,131
21,218,195,63
100,31,95
57,162,190
137,104
113,178
34,116
33,211
103,10,206
3,230
188,300
60,190,109
81,130,269
25,148
118,97,146
22,139
5,52
21,145
139,203
305,112
283,272
95,52,90
6,1
304,286
156,169
161,245
87,210
56,288
15,135
179,142
288,179
119,31
22,28
59,71,131
118,168
182,82
36,13,247
3,37
82,11,70
94,275
233,176,17
74,251,204
66,147
130,115
75,189
312,94
169,85
15,6
6,256,0
40,229
319,137
141,2,37
252,21,110
216,71
210,100
239,232
222,117,169
194,76
21,20,116
4,135
26,122
96,12
93,167,74
39,247
265,65
231,99
305,284
53,213
93,92
148,125
184,210
81,115
279,320
182,4
147,188
260,206
55,187
289,54
56,210
90,226
118,264,174
0,98,103
161,227
218,34,21
99,298
305,67
4,321
283,3
131,308
217,169
251,48
3,36
52,194
157,217
135,78
195,109
217,114
147,104,169,41
236,296,14
258,99,241
36,186,51
303,97,262
228,15
141,37
58,195,280
185,39
55,286,31,302
128,155
26,189,35
199,66
25,26
210,184
118,22
40,244
228,6
21,122
182,29
122,21
50,207,234
80,89
227,84
299,162
42,174
31,76
135,79
67,73
28,229
238,176
53,14
132,69
184,3
3,14
46,175,92
244,117
112,79,82
63,115
61,205
221,300,169
3,111
267,21,125
126,28,137
4,240
164,132,70,16
188,300
73,214
231,226,194
195,225,267
130,235
295,194
153,17
230,179,141
260,316,143
212,291
279,188
210,141,179
169,202
192,263,151
32,225
171,315
7,10
75,81
301,84
230,101
99,31
286,247
226,55
138,118
220,16
215,139,178
29,154
37,99
142,77
259,99
221,169
280,63
289,246
207,102
11,154
108,148,115
16,201,82
105,248
139,169
86,99
281,16
169,300,221
44,10
304,243
250,239,30
23,215,64
66,157
166,115
76,86
77,99,278
30,210
1,248
81,131
64,227,158,297
33,172
26,276
322,67
222,22
31,293
11,219
116,273
272,87,99
147,264
87,95,186
206,209
278,14,283
222,28,97
216,60,48,71
265,300
142,54
290,22
72,102
111,56
268,110
280,225
70,220
220,135,29,316
240,154,305,72
273,189
172,195
123,231,210
7,134,18
31,3
256,7,135
258,239
72,206,11
93,131
289,224,3
209,105
145,198
35,148
85,64
104,290
205,41
236,55
110,276
231,100
179,259
107,216,150
286,87,180
300,244
152,222
218,57
46,108,130
223,217
206,98
274,271
81,235
75,282
47,172,89
60,34,25
35,33
16,4,214
278,90
288,239,55
59,81,116
120,39
17,4,238
322,134,192
115,116,26
107,150
190,189
28,279
44,29,238
29,206
21,275
236,254
286,258
268,47
169,104
209,78,112
109,125
316,176
15,44,49
194,180
73,322
114,303
219,305
235,116,273
253,162,93,115
63,218
37,77,13
104,22
275,94,195
156,22,255
95,52
121,71
317,258
163,166
22,28,64
34,108,150
99,101,236
210,77
129,212
194,12,286
167,108
250,3
3,123
212,178
96,236
183,123,39
281,151,0
16,88
94,47
261,77,123
313,257
305,176
72,102
230,52
171,53
125,218
60,198
229,23,140
61,188
104,227
224,99,247
229,114
123,258
52,123
128,147
118,64,42
316,209
216,275
34,91
2,52
22,227
157,158
169,138
301,104
84,205
214,79
100,210,289
24,118
2,12
268,91
247,95,272
55,39
138,43,262
119,101
157,104
140,212
62,189
1,208
99,317
234,238
17,201
32,26
132,102,1
303,113
13,54
169,301,118
308,60,81
265,146
104,169
239,194
257,28
307,142
99,86,213
54,283
237,248
35,21
183,30
133,102,50
42,40
219,133
70,5
99,241
63,109
146,323
77,37
37,315,31
21,130,282
5,78
213,51
35,93
170,118
98,72
161,138
120,226
34,93
59,89
267,57,324
265,215
234,105,238
27,321,85
303,170
10,4
138,129,203,290
141,76,77,242
13,296,39
33,251
177,117
24,155,188
211,59,198
87,2
256,106
252,115
52,101,37
56,213
29,105
143,72
247,76,302
168,264
164,201,233
167,75
180,99,38
14,302
35,47
4,134,228
56,3
55,184
32,211
237,209
158,279,188
215,301
246,100
99,296
104,128,139
130,218,26
135,271
109,75
214,154,133
109,167
213,14,302
44,228,164
19,4
19,206,88
161,205
124,34
156,205
259,52
250,288
144,154,50
274,248
316,240,214
135,164
21,175
37,298
63,267
264,319
183,194
4,234
92,235
164,19,82
174,313
53,2,39
244,160
71,198
94,190,148
55,2
154,219
21,109
56,2
75,269
102,201,260
136,198
174,215,290
200,66,117
234,8
13,247,87
1,72,73
51,231
180,194
187,236
97,161
229,40
42,65,118
59,136
160,265
67,153
109,93
109,299
197,109
213,171
240,19
122,58
144,45
2,56,239
190,121,107
60,145
56,39
3,87
17,135
78,17
5,105,18
4,209
192,79
99,119
265,291
90,304,77
181,72,17
203,290
28,303,113
25,148
175,130
118,300
81,175,74
16,68
194,293
212,169
211,58
242,51,96
251,108,46
218,21
289,185
267,163
169,161
96,52
218,115
169,217,156
160,24
229,222
74,148
77,101,30
26,148
194,100
26,267
248,72
124,26
222,188
26,189,74
194,87
75,20
270,282,26
135,17
6,214
189,167
95,14,171
305,256,8
42,227
21,81
51,37,53
19,102
134,206,78
169,156,255
307,226
74,122
236,99
262,140,279
214,79,5
268,299
210,111
219,11,206
208,311,68,105
140,174
184,254
124,166
94,167
290,128
250,37
43,138
3,250
68,325,44,209
133,206
241,326
187,119
125,75
5,73
182,274
78,15
26,162
46,26
13,141
229,212
252,225
281,72
143,220
199,84
135,9
77,194
85,140
197,218
262,229
106,133
185,3
159,53
105,106,17
164,1
67,151,49
141,95,123
88,72,7
174,113
79,233
269,34
237,10
13,186
185,226,87
241,2,183
117,23
90,314
142,14
24,117,127
268,21
175,267
42,127
47,275,190
241,315
133,98
226,13
17,325
191,46
75,91
247,99
77,159,100
87,13
250,13
262,114,97
103,234
204,218,115
6,135
161,85
93,121
2,54
188,66
199,300,266
61,174
112,70,316
22,205,118,168
55,77
4,78
57,21,145
186,226
227,160
161,245
118,65,28
161,255
124,57
301,319
146,158
93,172
219,153
34,109
102,9
57,91
163,109
74,173
214,16
152,127
198,108
282,89
71,116
116,33
166,163,282
68,11
248,144,165
66,41
116,190
56,87,30
87,250
218,282
85,42
191,150
205,200
235,251,92
14,298,187
262,127,139
195,63,268
171,3
51,231,119
221,139
145,273,94
5,154
305,164,135
55,289,304
45,11
239,179
109,115,216
105,240
55,307
81,124
188,202
175,63,116
81,204
4,305
71,130
109,312
22,257
128,178
67,134
215,202
106,8,16
167,59
254,53
285,4,209
18,102
3,236
98,311
293,306,180
113,126
182,240
271,103,16
77,111
241,30
245,104
107,58,136
241,246
150,58
94,195
293,51
73,8,11
75,57
6,206,4
172,35,175
145,225
95,184
137,127,97
200,257,222
233,29
115,270
111,76
197,32,107,218
206,176
132,17
154,16
53,2,171
247,90,77
172,94
100,99
206,106,182
290,140
139,177
88,201
108,195,131
122,60
316,49
126,138
40,64,168
37,111,99
116,34
155,193
71,130
206,11
126,127
115,20
269,149
86,99
214,44
186,180
210,96,39
300,188,147
190,116
192,220
131,172
293,183,278
322,233
4,50
132,70
4,154,72
290,84
313,290
203,264
118,160
204,26
96,246,186
236,37
42,138,321
141,171
148,252,122
206,143
219,4
202,127
238,143
258,180,142
11,176
64,321
39,13
180,51
175,172
145,21,20
164,15
133,7
22,61,152
12,247
218,269
312,21
186,306
69,322,164
56,76
11,228
298,13,14
69,50
209,102,240
120,77
134,240,182
58,116,46
287,61
106,181,206
32,21
43,177
139,202
11,88
37,231
306,111
228,214,6
118,229
269,148,189
118,117
8,234
178,161,127
70,11,143
74,270
248,181,4
218,46
148,75
282,312,21
42,65
141,53,2
145,48,195
168,64,188
113,114
77,254,53
72,98,153
16,6
10,18
222,152
56,100
217,221,301
155,66,65
53,306
97,265
234,154
116,175
125,57
325,98,153,154
169,128
113,40,160,28
11,102
320,137
118,147,114
115,282
84,188
178,28,40
229,158
216,116
251,269
0,209
193,245,303
169,85
241,232,283
143,16,78
278,111
209,143
9,274
7,103
39,111
127,301
30,278,87
224,171
96,250,239
171,37,87
229,262
148,163,25
134,143
50,70,15,277
169,156
164,8
68,0
104,22
117,262
188,290
132,233,219
252,34
55,258,76
52,306
11,29
154,78,15
132,284
101,230
156,28
27,174
58,57,47
140,255,146
85,27,147
262,170,264
93,80
169,42
68,4
111,99
276,109
134,29
8,49
160,227
109,63
236,183
52,171
168,161
1,106,248
240,4
155,297
157,40,118
51,194
282,273
297,303,301
258,55
138,84
284,240
297,104
52,31
93,124,145
48,167,110
198,195,26
59,74
238,192
104,200
168,84
153,219,6
208,154
323,202,265
30,100
85,128
293,99
234,135
164,16
88,102
274,79
188,227
189,308
198,81,216
58,57
16,153
293,187,52
112,271,201
113,291
182,103
15,134
121,131
84,221,169
279,244
66,22
63,269
148,116
229,188,318,262
181,260,164
191,109,81
126,97,168
90,87
229,114
6,207,164
167,191
71,110
30,37
210,226
161,41
23,158,265
117,265
8,176,17
46,195,32
61,66,188
290,170
146,199
154,1,135
298,87
94,211
131,198,59
90,56
316,11,78
70,135
279,104
300,202,28
249,115,269
230,141
182,45,219
181,154,19,50
141,76
2,76
154,305
187,236,246
117,118
56,239
19,72,181
229,127,126
47,172
142,194
117,155
291,178
259,194
25,211
290,27
104,301
249,93
18,209,29
266,117
109,75
77,258,100
170,41,160
233,151
97,66
102,240
93,48
188,129
132,70
1,277
105,72
321,64
9,18,19
286,51
264,113
184,258,210
249,167
171,315,77
295,96
268,211,108
178,301
319,85
24,279,140
194,52
269,125,116,21
230,231
104,41
108,92
104,146
194,183
96,241
77,247,226
226,293
63,149
47,107
325,10
1,151,16
73,1,325
174,139,97
280,218
236,246
5,208
70,69
305,9,176
74,235
72,10
21,196
126,22
162,47,198
76,12,184
86,90
152,146
38,30
112,144
96,278,3
229,168
82,98
5,0
85,292,217
99,86
22,117
67,73
250,210,76
301,177,229
28,117
104,139
25,60
33,58
188,215,202
163,71
104,22
173,148
239,142,283
60,33
132,237
167,33,46
133,143,105
130,196
27,113
138,130,215
121,32
5,78
96,13
171,119,3
95,51
194,100
139,301
47,71
3,34
126,265,22
287,303
77,111
21,89,33
135,132
130,167,46
159,302
244,85
235,198
27,160
141,288
43,85,126
174,104
130,25,47
42,203,65
86,122,132
10,154
34,162
31,171
154,78
279,188,84
14,295
242,230
218,122
104,128
196,58
129,255
60,110,107
147,27,202
225,71,59
171,111
299,276
236,52
188,118
292,129
161,292
39,99,87
6,209,1
171,111
75,63,299
41,199
105,68
118,155
278,30,194
238,16
34,108,125
296,171,183
16,6,11
109,225
1,143
2,286
169,170
27,152
85,221
219,325,70
99,53
169,156,205
117,61
155,188
36,31,224
11,143
122,125,62
189,198
57,163
29,0
95,30
32,235
74,189,115
225,60
228,201,16
144,72,4
148,63
11,69
259,95
166,149,163,34
203,290
113,169,104,170
158,42,217,117
63,218
267,21
91,282
208,214
158,24,42
249,21
286,37,76
314,293
61,24
132,98,322
265,126,129
71,94
82,260
111,250
36,12
99,90
88,5
106,176,29
35,225,47
85,188
46,89
13,295
319,301
68,73,6
8,50
194,213
41,156
206,11,181
34,3
274,133
240,102,17
2,100
284,316
208,151
11,240
189,63,62
316,10
96,37
269,32,75
134,49
278,171
266,27
56,13
234,70
121,198
41,23,61
9,316
37,231
12,55
106,240
171,286
179,250
201,325
34,125
194,272
278,36,31
95,236
115,130
109,218
113,262
116,189
28,152,43
183,296
89,163
116,125
127,193
307,90
229,61,279
228,233
276,269
94,191
43,146
155,158,170
194,87
188,40
131,89
247,55
4,79
5,11,68
89,46
214,271
189,115
209,305
115,252
170,215
112,11
248,106,67
178,290,156
13,185,96
146,320,257
34,150,121
152,199
26,163
214,281
99,101
244,66
163,93
302,53
169,244
41,157,227
72,9
4,154
295,250
71,46
25,109
158,265
161,203
75,166
303,147,41
210,326
274,15
27,117,22
50,11
94,122,175
258,236
174,291
107,33
107,48
305,277
43,66
26,149
164,106
137,297
238,5
59,33
171,53
105,133
115,33
148,121,26,107
13,14
301,27
258,210
214,67
183,55,224
215,266,170
109,175
135,73
225,125
218,63
79,73
315,14
77,304
157,66
161,104
249,276
167,216
28,156,215
215,321
17,219,50
215,97
189,167
215,244,140
74,34
139,146
44,260
233,78
66,22
87,111
225,81
154,285
17,181
15,78
26,252
298,111
236,187,194
203,157
82,6,135
4,106
5,98
199,257
201,233
26,276
28,61,188
293,258
302,179
173,34
182,19,1
251,93
78,285
125,34,280
174,152
145,148
115,148
10,154
295,119,183
85,264
264,245,215
16,44,17,219
142,51
303,170
127,205
87,246
63,109,47
307,184,315,230
252,71
215,245,297
79,144
209,134,79,305
46,109,71
290,205
146,199
154,102
238,18
15,45,105
162,92
5,15
226,185,96
171,295
192,106,103
76,100
60,93
213,246
265,227
168,114
211,94
218,74
179,13
96,52,185
27,24,42
22,203
109,125
111,95,230,142
78,305
305,29
217,139
190,74,122
156,65
9,106,17
296,250,13
1,72,73
125,26
46,93
303,262
212,170,215
78,214
194,171,87
99,123
46,235
131,80
97,22
275,252
258,95
39,13,179
326,31
94,115,172
210,283
283,236
94,167
76,286
123,242
271,79,70
135,132,165
154,1
218,75
59,107,93
140,161
194,87,171
65,257
163,74
189,116
209,29
227,27
190,125
267,25,167,32
323,65
156,137
83,182
215,205
94,235
105,281,144
281,154
168,199
39,194
41,66
209,206
240,4
122,121
46,34,204
205,160,42,147
244,97,320
14,31,250
1,50
99,293
228,68
197,189
68,19
99,86,54
30,99
94,275,282
70,103,192,17
82,208
154,5
143,11
149,130
56,213
116,122,198
179,123
215,244
233,0
121,130,47
166,196
225,148
29,181
210,184
179,14
168,66
130,48,75
237,316
163,59
116,46
93,130
206,83
300,188
148,74
124,130
66,61
111,289
179,210
129,114
190,62
104,215
240,102
218,116
113,170
67,102
240,234
100,99
176,274
189,148
152,229
240,285,238
105,181,238,219
317,259
31,272
61,222
98,29
111,3
113,160
126,188
82,15,6
53,141,315
287,147
206,11
85,127
18,17
109,94
54,239,295
264,130
235,81
44,6,5
126,114
258,210
118,188,84
289,183
61,227
121,110
65,188
130,75
133,5,82
238,201,69
300,66
56,53,100,30
106,70,260
141,317,2
210,180,100
71,60,46
260,6,45
178,156,265,114
40,42,160
44,4
181,206
210,159
169,140
14,179,194
228,67,11
204,175,109
14,288
1,29
246,99,54,36
305,1,102
123,194
19,72
232,283
11,4
152,118,257
17,193,19
148,175
228,154
276,267
117,66
57,148
115,308
245,97,161
219,0
105,219
194,272
163,59
79,8
124,269,60
145,21
210,37
179,210
183,293
247,76
225,34
14,123,87
163,218
72,182
169,138
70,233
157,140
204,162
241,51
111,261
215,155
77,317
171,99,111
97,64
323,137
6,133
230,55
46,108
247,210
231,39
176,105,102
108,109,122
219,1,105
213,56
93,308
138,212
274,72
312,60
27,161,84
76,2,31
210,31
194,236
235,21,109
26,166,21
168,127,265
143,135,151
28,104
57,33
17,305
254,315,171
292,310,202
283,194,179
286,53
94,71,93
102,144
127,161
180,39
242,37
61,156
188,42,160
260,132
272,53
87,232
71,196
37,296
181,11
73,176
263,78
292,221,104
316,206
232,180,183
299,273
304,90,283
171,87
169,227,262,65
239,226
292,160
108,131
155,42,147
190,63
270,218
282,26
130,148
55,99
145,21
64,27
110,172
85,66
2,99
41,27
228,214
136,46
46,107
77,90,39
57,273
235,125
167,211
270,74
198,47
204,74
214,103
188,61
177,27
162,46
22,188
230,53,231
207,11
51,246
312,25
17,181
21,150
13,213
195,81
41,313
171,246,183
147,41,43
160,147
59,124
59,191
136,121,108
198,81
126,27,42
90,194
231,171
53,55
66,7
187,87
188,156,215
262,126,264
110,131,125
93,63,166
294,111
187,183
158,23
265,28,155
79,154
192,82
34,35
244,203,137
224,14,171,261
143,153
178,188
316,271,164
220,192
305,18
37,326
63,26
51,250
114,320
267,62,130
173,59
11,237
310,222,199
144,29
67,73
11,219,18
248,29,11
127,193
239,186
34,109,92
2,317
153,219,181,271
115,216
176,70,88
147,27
77,230
169,27
52,183
43,104
113,169,202
272,224
60,198
177,97,22
173,131
178,42
251,81,59
147,27
34,20
120,184,51
198,75
219,49
81,198
141,2,242
71,21
176,134,260
202,140
121,34
206,153
299,273
264,262
265,168
122,75
260,68
298,101
5,151,73
175,94,167
188,40
283,55,194
183,13
258,302
290,157
19,208,7
27,66
20,116,63,172,108
203,104
38,39,87
14,3,141
148,269
183,272
186,236
317,293,52
78,16
270,71
87,51,210
87,120
299,63
137,202
103,73,112,10
234,29
23,118
15,9
179,51
234,181
75,74
264,128
305,73,182
174,217,319
103,281
232,179,259
61,222
119,286,254
156,22
192,214
98,144,106
108,273
75,116,268
136,150
227,27
41,200
222,128
117,24
178,138,174
283,96
60,148
87,226,194
325,132
234,144
21,269,35
54,95
41,22
167,93
148,122
137,287,28
76,31
42,297
169,24
91,122
81,94
106,164
159,99
50,206
200,264
198,124
140,113
199,85
36,184
116,21
148,33,93
101,254
262,27
93,196
94,89
2,288
232,3
51,272
17,305
248,15
151,143
143,322
55,99
36,295
162,163,273
257,152
143,133,4
6,132,274
109,148
72,284,9
301,262
59,63
250,179
68,233,88
40,114
44,201,220
130,125
190,125
14,241,185
82,220
218,94
109,267
258,2
16,5
236,119
215,104
103,305
305,234,4
115,57,62
16,15,220,6,260
239,142
204,267,218,75
66,41
275,93
226,37
113,27,264
196,47
219,4
264,319
227,193
164,208
72,70
147,279
111,51,272
167,216,166
64,161
63,34,308
52,293,95
265,205
176,238
119,194,293
174,126,85
5,88
313,177,264
65,140
42,156
56,254
172,62,75
43,128,170,221
64,222
68,240
305,209,4
169,300
154,151,135
225,109
5,10
8,19,0
94,21
259,123,96,230
144,106,17
213,239
53,242
267,80
14,283
27,265
31,286
56,55
138,126
139,97,205
323,188,140
182,6,106,237
267,33
90,39
214,16
240,206
90,250
86,230,53
206,1
140,177,147
170,301
297,178
78,164
138,319,174
219,234,8
228,88
60,20
164,11
148,235,166
79,234
247,111,13,30
123,141
153,102
109,74
116,148
216,46
164,78
3,96
183,180,272
44,132
68,9
268,235,94
46,211
266,279
26,93
43,85
198,189
208,143
250,194
211,107
142,171
301,126
178,147,126
276,148,252
146,174
145,108
28,174
219,234
247,250
160,157
157,152
55,288
106,214,72
126,138
81,136,115
52,272
320,104,170
144,5
210,37
260,134
17,7
104,40
183,99
229,244
266,140,279
11,10
1,102
140,217,118
112,44
226,254,31
197,148,218
79,70,135
36,96
109,46
125,34
148,198
130,63
28,169
190,116,107
172,46
63,57
154,305
211,115,33
236,142,194
210,38
79,316
155,323
41,22,227
68,284
244,205
249,130,92
220,67
262,170
12,258,2
238,1
226,295
78,238
109,252
266,279
243,39
160,287
206,67
130,33,32
156,85
96,111
10,50
43,97
87,236
203,113,174
13,317
155,158
185,261
305,201
183,100
30,315,76
94,110
316,144,17
126,43
79,219
157,104
203,221
265,200,66,146
52,239
122,204
74,107
293,231
206,309
50,88
214,19,73
37,86
319,292
114,177
272,242
25,107,20
118,23
82,4
167,270
81,167,108
303,157
198,58
139,320,128
77,288
230,186
70,134
76,53
18,8
41,257,290
93,125
176,234
16,214,181
174,155
141,100
10,0,325
27,300
95,226
208,15,135
8,4,10
178,212,203
58,225
8,206
130,249,107
133,260,105
6,132,233,70
307,111,210,36
122,25
142,293
298,283,2
160,97,65
54,236
172,150
5,105
150,26
192,79
210,179,306
26,21
27,199,188
102,271
57,94,92
43,84
265,222
109,150
63,74
42,227
33,115
5,103
226,39,76
101,179,13
252,235
27,104
233,132,11
26,115
34,276,145
244,177
147,157,160
5,73,206
37,239,30
180,101
269,166
210,100
9,102
210,53
244,118
105,5,151
3,187
172,173
210,230
148,218
61,161
99,159
217,104
279,147,61,152
320,155
206,144
53,141
307,278
192,19
62,21
85,178,221
211,130,173
172,71
147,215
140,65
14,119
115,190,21
5,143
46,74
63,122
279,138,113
2,180
145,276
135,322,67
201,11
30,2
2,247
300,97,257
151,248,18
135,260
109,163
71,63
176,106
109,25
175,194,25
210,171
192,248,15
199,22
151,207
91,148
247,232,56
70,133,1
229,27
229,113,227
226,183,39
150,145
186,231,14
254,230
212,127,147
40,64,202
170,212,139
162,109,122
155,27
234,219
57,163
216,204,25
64,265
81,211
177,156
194,14
74,173
132,50,0
176,16,88
37,159
1,237,151
115,93,58
144,133,233
44,274
121,211,167
82,4,209
137,227
236,289
286,36,258
0,133
149,195
234,325,208
129,174
98,143
306,90
154,228
147,27
85,244
104,227
40,212
79,192,237
122,25
147,212
265,157
289,142,236
62,125
13,179
95,183
292,205
228,67
153,311
256,153
101,123
78,176
107,32,108
101,288
230,315
94,58
61,188
73,248
322,237,208,309
100,247
125,269,197
160,205
93,276
128,177
230,141
152,22
181,67
76,87,250
160,177
266,138,303
193,64
40,227,42
237,106
293,142
2,210
150,130,122
179,224
248,165
230,306
127,84
278,37
303,43
61,152
196,235
100,236
19,164,238,103
119,183
287,279
169,193
141,38,56
254,293,294,55
160,22
34,249,148
125,312
82,260,207
107,110
47,92
34,108
215,118,169
118,205
39,123
21,150
60,93
259,119
114,28
252,21,25
78,132,192
76,185
23,188
171,3
164,17
202,22
35,75
188,40
252,33,163
251,115,275
84,262
193,85
232,87
3,87
221,297
33,216,198
47,130
225,124
11,322
9,70
195,173
295,317
133,102
262,127,113
43,127
93,47,145
22,61
78,106
206,73
193,203
118,178,140
205,255
135,78
286,179,39
248,102,79
264,178
284,133,18
15,154
42,199,104,40
24,117
4,240,233
298,239,14
145,47
293,289
229,27
305,105,134
216,71,163
313,188,128
267,91,218
154,238
21,162
55,2,99
309,78,67
29,240
162,75
126,157
100,294,171
262,27
316,79
260,234
151,17
91,62,34
218,235,93
11,5
126,156
5,78
52,194
144,106
121,47
87,241,254
48,63
244,169
116,148
118,158
201,207
64,113
240,274
41,291
252,162
108,107
103,219
286,232
80,92
132,153
249,71
274,78,112
142,183
130,162,81
190,218
226,295,179
186,242,53,39
197,268
202,169,264
81,60
105,1
68,67,98
302,307
210,56
97,61
64,169
149,162,75,163
297,221
98,144
117,142
125,116
194,213
213,87,230
12,39,14
105,103
279,113
99,3
46,235
208,135
285,311
138,104
218,115
13,2
53,210,51
21,71
62,108
33,71
142,306,224
8,144
158,199
258,286
28,27,140
163,173
43,212
248,240
290,244
187,55,30
17,73,260
2,86
69,68
204,273
118,160
63,35
255,193,170
94,145,59
157,147
87,194
136,57,172
188,43,215,178
158,28
92,32
46,124,145
145,124,92
16,233
75,34,162
70,103,44
134,201,228
6,11,228
155,147
139,168,158
19,133,240
113,188,177
236,87,224
79,69
117,41
45,70
144,153,134
214,271
116,33
218,175,47,59
316,6
94,60
5,201,6
156,193
281,176,102
6,70,154
279,27
190,273
210,230
99,304
68,176
93,80
239,99
300,257
126,152,40
185,239,180
260,322
65,155
219,72
230,56
59,116
35,189
95,111
247,295
55,258
137,126
25,26
51,77
109,136
109,172,273,116
170,193,320
51,194
85,244
235,89
102,176
102,153
196,162
73,316,102
222,193,265,147
107,71,276
109,122
111,254,171
176,206
201,68
261,210
64,118
116,63,21
28,137,43
218,93,282,249
230,315,30
101,56
3,36
180,30,13
28,137
11,219
125,175
181,4
85,139
138,104
167,172
157,178
301,40
51,159
73,5
170,147,156
43,169
25,145,57
215,43
141,99,184
209,70
141,12
157,147
9,271
83,4
62,74
168,61,300
66,229
25,163,125
316,78
11,143,70
23,22
2,37
87,230,96
234,106
109,162
123,179
29,8
4,29,144
170,169,174
0,17,72
99,283,317
305,134
182,219
68,79,11
115,122
271,135
316,105,206
34,136
115,34
109,116
43,301,161
235,166,47,34
218,81,107
191,195
82,106
228,237
228,69,240,17
96,306
124,107,267
32,145
178,129,104,262
178,85
195,33
79,176
93,107,130
45,164
19,8
44,132
25,63
158,27
1,134
145,107
150,21
95,39,13
93,107,216
96,95,236
108,191
47,110,173
47,74
81,80
208,316
313,202,137
113,205,156
111,37
15,82
52,293
242,187,230
249,34,204
66,43
5,214,6
220,154
171,99
29,144,248
178,97,217
280,80,204
121,21
160,264
52,278,87
244,85
236,99,179
31,141
10,1,4
147,104
180,289,87
125,93,20,276
316,164,78
228,5
257,118
20,115,57
119,283
58,124
16,6
193,146
316,219
42,265
131,60
96,53,12
101,111,171
128,178
210,37
145,130
140,215,118
252,218
242,99,230
74,131
17,284,15
270,108
142,293
118,64,157
79,11,69
235,63
109,48,269
81,59,136,191
159,39
315,100
10,234,153
134,305
50,305
102,248
12,186
121,198
7,176
312,252
182,105
248,311,50
214,78
93,218
186,38,141
308,94
267,93
147,104
292,157
171,315,3
89,107
218,125
49,79
239,236
153,16
217,138
48,189
255,161
61,160
238,4,15,79
270,93
21,269
85,140
2,180
278,179
95,241
64,61,265
81,58
122,204
6,181
79,6
94,75
302,258,224
117,205
206,17
115,162
141,99,3
66,156
195,150
215,169
146,291,66
267,163
283,210
245,301
227,229
71,25
43,262
91,46
22,146
86,241
14,13
148,108,166
50,260,181
164,143
121,173
85,27
119,293
46,167,109
17,102
210,31
14,239
248,98
51,293
1,16
240,134,154
18,133
6,248,219
26,21
233,11,135
86,54
70,69
33,145,63
315,239
233,79
288,101
6,15
118,169
219,248
117,178
36,101
193,64
228,263
273,172,109
63,131
273,20
152,41
93,253
189,26
210,236,184
88,281
29,8,274
144,154
88,214
185,95
21,145,190
206,50
88,181,206
109,115
89,107
81,58
113,170
210,53
216,107
221,262,310
260,192,143,201
129,155
254,242
270,124,21
93,121
319,229,255
267,218
163,62
26,91
39,13
227,147
127,291
149,145,167,189
244,202
21,116
36,254
107,20
65,265
71,191,167
210,55
315,38,120
22,85,146
33,130,81
56,90,111
221,22
292,265,127
150,46
36,210
274,176,260
171,77,31
136,125,62
6,201
143,192
229,158
127,297
236,246
10,181,15
183,141
202,27
249,71
2,307
206,29,0
137,200
121,148
79,240
132,67
180,39,194
203,290
269,21
64,128,23
37,76
215,279
30,171,99
275,32,150
216,131,33
304,13
50,11,260
59,34,175
101,37,120
224,242
261,254
143,233,164
193,212
214,322
166,32
123,13
247,171
218,33,273
88,17,105,238
216,172
41,22
242,77
158,279
201,11
205,215
40,200
320,262
0,182,206
24,85
57,34
158,118
99,111
62,189
163,115
102,209,305,219
144,219,209
130,269
75,131
139,22
17,79
139,97,169
30,53,55
228,316
207,44,5
260,67
110,35,47
271,311
210,185
246,236
152,279
175,273
154,72
193,301,264,290
105,135
162,71
34,145
46,269
233,322
146,27
74,148
44,6
102,50
174,85
135,206,72
161,128
188,147
89,81
305,176
240,67
156,41
137,215
118,266
25,121
103,45
134,260,1
23,170
26,189,115
295,231,213
236,185,52
67,238
11,16
162,150,34
104,222,215
11,70
162,62,35
5,15,6
128,229,126
145,109
26,280
151,228
254,171,90
178,255,28
235,115
252,46
15,228
282,218,25
67,144
8,238
292,217,126
10,209
128,174,126
187,183
34,308
32,109,190
189,74,71,204
316,248
231,39,119,3
247,95,13,315
65,245
141,100,36
90,293
30,210,76,306
43,297
148,92,195
84,43
6,68,144
22,265,140
232,286
98,11
174,127,61
103,220
314,96
15,132
224,37
53,99
30,247,55,37
252,26,94
194,13
211,108
32,34
103,50
72,151
14,2
16,5
176,88
110,21
112,105,29
71,167
88,228
8,4,206
160,28
273,130,191
104,170
246,239
171,99
262,158,222
99,250,210
303,193,178,42
151,5,44
95,2
79,6
218,46,148
108,93
74,21
238,164
290,177
265,158,146
102,181
133,6
114,127
87,56
74,116
67,1,176
168,127
225,308,107
236,213
115,162,109
100,183
41,169,200
98,321
111,239
98,144,240
97,156,127
213,250,36
225,124
169,215
17,4
173,74
10,78
259,180,95
234,10
92,47
37,315
116,122,145
218,189
185,119
8,9
212,217
238,88,17
90,95
138,42
253,131,81
6,45
8,219
264,217,137
34,218
229,139
84,66,40
255,118
218,75
196,34
276,58
11,18
90,259,141
250,194
148,74
101,30
1,98
287,188
95,14,142
89,116
154,1,176
137,27
52,289
47,216
321,178,137
64,23,42
205,126
77,13
241,27,135
217,130
233,6
325,98
40,65
140,27
288,286
278,258
217,146
111,315
93,130
154,209
298,246
184,261
164,16,238
164,316
305,248
157,217
129,301
244,188
116,282
14,123
260,176,103
268,81
162,63
123,326
107,121
143,16
245,221,227
201,154,103
117,147,264
156,97
1,164
109,163
139,27,156
119,194
136,33,59,121
187,194
326,95,111
230,111
21,62
95,187,246
60,253
268,21
182,305,15
77,95
72,182,17
89,195
29,263
135,192
95,39
88,105
265,128,178
130,74,107
4,209
202,245
189,34,93
227,217
188,202
185,36
125,26
14,179,120
44,9
230,184,51
53,239,54
266,279
85,215
287,297,170
70,106
230,295,51,184
40,160
193,205
99,242,283
113,255
39,99
194,119
219,237
303,43
130,216,81
248,8,11
168,303
135,201
257,262
60,80
255,97,301
73,143
12,2
132,9
101,96
161,156
44,134
156,139
209,176
96,52
224,185
134,4
27,227
55,184,95
194,39
44,260
106,112
86,169
275,269
66,28
299,115
154,206
218,299
94,107
3,99,286
171,286
21,275,115
288,210
11,1,192
174,222
96,247
267,63,218
95,2
199,188
127,138
117,118,200
273,130
55,14
161,127
181,29
316,73
91,204
220,322,18
50,8
169,156
227,177,128
133,305,98
20,116
81,46
286,171,304
35,32
317,293
215,126
114,139,161,128
219,238
147,139
180,52,99
272,239
239,288
43,117
67,11
43,158
113,290
6,271
98,151
215,138
147,66
30,53
173,71
232,39
19,305
240,105,103,176
56,241,101
11,240
194,210,101
111,95
117,266
72,98,144
241,194
11,260,4
246,36
244,139,127,22
250,53,283
135,70
258,111
145,63,121
15,112
76,224
1,45
259,95,54,226,52
118,140
42,323
6,133
127,221
88,1
311,316
255,24
102,79
163,218
147,42
60,92
283,87
30,141,13
262,203
285,154,219
237,214,135,112
153,143,72
286,14
140,104,40
268,195,145
130,197
308,21
99,194
147,66
206,102
25,166
214,5,73
136,275,94
135,15
142,183
42,155
87,54
80,62,276
174,221
108,130,136
63,131,71
113,127
297,222,147
255,290,139
166,58,60
134,7
100,111
130,211
157,147
133,19
78,6
177,129
319,97,137,193
16,49,260
14,194,38
42,41
307,12
101,159,31
6,18,201,11
224,306
102,201
296,194
59,71,173
67,6,135
326,180
295,239
81,211
86,111
76,159
110,33
6,82
165,11
47,108
65,118
268,107,125,269
141,99
1,0
293,194
218,94
128,137
102,240
179,119
134,98
169,217
161,28
13,247
136,63
210,99
274,316,153
236,53
248,4
146,177
257,152,160
21,299
147,155
13,194,37
118,28
26,59
62,74
231,76
16,164
219,154
215,221
261,51,95
19,82
55,315
142,111
240,98,9
39,31
46,273,94
108,162,189
311,321,153
264,129,155
304,186,111
153,182
189,3
57,47
214,11,72
39,187
111,76
5,260
137,156
193,22
116,62,26
115,163
46,163
317,258
261,293
272,38,239
12,185
301,200
130,126
17,19,1
108,136,167
28,65
28,227
324,172
77,56
210,171
47,136
255,188
161,128
22,64
177,128
32,167,130
42,97
234,134
57,63,26,122
218,130,116
239,250
214,29
4,263
322,305
42,265
20,25
108,107
57,273
64,301,28
289,246
21,116
74,108
21,46
175,21,25,252
59,110
105,285,209
293,272,306
95,142
185,213
305,10,6
188,41,215
8,16
11,4
198,216
238,133
249,34,116
37,99,2
226,185,314
301,262,43
13,183
39,2
35,21,62
117,28
244,42
26,25,218
244,170
268,172
231,295
130,211,150
111,95
27,147
267,218
303,64
104,147,140,178
17,281
46,93
28,85,177
93,62
176,44
56,86
198,235
13,283,185
115,108
72,233,164
305,206
138,313
10,8
11,78
219,274
244,215,104
135,201,5
125,74
21,145
137,215
120,272
11,311
189,163,273
70,67,134,201
6,164
95,100,13
39,210
26,46
197,125
55,184,293
178,193,205
302,12
229,310
58,267,109
269,162,163
130,131
248,176,133
43,129,178
194,141
109,91,148
56,2,123
46,268
100,111
98,105
94,71,47
288,179,56
210,302
69,153,98
168,85,42
75,94,46
29,49,6
103,214
149,26
73,237
40,222
217,140
50,153
256,208
53,87
110,34
281,144
8,82
170,104
11,73,67
148,25,109,125
128,97
283,13
173,150
127,279
195,216
132,79
203,128
26,204,270
123,14,185
219,50
180,95
146,27
140,147
183,283
43,40
276,60
8,153
130,109
3,36
152,188
267,125,109
112,248,263
8,6
77,99
134,260
194,210
127,42
282,149
86,53,184
229,61,118
205,156
8,78
245,227
130,145,46,268
29,0,176
62,299,163
148,25
306,31,36
215,42,28
267,148
291,257
29,72
43,323
185,295,54
111,96
206,45
192,143
27,287
5,72
180,283
88,6
30,304
217,147
106,0
46,235
9,233
95,101
193,301,257
2,31,239
198,107
278,184
3,52
181,4,285
241,30
147,160
86,55
99,56,2
233,260,135
78,248
206,1
40,323,188,61
31,55
177,128
133,9
16,260
2,99,315
99,101
179,101,14
88,143
77,236,99,230
105,10,102
179,185
189,173,308
283,183,38
282,267
169,300
22,291
37,180
40,178
306,111,286,53
273,34
306,226
293,39,236
174,155
230,242
128,138,97,169
301,104,255
68,206
125,148
153,154
5,102,1,233
30,247
15,17
79,209
28,127,227
147,146
62,267,218
209,237
125,63,148
125,115
111,246
295,298,283
203,156
44,72
326,184
142,246,37
272,194
32,131,308
63,130,175,32
156,287
56,247
313,257
189,167,26
163,35
173,75
39,180
127,264,161
238,134
36,183
157,287
312,145
21,190
73,10
166,189
175,218
291,262
127,257
103,201
218,150
167,148
84,161
250,194,232
92,211,189
315,241
17,181
217,174
63,91,136
181,4
115,225
22,27
116,109,211
72,133,154
169,41
81,93,225
26,173
148,63,163
121,63
16,176
116,115,218
314,293
302,111
15,106,72
118,139
6,16,68,164
238,19
18,105
2,53
130,21
34,191,121
95,185,53
31,258,246,179
25,26,197
14,3
156,169
82,4
138,137
141,286
57,175
63,115
25,32
157,193,84
150,110
91,148,167
18,219
198,63
202,128
212,161
261,87
194,142
262,28
92,63
51,230
133,1,209
67,5
130,268,124
72,271
16,263,316
82,240
123,180
52,119
85,177,158
20,75
32,172
226,31
147,161
13,183
105,271
188,255
12,30,53
210,14
158,255
47,21
279,205,43
316,1
186,272,298
184,39,96
158,168
273,116,268
251,46
72,19
20,252
134,7
100,171,293
250,87,51
321,245,160
179,14
140,152,157
279,117
3,141
1,82
164,208
62,145,25
71,198
41,323
61,127
196,81
126,174
4,106
209,154
41,188
85,97,255
188,203,126
171,111,95
302,184,101
109,125
114,217
110,251,107
131,172,195
204,32,251
5,154
206,1,50,316
143,16,98
96,236
28,215
146,212,244,61
286,159,101
236,76
287,138
141,159
177,215,137
126,147
262,178
240,277
215,188
66,117
6,134,285
265,188
161,114,138
85,129
232,96,87
198,80,108
176,98
2,224,96
1,0
111,96
33,71,107
146,279
16,1
115,46
157,22
64,174,117,287
52,51
217,138,126
200,61
67,105
319,118
168,155
103,11
247,31
104,97
98,209
9,240
153,237
110,94
186,52,226
272,14,52
288,247,99
44,248
46,218
44,274
76,39
76,2
10,9
101,306
193,97,221
313,158
148,46
134,0
61,118,279
60,125
202,177,147
135,79
312,93
214,135
43,174
41,200
224,302
70,134,271
57,74,190
153,18
150,225,251
100,31,2
220,106
22,27,287
72,105
272,194
113,85
130,62,235
230,52
26,75
86,283
119,55
228,151
12,56,55
21,46
268,196,46
157,27
254,302
157,160
93,115
96,3
193,146,22
286,210
75,249
267,198
240,134,29
135,11
147,257
141,30
236,278
232,51
35,225,93
233,201
154,1,8
236,286
72,103
111,39
216,108
211,189
265,229
94,71
172,253,252
185,286
93,47
163,145,62
313,41,146
243,186,13
104,169
26,74
96,179
85,169
246,51
71,110
116,280
227,152
7,135,154
105,181,103
0,88
196,93
253,198
67,6
150,26
55,111
213,51
274,206,50
93,167,150
108,46
3,231
30,272
98,29,181
235,211,46
231,52
22,321
109,57
125,172,71
4,154
112,192,228,79
133,17
46,145
210,53,171,242
185,96
169,97
111,12,306
305,9
5,206
293,213,183
147,157
144,176
2,39
74,63
62,125
160,41
93,268,108
21,148,204
109,167
8,154
183,96,295
287,257
46,166
46,145,107
91,71
75,21,74
179,307
190,249
72,256
198,59
123,51,272
174,22
13,37
62,235,145
14,51
172,33
219,29
190,218
300,265
126,146
244,28
105,17,7
225,150
19,8
313,158
68,201
8,67
57,25
222,28
10,274
156,97
179,171
108,268
158,229
61,321
11,82,67
264,169
146,27
137,40
203,244,104
59,150
199,84
76,210
297,156,205
283,13
30,213,283
175,197,115,125
28,174,227,160
317,194
86,295
186,239
121,89
59,21
145,26,63
219,228
119,99
13,236
103,6
290,292
174,97,319
256,106,6
70,98
3,246
180,123
293,236,142
64,66,117
199,41
301,127
108,48,125
300,64,174
117,215,292
105,18
8,72,0
5,16
226,87
188,104,84
312,167,308
148,21
93,74
169,43
246,283
213,231
66,248
153,325,181
135,8
151,132,135,11
177,85
147,169
60,235
268,131
194,226
235,268
171,99
286,99
151,45,67
323,161
154,4
187,13
143,135
201,143
111,171,55
200,22
25,74
157,27
75,60
258,194,210,298
34,26,20
206,103
142,186
226,179,272
22,104,287
134,1,133
108,235
312,125
53,171
269,107,81
301,66,127
151,201
100,187
171,241
167,94
167,21
93,145
199,193
136,107
166,94
4,134
288,194
68,112
5,16
94,33
144,271,132,70
96,179
168,169
1,79
6,208
64,41,42
257,188
0,105
108,130,115
228,263
46,57,71
222,40,160
1,305
16,263
128,215,297
265,188
175,63
220,70
194,231,242
96,56
69,16
3,179,119
67,220
191,109
123,258
141,37
235,225
10,5,220
260,228
137,97
140,323,229
315,30
179,14
148,167
66,222
144,281
246,86
182,17,285
169,156
260,143,154
81,299,148
276,204
217,147
121,34
197,125
175,26
296,246,96
10,4
58,94
284,281
190,273,225
71,115,33
193,85,222
189,63,21
38,31
171,246
300,323
132,17,50
171,141,306,226
78,11,316
203,118
79,16
182,72
78,234
31,241
219,209
105,285,209
143,154
251,145
195,198,125
135,237,144
103,240
222,203
30,194
21,63
122,163
170,257
72,17
109,280
200,41,244
92,48
296,213,187
154,248
63,116
1,17
45,105
13,194
211,48
50,219,209
138,203,140
246,261
116,122
105,4
190,218
76,51
178,61
194,226
295,56
319,169
49,6
236,14,180
199,128
218,35,57
2,30
129,127,255
192,16
92,71,81,166
34,109,269
118,85
107,75,21
16,135,134
58,25
118,221,113
22,215,161
43,27
96,31
306,111
287,127
154,164,151
102,98
267,110
42,28
101,53
142,183
291,65,64
81,93
225,94
41,43
78,98
257,43
71,109
122,62
85,23
1,220,6
6,73
39,30,184
102,73,133
193,221
87,51
43,156
141,142,302,90
306,77
237,316
135,260,73
44,105
185,236,14
238,240
303,128
34,26
216,204
99,247
12,254
86,226
183,120
193,245,203
174,221,262
249,136,223
98,311
99,119
109,167
133,154
182,7
74,145
138,290,292
7,16,70
189,71,74
215,126
11,67,316
286,3
187,179,239
65,42
61,203
274,176
66,118
16,248
202,152,85
269,89
52,236
185,194,123
101,2
109,211
210,213
233,132,79
189,299
220,214,182,72
111,12,100
21,267,34
268,172
271,11
163,59
232,14
110,25
113,255
100,31
53,100
241,101
229,147
103,134
282,25,74
96,186,183,3
102,1,103
64,97
202,22,160
217,229
115,109
151,182
36,101,224
178,215,66
180,293
21,110
154,263
215,161
235,109
2,194
148,20
30,99
272,185
89,225,93
187,52,230
164,6
248,311
170,113
109,115
132,79
79,233,208
179,236
67,271
169,22
141,56
81,25
224,96
233,79,220
160,313
238,88
260,274
87,53
227,66,118
322,105
108,47,189
6,311
29,79
297,104
37,242
57,26
18,316,208
264,177
56,100,194,12
234,44
68,4,8
7,19
22,157
209,72
17,134,1
107,122
250,52
115,94
14,185
3,171
215,137,129
226,120
11,206
115,173
8,72,182,154
73,181
11,311
122,166
259,31
217,104,303
111,87
170,129
172,107
13,259
4,311
34,122
111,230,120
3,226,37
234,192,16
168,140
311,72
117,24
70,237,316
82,208,260
179,101
31,179,293
95,259,210
102,8
268,89,108
93,34,110,121
49,45
62,35,115
91,125,35
36,242
109,62,312,269
6,88,112
179,87,54
269,75,74
33,167
44,6
96,95
119,186
8,106
100,13,194
5,240,6
131,75,172
31,258
125,62,189
159,52
198,218,125
256,4
287,188
230,39,100,31
40,65,42
289,2
235,218
304,95,184
179,13
261,295
306,194,185
52,194,295
238,69
15,79
50,45,182
131,273
95,54
223,59
119,76,278
118,188,279
194,87
108,80
167,145,108
138,265
210,3
248,0
80,81
256,143,192
189,175
157,117
167,121
123,77
52,179
11,151
313,85
320,113
0,70
260,1,305
182,1,305
209,106,98
53,239
155,118,42
147,117
163,267,60
39,230
143,19,16
26,25
125,3
81,145,71
198,216,191
209,67,5
100,250
82,322
297,262
170,244
110,47
12,141
125,109
305,201,234
3,100
205,156,244
46,166
55,179
237,45
270,46,190
74,130,58
113,262
22,139
22,161,64
206,83
13,39
321,160,104
103,176
203,42
53,99,236
80,107
31,302
42,297
22,24
92,124
221,117
84,177
260,6
193,303
256,206,4
11,102
35,249
299,197
241,230,52
162,276
103,72
118,65
30,247
210,76
117,266,28,188
56,259
163,252
127,139
215,177
17,78
129,138
115,116
1,106
77,99,142
15,72,271
5,260
326,183,101
191,116
220,208,233
95,213
194,304
42,279
12,278
108,109,122
254,179,315
173,122
147,301,104
104,188
119,186
268,204,166
194,315,179
166,145
200,65,40
199,297,200
177,127
167,107
135,233
106,73
121,109
142,3
162,149
123,179,272
171,30
111,194
117,42,169
99,298
147,160
187,12
313,297
307,306
17,83
248,260
87,39,183
15,192,1
72,240
242,99,315
60,204
127,290
151,72,214
88,181
147,65,178
244,301,65
176,154
5,311
5,8,102
3,261
257,188,156
104,22,147
299,273
143,11
231,141,99
14,39
119,142,36
249,93
295,179
78,214
118,262,61
150,21
82,260,1
28,169
51,293
141,96
171,12,37
3,180
103,112,143
300,64
95,317
115,116
211,267
229,40
105,176
264,221,97
152,27
214,72,238
147,113
109,75,204
264,178
43,215
233,78
67,82
98,7
268,81
140,61
15,6
3,34,175
105,181
79,1
262,303
215,221,200
144,16,8
132,79
188,66
303,290
37,247
10,134
219,228
271,164,316
151,15
298,213
169,66
154,143
42,202,215
139,42,22
111,183,2
200,279
111,304
17,181
112,154
109,125,148
86,286,2
315,254
20,75
82,11
63,107,89
285,5
10,176
139,127,262
204,116,124
122,299,273
326,111
68,4
214,15
118,65
279,128,118
119,12
61,97,291
52,194
159,239
23,217
184,38
112,322
187,194,51,226
194,180
13,194
175,34,218,92
145,198
1,106
193,104,126
260,305
246,99
30,100
171,12
50,144,219
306,171
1,305
133,285,135
100,77
161,104,297
316,16
288,14
204,195
6,67
10,105,134
107,92
154,176
109,116,20
161,137
91,167
63,196,189
190,91
150,21,71
125,21,190
5,11,134
47,172
214,102
105,102,16
6,82
31,100
187,258
110,91,163
77,258,180
280,107
91,148
45,181
289,52
99,171
22,320,157
105,209,219
122,218
82,45,44
101,230,293
290,212
164,68
34,124
69,234
236,261
314,87,99
41,147
215,40,264
86,194
225,92
75,218
247,184
225,93
180,239
250,87
42,202
300,323
13,39,180
54,261
119,95
127,104
223,26,93
42,118
39,86,99
54,239
216,107
218,57,26
36,31
104,174,221
252,107
219,79
265,23
60,21
110,46,93
111,54,87
174,297,85,215
139,212
87,53
130,94,32
188,203
126,292,128,300
184,99
304,194,258
146,291
84,117
46,93
111,315
135,67
130,94
307,99,304
98,16
192,4
118,117,205
219,17
118,157
109,252
118,155
99,213,247,87
108,59,46
252,211
199,28,168
226,184
298,236,95
216,80,269
246,183
287,147
210,141
77,179
111,184
131,167,108
42,27
183,231
78,11
11,17
227,157,310
84,114,126
56,210,13
87,56
315,111
122,163
193,157
186,51,246
105,8
11,260,72
194,239,185
210,194
141,304,171
16,44
52,183
24,114,323
76,99
43,301
222,266
159,120,183
24,40
257,303
4,274
57,21,109
274,4
169,27
3,31
137,97
289,56,184
95,30
21,47,197
41,147
171,306,77
77,184
160,118,188
81,57
94,131,58,162
1,73
27,227
51,87,250
265,27,128
43,245
1,240
11,5,316
160,117
209,1,102
244,1,17
135,206
279,22
211,121,109
16,164
100,250
22,169,66
218,195
76,37
51,293
238,7
70,206
70,135,209
27,129
141,87,272
240,105,206
5,135,9
27,147
276,116
231,295
126,27
78,322
145,94
6,260
94,211
280,312
31,272
193,205
22,279
16,29,256
6,248
199,43
26,25
59,109,145
202,28
11,135
153,176,11
37,31,258
176,4,68,19
204,59
119,302,283
107,166,163
315,194,183
108,94,92
115,75
60,46
125,149,32
251,93
218,122
16,201,6
91,267
34,109
152,188
166,108,145
262,229,244
159,171
83,260
198,58
316,112
26,25,167
98,9
291,265
218,75
121,163,75
180,226,87
171,210,226
195,60
92,108
219,11
183,56
93,196
315,90
79,73
188,118,22
247,302
161,301,156,104
271,11
258,230,12
163,74,197
111,100
188,221,266
209,68
40,265,310
103,19
219,214
46,71
79,50,103
82,103
14,96,226
145,175
93,145
67,233
189,115
187,298,250
205,97
287,85
236,179
107,208
43,22
168,169,22
72,154,68
117,188
141,39
21,47,81
226,171
71,131
148,94
111,258
256,8
118,40,188
94,166
19,309,4
215,118,203
84,203,174
225,166
200,117
198,75
94,216
19,102,248
181,248
93,108
27,160
7,153,19
227,40,65
162,32
135,11
320,319,104
94,107
113,221
29,10,4
88,1,4
248,5
236,13
46,94
42,147
269,131,116
126,30
2,179
265,65
81,216
245,27
209,284
246,186,194
95,52
115,21
51,2
142,295
71,47
206,154,143
228,79
74,173
142,53
115,74
199,266,129,160
147,158,140
188,221,139,300
269,218
306,141,180,39
101,90,242
142,39,246
272,87,39
66,160
248,83
272,183
321,215,118,157
118,170,97
180,179
84,104
154,10
233,143
62,204,148
6,143
227,157
239,306
185,56,187,241,302
250,39
94,92
57,63
229,217
47,91
302,272
109,162
31,123
247,278,242
6,16
74,251
168,22,140,188
190,94
253,125
12,141
172,33
228,143,70
158,139,118
158,199
115,273,249
282,148
141,171
318,61
301,303
158,61
30,56,55
257,23,117
33,109
2,55
266,42
147,287
202,27,138
27,24
94,235
256,219
126,215
30,37
64,222
123,187
131,235,150
154,73,206
323,118
167,172
46,57
113,244,203,43
97,319
66,41
162,57
320,139
36,246
308,21
239,179
164,44
146,140
318,290,188
47,145
174,139
146,139
213,51
305,143
237,219
96,37
100,259
5,98
99,86
225,131
216,130
21,110
231,185
73,50,143,82
46,131
305,1
325,44,1
141,142
220,105
111,100
179,213
183,194,99
46,109
23,64,177
154,256
21,71,189
274,133
34,211
82,6
301,169
219,234
313,188
96,210
81,235
160,157
215,128,244
119,272
2,3
21,173
308,71
202,160
148,116
22,66
273,32
57,116,107
38,99
113,22
82,234
22,118,300
260,143
186,53
79,209
29,10,240
210,171,119,99
241,101,12
158,61
65,24
262,127
27,202,117
137,174
227,265
147,321
182,322,112
131,145
255,137
5,45
185,123
39,259,179
20,25
151,284
0,274
24,138
17,18,106
263,135
311,103
144,176
217,303
323,227,265
153,4
305,271
65,279
71,60
232,39
16,72
30,246
306,86
227,113
273,89
75,48,267,148
1,50
132,102
74,46
13,186
21,162,62
164,11
126,178
71,47
257,287,24
133,233
77,31
111,99
156,24
1,6,305
176,164
155,127
71,145
215,104
259,250
214,135,220
122,57
269,116,21
52,272
137,156
206,98
30,302,90
295,194,236,51
183,54
192,9,248
134,154
25,173,269,195
236,14,183
61,129
59,167,189
222,160
46,80,150,89
39,14
325,45,192
138,85
170,264
251,166,225
251,93,249
294,298,39
113,319,104
11,201
11,18
82,17,256,15
282,116
167,33,218
142,194
62,218
118,244,41
195,216
74,204
256,106
47,308
24,41
149,57
316,201
27,188,291
118,188
38,36
265,137
137,28
120,259,12
76,99
79,68
104,320
172,122,93
181,154
135,45
184,12
235,150,145
68,274
195,145
226,100,180
0,240,106
171,14,51
133,68,5
217,188
57,89,150
232,180
134,206,248
5,78,16
3,179,258
94,121,47
28,205
190,197
81,218
216,167
164,6
12,272
63,216
308,299
67,88
53,99,101
66,41
23,117
30,56,2
122,74
258,100
124,175,71
47,145
82,182
11,6,68
9,219
202,40
79,72
14,194,3
84,97
85,221
178,188,27
122,26
4,154
259,95
158,188
62,211
23,22,42
146,291
136,93
39,87
14,36
248,206
143,69,135
203,169
32,109
1,274,98
226,100
192,143
101,171
262,203,156
96,289
80,92,163
254,99
76,99
179,13
15,143
228,6
317,3
86,87,283
71,20,198
30,247
140,24
172,225
58,110
263,134
13,77,306
15,11
21,62
200,41,321
180,159
154,67
260,16,220
59,130
319,264
14,119
70,208,11
143,263
216,125
109,60
79,322
112,15
141,101
84,215
121,167
115,273
315,123
306,123,3
131,195,148
16,88
8,206
293,185,54
154,240
266,297
111,141
206,98,19
94,74
154,316
74,109
194,123
115,21,196
114,262
206,176
99,52
5,0,73
2,51
244,160
47,93
122,34
240,29
269,115,109
31,2,52
179,3
3,125,116
101,288
317,99,52
106,325,322,135
107,75
225,107
132,325,135
15,234
105,133
127,85,292
55,95
5,6
115,89
62,25
303,84
202,158
13,179,51,96
180,179
58,92
183,185
321,174
234,219
164,78
95,236
218,25,312
145,225
304,39
18,182
306,278
78,106,102
99,14,53
44,135,207
244,193,85
211,107
300,146,85
120,14,295
127,227,320
250,37
249,34
192,68,154
89,93
198,74
7,82,311
163,121
132,16
187,55
104,287,279
249,109
188,146
289,306,2
147,118
252,267,235
104,85
175,89
159,171
322,143,11
96,99,293
263,1,151
123,184
164,72
21,249
166,47
247,307
179,242
43,212
106,19
268,58,235
172,58,93
160,290
312,75,34
164,102
92,173
118,229,200
216,107
37,283
276,268
133,214
172,131
151,49
215,104,303
164,135,69
70,238,15
17,209
174,170,229,85
283,171
208,44
267,148
150,195
130,136
30,210
91,122
71,58,198
293,236
34,145,163
69,82,144
6,45
120,13
189,163,74
265,160
296,179
248,4
244,139
216,251
63,48
111,55
201,67,311
39,183
22,200
4,154
300,66
225,33,130
12,13
167,107
77,12
116,163,270
161,205,157
162,175,109
28,27
171,184,111
186,272
17,68
72,17,248
85,203
6,284,11
26,175
5,6
260,135
271,256,219
138,85
115,32
230,99
95,53
130,172
141,3,171
169,146
61,118
172,116,145
12,76
306,53
288,53
171,317
112,285
239,184
147,23
163,273
156,174,139
142,37
212,297
221,85
158,291
248,240
156,264
115,34
82,44
156,97
286,52,31
109,108
101,210
10,8,67
156,178,161,104
230,30
311,88
119,183,239,77
156,113
176,15,219
129,262,114
57,267,218
157,188
311,144
190,91
15,44,6
241,179
40,28
233,135,78
235,34,198
117,146,41
236,30
189,75
202,147
115,216
137,169
219,11
205,147,265
301,85
279,147,229,42
14,187
211,124
48,94
109,32
104,193,139
151,206
42,28
221,319
171,99
116,216
40,265
129,169
103,1,209
231,179
47,60
21,198
105,151,72
75,35
127,61
198,125
87,30
95,286
291,113
181,135
118,202,28
114,290
301,113,126
107,60
117,65
229,170
174,290
210,230
169,264
8,102
316,271
174,104
233,79,6
198,150
293,119
127,227,264
213,288,86
10,102
289,96
201,5,6
201,11
71,225
53,180
209,234
264,174
255,65,27,279
297,129
109,75
303,168,117
163,218,252
282,115
204,110,109
178,177
153,106,102
102,134,154
265,28,41,160
176,233
42,40
284,102
6,8
205,156
121,26
27,61
94,108
94,109,108
258,224
176,9
124,211
47,108,166
26,115
52,142,31
151,6
82,44
109,75
22,287
271,7
198,216,235
151,98
102,82
28,140
117,174,22
167,74
117,24
319,65,22
211,252
161,227,27
74,116
66,158,152
228,78
192,181,260
78,260,164
172,81,196,275
156,27
17,103,112
3,180,142
141,30
79,234
162,34,109
220,49
80,59
1,274
124,115
142,14
304,54
162,57
265,40
316,233,4
62,116
34,116,91,26
183,51
96,186
218,26,252
239,258,293
4,219
50,133
158,113
81,94
22,42
316,219,83
47,75
194,142,96
123,180,39,51
229,43
221,264,212
111,30,100
3,21
65,22
230,210
27,113
31,53
46,91
167,89
228,151
262,41
48,58,211
99,278
24,169
241,36
94,268,124
184,86,242
31,315
199,66
13,30,39
52,51,12,31
60,166,81
64,292
45,105,176
203,40,199
114,156
122,75
108,218
8,164
185,239
215,229
318,291
128,84
194,326
218,121
196,251,197
220,233
178,265,202
135,6
234,70
179,52
156,104
119,87
17,103
315,36
239,283
206,201,45,240
252,116,218
85,199,188,301
104,85
257,168
80,216
304,77,171
2,246
234,237,151
12,289
235,93
259,210
126,41
4,237
99,37
72,181
247,31
246,272
30,295
52,241
36,185
234,5,17
51,95,39
68,72,73
11,112
37,317
208,201,134
173,34
191,131,116
21,46
23,221
221,152
3,13
79,11
63,175
2,184,210
24,28
174,320
3,56
73,102
31,306
27,158
20,57
99,210
194,119
179,120,232
8,0
14,258,295
245,27
92,189,47
160,174,301
124,60
37,39,317
316,70
93,163,35
4,98
66,128
109,148,108
93,252
41,61
153,82,165
202,146
316,15
316,1
236,213
218,57
291,104
206,98,182
141,304,90
34,276
4,240
60,32,110
180,232
47,235
33,60,108
51,87
100,99,231
149,26
16,102
121,167
172,115
261,54
21,148
113,41
127,85
137,138
21,34,189
247,95
286,141
52,293
94,130
91,253
64,129
127,301,205
166,172,47
146,64
98,151
4,72,73
31,306,304
139,290,170
215,221
32,93
204,107
34,211,109
176,134
108,94
106,281
142,96
276,198
206,164
13,239
43,41
36,171,99
2,101
75,131,46
3,111,278
8,153,6
93,74,167
102,70
30,210
31,90
179,56
105,9
170,212
79,1
99,142,14
144,50
244,43,160
117,64
216,198
19,10
13,179
150,172,35
203,169,168
93,216,71
35,166
36,76,247
103,17,153
157,152,158
290,139,113
21,225,197
166,110
134,143
297,104
15,132,316
66,156,279
72,11
326,254
82,44
41,160
42,257,147,28
14,258
140,84
195,145
232,186
72,73,102
78,176,153
98,83,271
189,121
134,78,181
321,174
214,228
163,109,57
118,146
206,105,29
50,45,206
130,125,166
122,115
184,180
58,71
74,59
112,45
8,5
216,275
6,260
213,278,111
50,88
125,191
173,74,270
194,296
290,174
133,68,263
51,179
131,280
219,233
135,256,228
28,200
95,171
80,166,63
186,210
273,198
111,288
153,248
19,228
123,96
93,167,190
29,11
229,160
200,188
173,162
132,151
154,11,240
198,32
60,107
275,211
292,113
301,24
3,39,142,52,95
325,17,285,1
67,70
296,141
279,104,27
1,6
167,58,107,121
11,72
68,6
37,296
86,31
102,209
225,115
236,179,3
213,52,194
218,46
256,181,209,18
106,309,29
44,237
63,267
227,147
210,55,53
102,234
19,219
53,2
5,132,6
29,206
166,81
39,30
239,298
199,65
83,134
141,3
298,194
79,263
184,56
238,132
143,176
276,130
29,176,44
183,77
178,203,43
171,187,194,99
106,176
227,97,301
19,88
106,219
177,84,137
128,43
54,180
21,269,190
262,97,193,215
60,32,124
13,180
314,293
175,189
154,240
14,87
246,39
62,81
179,96
103,153,281
119,183
130,110
61,40
21,34,280
266,42
260,219
313,157,202
31,99,224
51,96,210
22,221
245,297,85
53,180,194
246,226
236,99
144,68
44,274
33,110
164,237,132
102,4
14,286,96
166,60
34,58
311,144
295,246
96,36,224
316,1,214
13,90
217,205,215
25,58,175
62,25,167
61,158
238,282
285,17,238
192,50
186,56,100
218,115
111,77
94,116
218,25,122
179,12
119,293
20,21
172,218,235
76,37
167,130,81,136
176,29
130,125
66,146
111,183,286
148,63,116
34,173,125,216
51,95
52,236
27,118
211,130
30,315,293
291,117
139,323
42,147
252,75
158,257
325,79
166,276,108
21,145
5,206
219,79,10
260,8
33,225,75
232,294
78,83,214
59,167,235
229,24
264,303,262
95,226
150,75
42,265,118,117
162,63
236,52
192,44,6
44,132,220
117,113
29,311
109,63
104,146
277,79
227,279,40
210,183
74,249
116,163
189,125
148,267,190
85,222,266
193,85
77,241
262,85
78,143,45
13,51
80,47,71
198,225
273,21
95,39
142,95
151,11
91,57,125
116,57
47,107,57
39,99
300,28
148,47
57,115
141,101
87,13,293
233,274,135
144,4
51,99
153,248
13,100
236,187,179
186,38
170,113,152
213,95,111
32,46
6,103,219
210,183,296,36
179,261
227,24,42
53,111
196,94,148
175,93
104,227,126
21,25,267,94
121,62,21
125,190
21,109,94
195,75,162
249,125
184,99
145,71,249
142,95
184,123
3,226
94,125
147,118
188,203,155
29,176
62,74
147,40
169,137,290
285,248
188,117
86,100
221,85
134,209
172,32
287,126,257
164,78
153,144,248
131,110
63,145
34,136
242,119,30
2,171,100,210
3,55
121,110
127,85
20,60
211,145
171,39
93,131
89,75
71,249
124,57
121,145
56,36
20,110,26,172,59
167,252
274,305,69
36,95
144,1
170,137,205
23,188
214,135,206
305,106
240,72,134
29,18,176
145,21
210,186
29,132
61,168
64,303,23
248,8
184,99
31,37
126,229,320
91,267,167
188,174,203,202
260,88,176
13,194,317
172,145
137,301
106,7,8
226,183
123,2
304,14
10,233
111,317
30,186
33,21
25,107,124,136
44,192,82
101,31
70,11
313,170,161
202,168
218,60,211,59
129,126,227
176,311,106
310,188
103,8
65,61,266
57,60
195,166,107
221,245
22,113
142,183,13
205,158
177,113
166,60
76,258
3,13,52
164,79
151,271
0,182
244,138
210,12
1,72
167,94,268,216
315,258,100
5,132
101,230,86
30,302
17,238,209
210,111,87
130,109
142,247,12,283
12,171
199,117
106,29,19
203,61,113
86,100,101
115,62
114,104
22,287
52,288
79,70
66,146
160,65
273,122
157,291
37,259,261
146,265
195,21
13,142
123,185
42,118
115,109
182,209,274
99,55
147,313
183,142
211,216
202,303,158
165,68,11
245,319,160
22,85,193
84,138
1,18
127,205,156
287,156,244
175,273,269
73,16
56,86
113,158
176,5,164
54,183,180
17,154,1
198,80
8,106
290,64
67,83,248
81,145
1,18
43,85
206,133,8
105,220
3,141
121,148,33
81,59
108,21
260,263,16
164,68,16
128,227,297
21,267
218,93
1,11
117,266,221
78,5
131,189
242,3
53,250
188,229
83,1
135,165
148,167
179,187,250
66,118
28,244,313
189,34,276
75,115,91,162
171,101
309,228
193,113
189,269
6,105
12,171
296,96
156,202
135,206
103,238
111,171
194,3,186
39,258,13
13,246,232
288,86
79,260,4
92,145,216
11,73
43,205
125,115
40,156
215,169,129
288,101,123
63,211,92
188,127
67,134,19
319,244
272,96
3,141
136,145
4,18,102
242,254
165,220,79
221,104
12,86,159
10,220,103
113,217
279,161
214,1
204,34,75
215,85,104
230,272,179
273,167
154,219,181
239,13
48,91
52,186
143,5
163,93,148
200,147
291,188
39,123
125,89
39,247
28,117,227
212,255
150,94
252,166,218
160,23,262
0,18,8
99,141
93,59
125,124
325,11
51,12
127,170
107,267
151,263
116,173,109
271,176,9
96,51
110,235
317,14
61,227
148,63,109
23,85
42,129
95,55
145,276,46
97,169
306,56
33,125
214,78
218,122
306,278,210,141
288,210
110,60
26,197
156,310
56,30,31
171,232
273,249
128,266
155,66
258,230,171
163,33
305,6
198,122,63
262,215
178,85,318
178,156
104,174
272,142
52,13
209,132,176
19,234
212,178,85
252,34
76,12,230
65,158,313
217,117,43
139,215
248,29
13,100
195,268
193,22,147
46,92
266,323
102,238
161,169,104
109,20
189,145,32,71
155,178
28,42,157
147,155,160,42
115,235
183,226
250,185
7,98
14,95,171
79,143,10
222,168
21,299
12,288
114,139
71,163
179,3
43,161
33,124
85,104
27,290,160
26,216
74,47
74,163
109,26
128,257
288,295,141
92,269,189
32,150,59
190,150
131,172,108
244,104
11,0
251,115,148,26
7,263
240,98
250,210,99
118,156
292,42
53,171
293,76
115,34
112,256,6
303,129
158,24,40,23
291,113
308,63,21
99,142
85,319
176,133
109,211
269,34
239,210,246
237,154
133,181
293,123,52
305,228,4
99,210,306
71,48
21,34,92
131,249
71,110,26
224,230
118,158,279
281,135
116,195,59
134,10,18
182,50
51,171
164,233
308,125
10,106
117,27
139,215
145,89
103,234
6,79
55,142,210
1,10,103
229,23
46,124,59
325,234,209
91,57
107,162
38,55
59,110
196,268
100,99
28,279,140
117,23
272,210,241
175,282
105,219
36,38,99
133,233,106,17
268,26,204
228,68,6
125,130
210,315
141,111
288,39
118,61
27,320
168,64
93,273
89,175,268
210,53
212,114
34,251,299
31,288
48,26
3,258
244,320
168,118
41,42
150,116
119,258
68,67,132
218,108
162,173
97,313
148,25
175,173
15,8,143
121,109,62
220,68,206
206,44
34,269
11,44
194,171
42,41
171,230,96
75,35,218
184,38
108,124
34,62
37,258
181,164
151,165,10
264,300
47,173
163,47
56,99
218,190,94
178,297,170
45,102
144,105
265,215,245
191,116,59
161,22
141,302
287,168
70,11
23,157
271,82
123,283,194
115,34
179,87
179,241
125,93,197
198,81
183,13
282,175
40,147,113
122,57,91
122,94
80,108
167,89
75,125,148
136,71
208,144
194,295
37,77
61,222,303
15,132,277,112
24,113
62,252
311,0
116,218,34
121,26,125,93
95,314
4,143
9,181,305
244,156
71,32,74
219,176
133,248
69,219
72,311
57,46,130
68,209
84,130
34,252
79,220,208
308,115
110,167
300,291,22
123,31
167,116
179,194,87
186,142
87,51
95,99
179,119
256,206,1
47,125
189,125
42,64
71,218,175
94,46
117,118,139
4,248
159,180
109,191,167,34
306,90,159,210
182,206
35,32,48
50,309
113,139,203
40,126
124,131,167
204,116
81,34,195,150
274,134
81,57,26
67,82
37,90,171
28,200
151,164
283,36,142
45,70
174,24
293,247
13,283
166,108,273
156,221
151,79
27,291
188,257
311,9
275,198,218
194,99
132,8
206,68
115,35
188,287
92,46
266,155,40
50,105,181
210,194
265,287
178,160,266
93,92
264,262
248,88
116,145
77,38
59,58
312,21
148,273,21
218,21
42,147
51,180
276,269
210,13
307,236
30,3
251,235,167
279,118
187,194
206,132
184,90
143,11,164
182,105,68
72,1
121,175
305,11
95,194,293
285,6,311,16
111,30
104,127
116,109
288,111
65,310
19,176
233,16
15,67
33,235,216
211,46
19,285
44,233,79
142,272
70,132,18
263,240
168,140
266,140,257
179,246
312,189
111,95,184
172,175
238,164
115,35,62
92,46
180,171
6,102
65,117,188
164,316
16,322,98
315,39
45,206
236,224
57,173,74
174,244
88,144
12,315,101
176,305,181,209
115,122
140,126,129
42,157,178,323
27,200
51,210,39
113,193,169
28,118
40,291,168,158
210,194
317,54,186
258,37
16,135
13,183
179,39
199,23,118
316,260,240
19,102,10
168,138
188,301
148,115
26,268
22,146
109,26
268,167,115
81,273,21
305,181
319,128
113,126,178
63,74
93,175,26
105,219
230,77
81,131,269
156,84
70,17
167,124,26
168,24
82,240
113,128
170,244
154,70
218,267
78,67
95,52
230,247,37
31,180,39
283,2,231
227,118,23
88,206
72,240
266,291
72,134,29
144,73
182,154
68,17
130,93
72,248
215,139,174,127
30,53
218,121
129,152
195,251,268
169,178
304,95
269,116
317,293
184,111,55,31
293,272
21,204,148
107,148
99,14
47,216
118,291
102,305,105
27,266
248,209
75,21,115
261,183
1,316
173,218
234,50
76,31
226,3
236,239,183
63,94
276,109
63,162,25
76,239
232,87
117,257,146,27
73,192
135,45
97,40
94,108
95,250,226
2,56
167,92
22,147
230,53
79,271
132,72
140,199,265
148,34
322,154
147,229,66
82,6,73
270,275
150,198
178,147
202,255
246,293
262,215
16,73
216,57
230,194,119,99
194,99
8,316,209,181
138,22
31,51,179
189,35
134,18
66,290
16,228
140,113,97,155
227,65
214,263
19,105,176
274,4
281,214
153,44
147,23
265,178
179,120,100,39
246,142,96
34,122,276
159,210
157,66
94,80
180,179
90,12,184
60,121,125,25
120,141,119
254,194
181,7
258,95
157,85,169
193,290,137
78,70,16
292,319
9,176,98
152,156
53,2
261,119
85,128,65
26,218,216
103,220,219
82,132
164,154,201
110,121
274,143
316,240,181
140,41
41,265,22
87,99
274,9
322,68,143
5,219,98
52,185
44,45,82
71,172
176,16
63,92
96,194
183,95
240,11
122,108,149
39,186
45,1
206,82,144,106
130,47
30,53
119,111
148,282
9,182
83,5
152,85,146,200
180,194,96
22,266
74,191
160,152
12,51
189,109,163
26,63,218
182,305,154
315,286
77,286
82,206
21,115
194,293
174,156
0,134,176
111,77
306,3,226
17,5
183,224
109,269
94,275
153,305
264,215
133,248
13,96
153,106,219
158,147,140
22,139,157
246,56
226,186
170,160,85
172,235
23,118,24
93,167
15,144
286,77
62,21,175
100,286
107,148
165,73
52,142
130,93
175,115
186,298
250,3
5,6
267,75,273
222,221,41
99,304
171,99
243,247
17,102
189,25
188,215
52,226
156,43
46,32
108,204
239,272
218,21,122
26,115
162,115
136,268
76,37,77
46,167
143,260
105,154,176
233,68
68,143
106,134,103
225,107
279,61
270,116
73,214
142,194
39,119,183
5,143
71,109
167,74,145
131,145,33
95,13
63,57,21
213,14
303,169,28
32,110
17,219,305
235,195
115,181
140,64
29,16
9,135,45
260,8
325,135
27,319
224,258
187,239,95
218,130
225,167
84,262
104,137
116,136
30,171,286
77,230
53,296
