0,1,2
3,4,5
6,7
8,9
10,11
12,13
14,15
16,17,18
19,8
20,21,22,23
24,25
26,27
28,29
30,31
32,33,34
35,36
37,38
39,40
41,42
43,44
45,2
46,47
48,49,50
51,14
52,53
54,55
28,56,6
57,58
10,59
60,61,62
34,63
64,65
66,67
37,68
69,70
71,4
72,71
73,74
75,76
77,43,78
79,80
26,81,27
82,3,83
84,85,33
86,87
1,88
89,46
90,91
91,92,93
94,28,95
10,96
97,98
99,62,100,101
102,72
103,104,15
0,105
106,107
108,109
110,111
112,39
113,66,67,114
30,115
116,38
59,117
118,47,119
120,97
15,121,108,122
123,37
124,125
79,126
127,31
128,14
66,129
79,130
82,80,131
132,77
69,67,133
134,72,60
135,83,39
120,136
54,75
137,30
138,139
140,113,22
141,104
8,142
104,143
144,145
146,147,148
149,15
150,124,55
36,151
152,96,65
153,154
34,9
155,150
52,37
130,156,157,158
159,14
160,161
23,11,129
110,50
162,30,54
163,82,139
164,139
165,166
167,168
169,170,153
160,171
72,139
51,172
172,173
128,149
54,30
174,175,82,176
177,100
33,132
178,179
118,120
27,65,180
28,86
181,42
128,182
111,107
183,184
19,8
185,83
163,186,139
126,187
188,125
22,142,63
61,187
36,189
34,190
130,5
149,50,191
122,192
193,194
195,100
196,197,198
60,199
200,140
201,140,202
55,150
116,49,191
7,54
203,42
6,127
204,63,27
205,148
31,145
139,74
167,206,71
187,185
191,207
208,86
209,127
73,210
10,211
212,168
124,31,213
214,215,150
171,49
216,100
217,35
195,218
219,220
221,143,37
56,146,210
222,60,223
6,94,25,214
224,160,49
15,37
152,136,9
148,179,209
225,226
195,187
191,51
79,227
32,27
90,37
43,120
132,32
26,132
162,88
186,228
102,130,218
94,169,73
36,229
46,230
28,209
153,231,210
36,183
232,60
141,194
233,82
65,20,9
189,107,184
231,234
209,215
47,235
5,130
236,68
26,64,22,17
186,163
22,113
57,186
195,71
65,200,63
206,237,100
238,194
124,73
239,0
233,100
102,240,218
9,241
151,37,122
116,104,143
39,195,71
59,133,242
30,165
40,243
192,238,244
140,10
208,124
30,73
245,246
29,234
247,248
150,73
159,116
46,249
83,81,250
164,168
66,69
251,231
214,75
252,145,124
112,99
25,196
253,157,222
111,160
126,139
11,254,47
80,12
234,255
256,191
256,141
165,31
49,104,14
147,31
57,83
257,258
154,25
162,75
208,214
127,31
67,23,9
235,70
77,225
37,229
111,259
260,110
32,113
261,105
258,130,57
141,217,184
166,169
94,125,165
223,168,243
112,5
81,218
245,14,49
102,156,262
128,173
36,263
64,190,264
168,265
99,222
211,266
89,267
268,72
148,179,31
119,9
78,267
110,68
214,251,115
216,102
177,265
205,269
187,257
73,165,252
36,270
83,187
136,271,77,20
54,197
103,36
31,272
114,273
209,6
43,59
151,229
214,179,215
22,27
274,213
1,127
45,170
177,12,174
204,44
26,204,9
5,222,195
119,136,34
187,233
181,27,9
69,46,242
175,174,250,187
97,201,47
226,10
16,96
140,27,46
129,275
211,26
86,31,276
69,277,152,211
179,214,75
84,136
46,132,69
170,88
39,126
27,16,114,241
8,23
222,60,223
128,191
143,50
275,225
254,152
58,39
97,20
29,252,196
54,278
39,279,253
192,116,280
69,203,120
281,257,206
171,282
118,70
52,107,49
49,236
249,283
115,278
93,151,91
239,213
97,77
151,108
82,83
66,9
272,214
210,169
146,214,209
31,284
150,198
241,277
120,63
119,133
78,120
48,103
31,170
57,79,164
215,54
132,117
8,11
105,7,285
138,100
70,118
46,67,18
186,164,232
286,33,152
235,67
204,21
280,128
61,81
73,188,125
28,214
20,66,275
164,102
31,205
165,125
70,85
152,27,275,65
46,275
91,92
112,39
130,135
287,257
96,249
197,252,88
200,275
65,34,22
32,9
227,240,99
5,187
122,219,53
39,61,4
188,127,88
145,197
12,112
14,51
37,128,14
159,110
153,178,214
270,217,49
136,264
54,73
4,288
198,146
193,236
33,254,117
141,289
290,53
21,65,47
256,149
14,189
113,81
67,136
143,141
78,241
198,73
266,273,34,200
62,212
185,223
291,235
111,38,122
130,102,60
117,181,8
281,12,102
24,0
160,91,143
46,119
109,107,292
223,57
44,133,275
188,150
126,79
192,49
280,149,37,35
69,23,291,46
218,164
150,73,31
224,236
293,156
13,134,39
155,76
46,43
210,94
30,45
124,94
139,177
149,53,128
241,117
135,222
150,31
153,197
30,231,155,147
250,268
39,174,40
17,18
57,253,187
280,172
294,218
86,29,150
163,72
265,175
37,49
127,145,6
86,179
280,51
117,286,235
250,4
67,201
150,276,73
271,67
179,0
166,147
295,128
1,127
127,88
214,73
9,235
1,296,75
269,214
297,217
250,168,135
43,291,273
287,216
91,295
47,26
140,69,84
298,198,127
267,266
165,284
150,198
299,257,81
281,233,72
43,211
185,83
167,81
156,62,237
81,112
183,52
249,271,77
27,22
11,59
180,20
44,27
167,279
227,131
293,138,218
294,100
172,191
161,219,15
152,200
107,256,171
1,124
110,300
187,60,174
17,271,249
126,4
64,43
294,233
281,79
147,155
191,295
101,79,58
115,105
137,196
257,83
195,156
113,34
27,249
100,62
141,172
79,257
27,9,21
82,61
100,81
32,47,241
39,174
200,136
26,64,33
167,12
190,140
84,119
103,290,36
4,163
301,82
302,278
119,46
210,166
153,45,95
148,155
47,129
232,287
68,149
133,32
203,69
180,129
198,87
189,159,149
233,240
214,170
250,126
124,166
105,165
217,110
82,237
179,76
54,298,75
129,190
303,90
304,13
175,299,227
198,165
215,179
188,6,251
188,31
132,129
40,287,223
111,297
204,69,84
233,58,293
188,86
16,152
50,90
36,107
45,30
109,53
297,111
127,55
118,59
155,29
246,160,109
178,127,54
15,159
219,103,149
95,234
218,175
184,93
12,83
289,220
276,155,210
21,89,63
210,305
116,50
241,225
14,207
26,27,41
63,70
88,25
265,175
65,271,249
123,183,172
171,183
174,5
71,3
109,110
131,293,62
296,166,148
108,292,245
51,238
54,179,148,2
260,116
306,139
15,244
190,23
36,151,292
268,237
102,134
43,67,119
0,198,127,150
268,206,60
138,4
23,66
49,191
40,71
70,249
137,55,31
39,131
80,167,60
93,260,68
49,91
73,252
27,235,23
223,138
61,195
197,31,154
280,92
152,16
218,163,240
56,30
292,48
151,53,171
200,97,22
26,34,17,8
248,36,224
117,32
27,119
120,42
147,76,155
165,307
144,31,150
224,171,173
203,9
218,4
215,95
27,129
122,224
299,61
149,161
151,36
289,191,50
105,28
91,173
252,145,239
111,149
119,42
49,52
112,233
32,43
163,258
28,169
127,86
274,308
155,269
46,47
67,46
44,267
0,308
11,63
284,251,215
54,272
126,299,293
83,187
250,287,12
165,73,198
50,173
242,78
295,90
10,43
0,150
269,155,188
251,86
49,91
88,154
91,104
122,270
241,23,140
75,178
172,143
309,94
54,274
271,117
235,10
127,162
199,83,40,135
79,101,253
283,152,8
233,82
36,48,189
265,175
271,310
236,151,173
222,187,61
182,236
61,287
297,184,191,207
10,190
53,224
152,16
158,258,222
44,34,16
87,145,1
186,100,218
83,218,288
37,172
183,191
169,276
182,260
235,11
151,122
248,245
128,282
187,175
163,79
169,7
269,165,29
122,149
88,251,75,0
26,34
269,166
118,96
72,168,311
211,98,43
86,75
169,6
200,21
247,194
244,290
23,44
67,85
107,194
233,258
43,63
63,264
163,293
235,211
100,281
217,110,50
163,112,3
108,312
130,102,156
47,98
195,187
236,107
54,209
139,306
94,31
98,133
104,160
238,192
125,214
224,282
187,163,174
37,14
275,133,66
126,177,175
128,270,312
53,160
100,62
251,214,296
217,238
147,7
233,281
155,87
275,98,44,152
21,266
63,70,64
211,152
258,222
74,139
82,288
47,152
167,99
196,54
14,37
268,58
280,15
283,77
276,1
60,83,177,218
82,299
53,300,90
152,132,42
91,256
150,278
30,155,150
196,307
219,143,290
286,19
128,173
144,73
215,7,166
220,290
305,0
56,284
197,198
249,202,97
130,100
48,149
262,72
166,272,76
241,43
306,186
52,48,244
67,235
83,157,250
89,132,152
219,143
236,90
273,113
313,152
164,206
106,14
36,91
24,274,1
127,309
132,27
128,107
314,137
187,168
176,164
183,160
218,288
71,288
70,33
129,20
242,11,8
269,302,86
137,314,197
5,175
284,73
46,77
27,32
178,166
115,30
62,163
94,2,6
280,292
98,133
34,16
237,130
26,77
101,223
163,262
205,278
39,83
222,62,186
149,220
253,100,250
240,83,12
315,54
260,224
72,58,57
300,161
120,34
314,111
115,30
269,76,1
34,133
213,165
223,240
175,156
94,252,197
244,106
187,167
177,187
76,25
137,87
22,275
128,219
114,27,22
292,189
316,167
201,114
190,119
56,197,31
292,289
291,106,171
250,223
17,152
307,276
159,317,91
52,36
60,57
119,84,85
159,171
155,272
3,218
0,278,170
97,33,152
214,231
287,62
91,149
121,104,217
124,31,197
194,193
15,151
288,39
87,178
215,76,148
145,165,95
292,297
118,20,70
87,23,72
140,275
37,289,280
14,193
136,230
282,312,256
71,12,187
160,53,149
289,15,297
251,214
164,237
179,198
178,170
223,268
87,137,178
43,65
31,24
151,121,224
107,236,121
24,150
235,119
44,114,77
225,267
222,293,253
203,77
48,207
46,97,117
252,276,125
110,128
93,92,109
22,142
144,252
95,309,251
249,69
191,171
256,149
83,4
17,22
190,17
14,104
281,57,13
189,36
178,115
250,187,40,83
267,27,46
152,17,21
211,46,27
49,192
200,275,21
49,38
176,58,131
106,53,221
244,141
191,207
36,192
75,165
77,20
233,177
218,304
187,168
318,43
297,15
225,254,313
244,14,173
243,163
297,92
187,167,126
128,116,260
206,223
83,233
8,132
98,96,23
43,211,17
104,103
112,250
151,236
27,26
181,42
177,258,222
14,93,122
171,110
177,102
80,79,72
21,64,17
282,37
191,90
102,227
209,179
245,194
64,41
89,67
210,76
227,71
23,85
265,175
120,136,242
212,222,293,187
231,30
4,82
16,77
178,319,88
217,191,320
143,109,244
113,129
200,16,313
17,318
104,280
85,181
181,97,201,140,65
158,175
39,61,174
133,46
15,49,289
321,128
233,199,206
121,107
187,186,62
232,81
249,254
256,151
30,179
45,278
73,76
149,111
33,17
140,119,78
143,217,171,182
126,61
84,201,23,21
163,130,158
37,312
109,108,36
103,282
97,19
86,75
215,24
219,248
15,68
211,26
139,233,281
113,16,77
27,267
160,300
0,165,45
297,183,159
61,168
140,41
54,147,86
43,118
130,58
22,98,241
70,33
265,58
283,132,273
217,300
200,27
322,231
124,87
171,151
248,236,116
238,171
30,209
146,73
227,82,240,293
8,89
27,291
137,252
134,81
110,172
186,12,5
204,117
148,76
251,45
218,72
22,291
151,48
227,130
115,298
8,291
38,36
30,127,155
235,201
14,189
238,183
290,106
284,147
57,199
177,62
16,242,19
184,219
241,17,114
9,20
177,187
96,78
21,22,132
104,252
89,235,23,20
65,77
152,271
223,279
118,200
63,204
9,64
167,102
301,12
79,253
29,154
224,149
286,277,26
198,145
308,251
9,8
36,183
122,36
44,32
120,283,34
125,309,31
198,165
111,244
276,7
93,312,36
14,68
108,122,312
244,248
58,79
241,9,283
124,252
174,81,163
67,119,267
102,156,164
171,149
138,100
285,87,284
111,151
149,171,36
89,8
14,37
141,37
86,196,28
63,46
227,187
71,130
197,145
322,147,86
22,32
79,306,233
159,297
219,248
68,189
200,140
200,129
119,291
189,194
82,167
50,111
17,44,22
256,143
136,69,120
30,54,147
162,298
23,78
94,213
235,78,66,20
206,13
317,289
83,82,99
177,294
81,57
181,27
227,311
48,244,320
111,300
163,218
299,232
207,122,183
70,8
9,44
237,199,134
170,30
77,10,33
187,99,174
299,174
275,132
168,139
47,203,23
265,258
233,156
103,14
299,206
173,260
76,127
181,10
15,53
113,8,34
170,145,205
8,118
157,163
273,63,129
38,207,49
104,260
210,251
10,181
129,201,33
54,322,296
285,147
167,40,250
244,52
82,5
75,76,276
77,241
287,99
92,93
83,288
69,211
18,65
174,139
35,36
229,104
95,205,179
80,138
222,58
245,290
293,233,39
177,187
275,11
251,214,166
75,272
240,79
71,139
278,188
95,125
240,227
30,153,54
162,251,165
163,62,250
272,178
282,220,303
272,30
102,233
9,34
222,102,306
306,62,134
179,6
298,162,197
212,227
43,66
174,62,281
249,152
4,222
98,46
160,183,90
215,278
283,133,69
77,275
223,168
323,73
182,312,280
23,46,133
90,35
217,297,280
5,126
159,161,106,238
282,37
42,21
282,183
168,187
313,11
28,155
205,213
209,188
306,288
12,223
174,212,5
111,104
191,183,245
171,122
30,54,6
308,179,169
22,46
152,64
10,283,211
115,86,196,25
246,236,109
99,39
184,53,35,110
181,21
49,173,141
58,232
228,163
188,76
315,0
50,92
65,43
182,244
102,39
198,56,94
111,90
256,151
285,284
206,187,237
71,60,100
84,20
139,222
147,284
145,188
178,86,196
152,21
89,8,46
222,206
40,187
37,221
98,47
27,140
239,308
178,274
50,280
94,31,146
286,133,41
117,129
45,76
48,50
158,257
241,98
199,72
284,314,31
251,208
271,273
269,278
223,253
73,251,88
235,119
306,233,232
109,236
149,184,238
288,60,57
140,78
90,104,173
36,68
88,322,213
285,198
292,149,68
39,299,74
17,133
137,94
270,224
132,114
46,225
183,189
233,306
79,218
214,45
38,91
239,179,210
71,39
297,280
37,38
76,147
31,165
27,136,271
49,92
126,57,243
209,29
187,40,240
213,0
264,136
278,150,178
118,140,67
245,256
8,59
141,68,317
26,17,117
285,308
120,17,27
233,186,134,281
151,256
77,152
292,110,160
232,60
256,111
112,71
279,223
262,186
179,208
171,280
3,81,174
96,190
14,191
161,107
127,137
135,39,218
235,47,129
94,31
314,205
124,179,208
110,107,50
307,209
252,234,30
225,47
280,256,219
73,314
267,20
41,22,27
238,324
38,111
231,179
173,280
169,45,137,28
37,91
301,101
141,160,245
17,277
280,111
131,83
29,215
314,284
265,175
23,129,22
222,187
8,43
87,179
43,118,47
178,2,88
235,203
31,73,124
51,219
38,292,194
309,150
287,131,39
200,69
62,223
268,58
291,46
194,173
139,233,232
169,45,137
250,12
265,185
184,161
239,305
149,35,36
265,250
305,276
110,248
52,171
124,154,94
30,155
37,49,92
69,34
46,241
290,149,183
304,62
226,65
68,189
62,72
227,250,240
23,136
145,127,0,105
313,200
299,99
178,166
53,149,248
210,6,86
196,276,73
44,43
99,250
241,225
54,188,278
308,179,73
7,76
69,85
253,228,102,258
178,188,115
303,161
39,250,195
11,77
316,174
235,8,140
244,160,260
32,283
63,264,17
190,66,226
79,134
178,319
233,72
72,139,294
288,237
107,31
31,54
169,154,86
168,258
20,67
93,224
122,292
145,197
138,227
178,214
280,183
223,5
99,167,293
46,118
3,304
165,73,251
140,59
33,69
83,167,287
23,190
276,73
43,85,203
88,30
223,175,12
5,4
229,290,244
141,171
165,214
133,225
57,288
17,65
119,267
37,128
84,67
168,135,79,80
199,223,176
249,32
184,238,123
138,79
168,174,83
49,91
120,119
291,43,66
115,88
289,183
42,152
40,187
110,108
36,48,245
48,192
63,190
108,151,183
60,187
236,270,160,110
23,8,97,46
82,39
168,83,294
155,178
183,184
22,65
104,92
299,61,237
58,311
149,194,37
250,293
48,91
241,66
292,224
276,24
133,69
234,269
150,87
229,107
102,174
181,266
71,80
63,211,152
36,14
68,191
45,188
10,266,113
248,149
27,32,41
128,194
108,312,173
109,260
152,21
155,31
178,155
122,151
131,240
177,71,268
140,67
77,132
215,54,154
125,115
233,58
178,2
248,14
295,116,194
165,162
222,79
315,276,147
75,144
68,37
191,37,289
66,230
61,12
145,0,208
220,50
160,207
198,252
143,91,236
254,241
62,237
138,281
63,249
324,141
183,270
293,218
115,302
207,51,244
214,147
31,30,272
169,115
293,60,83
68,15
290,244,260,151
253,216,62
102,72,158,57
216,164
26,22
240,61
244,263
252,29
184,290
123,15,292
104,111
306,293
145,86
272,150
228,212
186,164
211,84,117
204,22
57,222,39
106,53
253,218
173,104
286,275
195,39
238,151
157,5,304
212,268
94,145
78,36
273,118,114
186,39,218
216,102,228
298,214,115
225,59,140
30,198
7,76
172,50,111
133,18
22,264,65
155,162
191,300
26,129
76,276
213,309
187,62
83,287,167
97,34
70,69,119
233,163,268
150,145,127,137
71,232
104,160
85,133
27,9
119,43
133,66
274,31,307
165,73,197,276
36,149,297
3,168
130,268
125,308,30
308,7,215
118,46
9,119
170,251
222,218
165,28
78,120
64,310
283,254,32
281,100,186
137,1
58,60
191,92,149
65,43
111,88,165
307,196
64,117
200,43
162,125
45,209
121,192
133,65
281,258
306,218
92,256
263,256
198,150
92,238
13,206
87,165
100,233
100,176
268,176,279
136,65
256,282,106
113,27
167,175
276,323
36,246
49,38
28,150
314,145
141,50,92
55,198
114,120
114,16
21,129
314,24,88
76,205
222,163,134
15,37
132,264,211
191,37,116
249,26,85
159,207
40,134
68,91
56,6
233,257,265
86,145
1,94
88,197
198,137
81,268
293,186
38,280,141
8,275
100,79
120,202
140,65,254
110,103
27,235,275
237,187
85,17
83,60,57
17,63
33,70
106,122
284,30
240,223
62,3,233
232,186,83
299,187,131
168,287,61
81,100,83
78,151,108
8,23
83,299
15,300
267,313
152,190
176,306
125,298
242,291
39,174,83
57,164
137,150
119,69,235
21,33
286,17
150,56,251
75,87,285
65,119
210,178
30,94
276,145
241,27
23,69
189,37,149
212,258
130,262
181,26
27,226,152
194,109
28,272
191,149
235,43
310,286
204,33
266,136
172,104
9,59,140
5,168
83,174,4
41,152
145,73
275,249
170,169
249,47
163,250
134,58
289,192,37
49,141,111
165,145
290,297
151,172
164,79,134
76,166
75,178,252,86
21,9,113
82,177,223,186
292,107
238,50,245
280,160,236
256,289
12,5
79,157
280,160
292,38
78,85
313,200
173,38
108,38
138,233,57
269,285
166,251
201,33
34,44
65,41
17,10
60,100
71,112
268,325
132,11
291,19
71,176
204,119
290,68
111,159
139,100
164,199,72,262,102
21,119
292,297,183
94,31
53,192
113,136,47
44,22,313
5,301
121,236
233,163
77,78
23,267
53,300,171
187,177
36,90
78,59
72,39,257
54,251,125
75,6,45
101,131,12
218,299
170,147
174,83,126
108,282,15
282,107
67,267
249,18
14,280,50
128,49
37,280,38
190,241
8,22
236,161,128,282
229,248
7,55
65,32
55,0,30
155,214
146,284
269,150
93,191
79,163
198,0
262,227
301,232
49,171
120,283
75,45,169
164,82,257,134
111,143
244,93
301,174
191,15
240,167
37,282
122,37,289
196,251,272
276,94
40,12
43,275,8,133
227,299,3
245,122
200,77
28,214,25,205
102,218,138,126
149,263
27,277
112,60
176,257
152,211
84,129
172,53,292
175,163
238,217
141,297,236
21,97
34,22,21
30,0
94,86,252
136,97
9,8,78
24,198,144,307
128,184
113,117
114,77
29,146,73
99,12,195
252,154
219,35,183
137,209
63,34,17
14,143,161
73,285
272,215
149,128
124,162
73,252
94,307,1
16,249
43,21
151,291
111,68,92
126,83
39,101
82,130,57
10,313
159,192
18,275
77,117,254
134,79,177
281,167
124,213
312,110
83,12
183,189
52,280
77,59
49,103
289,93
235,64
163,5
67,96
128,111
164,199
77,26,271
253,206
31,309
314,179
128,110,160
152,46
73,45,127
26,140
11,8
232,71
21,283
155,285
39,71,206
174,131
252,205
232,222
308,31,239
149,183
10,235
214,198
65,16
174,185
199,134
250,62,112
6,214,45
115,147
14,123
256,236
31,1
284,29
139,258,218
111,189
256,90,149
63,118
137,88
31,150
88,215
90,91
138,58
134,62
248,292
187,233
299,156
236,320
132,310,42
198,31
262,13
95,308,124,111
280,192
13,134
166,155
61,40
324,49
81,321
221,297
102,233,72,250
234,261
57,100
189,149
187,227
136,119,283
312,321,217
72,268
38,194
298,309
148,252,276
121,104
292,36
83,223
259,91
190,47
43,283
256,106,219
28,76
178,137
113,132
19,273
281,100
312,151
15,184
34,181
264,275
118,46
88,105
168,58
265,40,83
287,174
66,69,34
20,63
30,231
46,59,66
296,75
111,191
22,27,17
289,128
22,181,65
113,18
37,191
75,30,179
75,215,86
232,163,130
288,131
19,65
28,76
185,168
23,235
308,0
181,26,117
69,78
115,209,284
39,62
43,283,47
133,136
239,137
115,276
155,7
43,66
17,249
266,235
75,322,137
249,117
21,44
183,292,35
92,149
132,27
22,241
208,166,231
175,112
20,202,119
300,221,141,91
78,77
92,123
81,44,22
297,128
33,46,64
126,112,5
293,40
207,15
69,70
17,18
276,0
316,12,258
65,63
306,138
45,214,188
228,112
179,239
278,169
94,274
5,71
95,31
233,222
212,72,58
76,296
157,222,293
62,72
111,51
190,9
127,87
152,67
109,160,48
72,265
260,53
134,237
31,239,215
149,244
0,24
218,187
324,160,280
270,221
61,185
48,192,171
146,214
311,156
209,272,188
129,63,11
157,268
130,233,101
223,187
43,8
111,183
15,53
141,37
49,236
14,49
6,148
256,280
215,284
198,127,188
15,192
260,110
189,191,110
230,59
266,249,119
40,306
107,174,223
60,81
203,43
288,134,163
204,286,113
185,195
213,76
14,35
294,287,61
163,40
163,223
233,164
167,240
62,228,258
76,153
175,72
88,0,165
31,196
275,200
79,232
165,125
231,86
159,191
127,276,31
40,13,131
140,46,23
90,256
104,116
10,9
284,147,54
30,209,86
66,47
278,144
143,122
251,31
188,147
80,306
53,244
141,171,37
278,127,307,214
179,137
57,232
57,79
28,305
169,94
136,59
79,157,102
43,211,23,291
322,1
138,186,79
188,76
279,227
41,64
139,81,74
98,235
322,30
21,200
152,19,64
134,60
196,127,73
325,3
43,46
260,121,248
110,160
99,71,74
71,39
25,88
139,186,164,57
286,152
53,224,149
82,250
140,201,69
137,94
150,165
55,144,88
165,25
57,3
34,27
147,252
152,70
141,51
175,299
93,189
53,93
104,160
73,198
135,102
19,190
305,7
68,116,172
241,22
77,201,140
251,209,269
65,204
151,36,189
19,42
43,266,33
73,24
166,269,145
219,103,53
48,183,151
284,76
206,57
159,92
168,12,223
152,129,181
165,88
152,9
151,295
284,56
119,17,318
219,244,122
65,34
187,174,279
46,23,9
290,160
152,16
248,91
109,229
289,37
152,204,129
201,277
104,160,108
190,9
33,211,9
111,289
117,203
53,160,122
163,288
165,28
241,78,10
282,53,236
298,150
38,300,173
31,319
23,17
251,188,231
194,160
154,284
31,137,239
219,103
123,91
288,5
215,150
265,5,12
119,118
23,64
268,134,163,13
57,100
27,202
187,281
104,91,92
84,273,132
6,162
65,16
36,248
257,240
214,278
285,144
166,87
256,161,143
84,181
77,33
233,262
73,29
51,297
54,188,215
239,127
36,128
133,20,22
0,155
97,85
22,152
106,149
57,60,72
289,184
36,184
166,296
184,183
15,107
54,178,137
130,83
77,26
31,1,196
165,124
308,278
124,73
188,56
0,115
114,34
184,108,116
239,73
64,23
36,193,280
53,104
100,82,233
262,102
293,100
168,223,316
35,103
77,66
249,63
225,69
133,23,235
161,36
23,43
238,229,108
181,11,152
191,68
218,139
141,292
44,200
53,292,151
316,40
113,11
251,215
227,100,199
66,203
211,98
185,216
227,299
92,141,220
52,183,260
210,322
22,34
140,241,66
233,223,12
269,234
213,276
52,256
100,62
14,108,171
19,9
37,324
16,59
189,108
121,191
69,118,89
129,226,77
47,235,118
113,22
184,128
120,9
299,58
129,203
164,102
267,22
153,252
198,73
138,58,60
36,256
127,198,76
112,12
204,132
96,119
160,193
33,267
299,39
227,293
104,236
21,19,32
100,237
102,130
84,120
154,144
239,272
60,79,218
151,128
293,139
193,110
62,13
312,160
178,302
124,95
163,233
100,130
22,42
5,135,40
188,284,309
306,138
152,23
6,30,210
299,243,257
131,71,12
79,281
269,278
215,45
39,62
233,228
17,119
23,67
103,297,110
167,5
16,132
141,15
195,187
231,148
174,233,232
189,107,151
271,129
147,105
274,150
193,141
170,179
50,326
36,15
217,300
144,73
313,226,16
276,127,124
154,0,239
8,140,9
72,233
127,322
106,248,191
237,131,227,258
278,208
201,77
128,35
286,22
269,145
43,69
295,280
169,115
111,165,125
73,7
165,148,188
146,31
238,14
229,189
223,195
182,245
83,287
190,201
198,29
8,59
72,168
215,31,302
266,64
38,128,104
119,64
268,187
136,152,119
257,258
285,147
314,252
124,31
66,69
57,306
156,233
46,27,47
155,315
33,22
245,192
307,28,2
17,204,113
151,172,143
47,84
278,148
88,54
268,134
42,132
3,83
251,146,76
308,165
175,195
102,294
280,50
98,266
186,288
280,15
322,214,24
167,257
127,31
133,136
94,251
139,126
65,27
21,235
57,243
7,6
287,131
265,299
124,127
288,223,62
101,71
30,155
292,172
73,307,308
147,214
210,166,274
78,264
61,218,233
251,307
222,265,62
30,54
122,244
103,191,14
163,13
256,290
88,197
307,155
153,75
172,149
20,140
152,66
177,240
278,28,209
5,250
106,90
253,60
195,237,167
75,45
187,253
148,188
67,8,211
138,233
139,79,156
11,249
85,119
156,228,293
152,114,181
139,100
83,5,268
15,280
242,225
189,282,104
211,78,97
256,194
265,299
134,232,39
26,118
296,215
197,144
240,167
23,65,119
233,79
129,66,283
65,152
20,96
182,109
250,163
152,264,46
281,253
275,42
17,8,9
211,78
186,13
151,104,290
178,179
218,163
27,89
299,216
70,120
144,73
248,151
261,278,169
131,5,126
84,119,21
190,63
85,8
65,275
153,147
188,285
9,16,21
41,200
133,129
169,6
73,147
200,254
107,244
201,27,277
12,112
23,43
221,189
22,230
284,278
96,70,23
115,252
243,82
235,85
14,259
244,123,38
37,191,172
93,289,90
250,174
253,72
47,70
140,97
60,294
273,78
45,285,24
270,35,224,244
262,268
116,244,143
106,256,122
243,177
183,244
208,30
309,150
118,119
200,47
47,119
85,59
2,323,214
58,163,218
128,182
100,199,74
285,30
249,190
294,293
87,145,150
52,36,51
184,106
55,166
204,152,44
21,136
203,120
148,54,252,165
282,244
54,30,155
249,313
244,36,247
291,117
20,190
126,71
205,170,166
12,177
211,225,43
70,34
45,6
72,287
131,281,61,288
73,95
53,245
163,81
237,61,167
170,86,55
235,211,43
180,117
315,178
214,31
73,54,269,215
158,168
174,316
276,31,198
1,196,276
94,153,145
86,150
207,92
187,294
267,78
286,117
229,244
145,94,251
312,91
131,176,232
69,20,133
7,284,153
186,288
235,84
114,9,63
62,102
132,23
187,71
269,178,322
19,21
119,129
6,144,88
63,33,17
34,65
214,272,54
52,116,123
124,213,196
148,214,196
179,2
115,154
28,166
88,104
186,72
224,317,49
37,159
167,83
16,42
20,132
245,108
81,17
153,231
21,78
273,211,43
10,78
189,109
177,82,287
71,156
160,161,128
297,224
172,189,128,256
14,189,53
124,127
256,35
100,134
117,89
165,239
205,148
196,88
114,78
117,77
86,54,6
88,127
119,235,120
86,153,30
187,131
202,152,204
94,210
93,207
162,0
160,245
90,91,236
80,222
188,148,56
2,322,54
42,133,96
58,83
132,77,152
232,134
127,296
150,188
42,77
54,166
204,26
35,53
77,20
256,189
142,65
238,37,289
272,87
32,310
142,89
106,292
49,229
275,17,152
218,281,163
173,104
81,281
73,31,302
233,222,100
287,294
245,220,312
140,67,66,10
35,50,312
24,0
287,83
264,34,27
287,65
251,162
265,187
151,108
177,83
18,264
85,129,42
174,257,156
241,113
322,178
24,76
20,190
14,312
297,256
79,216,199
93,35,189,103
44,152
35,53
205,30
81,186
167,287
155,296
39,240
258,139
88,76
215,169
165,284,285
108,295
117,46
128,173
290,128
169,28
257,185,287
69,204
156,281
119,43
200,43
288,79
153,322
207,50
71,40
152,225
209,145,169
217,111
286,33
65,33
322,166
34,27
323,198
185,227
187,294
239,153,214
167,3,82
141,149,183
272,75
90,297
149,297,48
129,152
314,115
288,199,139,79
85,118
299,83
136,190
150,197
201,77,275
62,80
130,81,138
152,32
6,269,150
77,10,113
213,165
55,214,127,145
13,74
311,240
281,72,131
17,133,44
102,243
280,217
251,272,145
293,212
259,172
152,133
236,149
244,248,52,270
241,66
94,198,73
111,280
236,108,245
236,280
62,58,126
54,302,105
24,261
57,258
15,50
87,234
200,22
90,151
244,91,93
7,73
230,318
198,305
294,60,199
113,254
72,4
89,20
143,238
95,285
68,173,104
84,11
201,310
17,204
52,292,191
15,191
173,53
177,301
69,230
93,122
19,286
260,48
28,145,127
88,150
287,3
135,233
154,145,276
92,159,90
143,109,220
164,268,222
15,49
190,241,23
117,129
232,100
3,253
83,39
184,111
104,300,172
22,286,201
88,104,252
119,69,70,136
100,138,218
297,238,49
192,37,91
314,278,210
33,114
300,280
322,285
78,235
216,102
175,288
82,99,126
214,150,7
234,196
314,137
251,54,115
28,196
112,233,164
77,20
151,191,189
108,246
129,241
34,17
62,156
273,42,140
92,14
232,163
88,196,314,73
2,251
62,100
19,64
251,165
64,32
273,27
143,173,141
257,71,316
18,32
11,114
169,137
140,23
256,290
141,15,259
261,94,24
77,66,27
150,198
116,207
103,245
42,275
140,136
289,14
193,244,182
227,135
299,174,206
76,75,166
183,151
267,118
152,114
10,118
231,214
176,83,174
35,107
128,92
187,79,71
75,165,178
171,110,192
109,151
111,297,91
81,281
251,214
278,170,284
224,35
31,30
156,102
8,225
108,103
127,165,276
175,187,257
209,76
287,80
203,43,133
54,188
190,117,27
25,305
233,102
77,23
138,232,157
243,158
174,167
43,190,267,46,10
44,17,117
90,149,143
77,266,64
233,134,100
63,20
86,179
322,137,31
32,129
274,239,1
241,310
302,272,210
281,163
88,2,1
90,49
87,170,276
88,323
0,155
81,174
186,81,156
9,42,46
80,5
30,276
136,70
34,19
91,50
39,176,250
9,310
97,267
3,281
12,311
173,192
160,93
20,211,8
109,182
34,21
189,160
178,76,214
31,115
85,43,70
18,200
191,50,280
129,235
155,314
100,81
310,235
80,4
45,285
20,226
81,60
89,235
244,229,92
83,185
140,16
136,21
27,32
168,81
135,3
276,145,162
49,37,263
24,215
202,89
286,26,200
256,122
239,252
85,273,266
163,134
21,190
187,163
191,36,14
156,233
147,284
83,174
79,250,218
152,27
270,207
75,215
38,128
83,167
161,104,192
233,58
78,203
249,113
263,111
61,288
279,187,223
58,195
28,105
184,321
235,41,70
190,66
280,111
45,205,178
220,110
75,76
26,129,46
227,237
274,88,31
27,181,313
141,303
156,233,130
308,73,6
226,266,89
9,20
118,190
70,113
84,203
245,183
31,276
92,121
70,23,129
33,42
115,54
232,102
198,302
121,256
131,157
140,273,275,286
115,178
191,312
127,1
253,100
69,273
93,194
191,244
156,293,240
118,119
49,280
184,160
185,79
29,86
174,293,57
312,52
54,169,1
124,147
153,30
102,293
153,124
15,143
288,262,62
260,106,108
34,85
69,283
41,63
296,210,54
68,15
20,152
153,75,7
149,172,159,53
149,189
24,73,198
183,321
39,83
160,151
130,258
117,17
281,100
58,139
145,86,214,125
102,218
92,128
111,124
0,197
240,243
49,183
294,100,80
49,280,50
20,225
167,168,257
4,176
278,269
165,276
136,65
100,176
26,117
269,169
15,194
94,76,307
286,275,43
194,256,91
86,285,28
266,133
272,115
163,139
103,184
69,140
214,28
286,267,70
10,78
77,22,78
290,172
279,287
90,68,191
150,1
232,5
256,122,93
223,39
63,46
140,267
37,280
143,192
243,287
225,78,9
69,235,152
81,71
81,164,163
24,307
217,194
110,256
135,4
243,293,187
236,160
96,136,235
96,20
200,21,117
46,190
17,200
209,29,234
36,14
46,136
281,134,218
95,165
133,241
112,157
50,37
209,31
189,171
98,230
221,244
313,201
82,12
64,129
80,62
127,2
147,188
113,318
46,211
147,213,124
181,266,133
280,191,110
2,272
130,156,237
24,145
312,219
47,140
37,108
90,14,184
82,12,135
18,132,33
188,54
115,276
81,237
43,77,235
78,65
147,1,196
9,70
262,176
241,225
100,233
26,44
272,231
81,63
94,178
185,5,243
203,264,11
55,115
99,131
54,115
215,205,148
86,179
167,139
31,144
284,214
284,213,272
83,62,288,112
178,269
40,186
227,4
58,233,4
191,297,52
220,224,244
290,122
90,192
222,195,186
184,52,324
221,320
68,292,37
32,318,46
198,209
104,141
39,40
200,32,254
167,174
155,115
219,160,248
236,128
221,110
8,66
276,198,196
151,122
15,68,143
251,86
183,191
212,232
241,235
39,61,250
6,302,215
144,165
251,276,322,196
147,205
232,60
21,318
138,139
37,183
27,84
90,68
320,300
73,252
59,98,43,85
304,250,187
257,174
269,196,2
4,195
100,258
24,272
88,73
115,179
293,237
140,33
45,169,155
285,76
192,295
282,36
133,66
53,111
115,86
54,56
282,260
269,296
150,0,6
83,243
91,159
69,96
272,285
140,283
30,251
102,60,167
284,54
173,108
98,65
172,194,220
293,265,57
235,98
248,290
127,169,75
178,169
195,164
86,75,6
37,91
33,264
44,32,65
103,35
34,97
72,101
64,97
192,173,191
31,127
43,97
82,316
50,263,15
322,148,54,296
278,76
278,323
28,261
28,196
233,79
7,24
117,16
92,123
154,115
240,62,287
111,48,151
249,17
140,63,114
84,20
315,269
284,86,31
143,15
178,147,127
287,60
302,75,179
127,153,115
256,312
22,190
154,54,127
167,135
187,293
65,47
165,166,150
43,47
20,70
70,226
58,186,72
190,26
66,22,9
28,86
147,6,178
290,184
213,1,198
9,204
199,81
287,61,243
178,169
127,25
265,39
210,252
218,281,253
264,235
232,174
6,215
75,205
290,217
281,233
38,37
174,57
129,66
283,113,119
91,244
197,94,148
243,206
30,56
100,293
131,265,287
39,227,61,100
169,1
117,181
198,124
103,53,244
161,128,236
100,80
104,192
21,200
229,256
189,192
83,306,131
15,50
251,214
307,251
128,259
189,184,172
107,224
16,117,152
152,180
187,83,167
37,53,259
276,145
171,193,189
129,17
8,152
73,145
318,266,63
108,244
287,243
81,62
66,181
82,57
53,116,123
314,215
65,114
290,244
312,36,107
149,244
159,173
54,45
237,265,206
191,244,224
54,314,154
47,96,20,190
30,115
72,4,253
285,56,76
17,313
28,75
166,307
309,55
225,27
111,171
39,268
200,190
247,106,108
269,94,86,30
249,63,32
112,83,279
315,124
49,160,110
200,211
214,210,24
11,235,85
282,37
42,16,32
179,284,54
256,184
65,230
235,140
260,122,244
78,235
231,208
152,200,20,118
17,81
91,151
155,147,73,146
235,11
284,251
235,46
138,306,71
233,223
178,153,76
94,166
83,223
283,9
30,73
39,212
249,119
147,162
88,45,272
251,214
219,149,103
222,218
144,30,127
222,72
55,153
157,102
58,176
223,288
276,6
46,129,43
228,164
198,252
135,39,176
107,111
231,276
93,194
152,190,136
183,15,37
208,302,86
198,55,165
44,201,16
296,153
155,115
287,83
104,244
145,234
33,65
171,108,229
275,291
87,215,30
36,104
205,178,188
282,193
87,73
109,149
81,218,134,57
283,27,235
72,268,80
185,112
233,163
187,288
291,46
190,211
307,88
241,266
5,102
121,50
65,264
17,249
184,149
65,63,77
252,165
26,27
59,152
91,282,15
239,127,144
117,211,22
65,44
211,41
261,296,162
65,152
127,272
53,270,106,219
4,112
64,66
49,128
9,66
155,127
17,242,32
53,110,108
289,51
169,45,278,155
50,128,244
293,102,130
139,227
236,91
175,265
16,273
10,23
286,16
188,148
160,191
11,235
218,281,268
9,136
241,70
155,86,196
152,132
127,269,86
2,251
284,309,231
245,260,128
3,250
314,76
276,197
220,191
43,66
154,213,234
289,107,38
72,156,177
29,309,196
152,11
152,19,21
40,12
235,254
104,91
75,31
72,186
69,77,70
113,117
86,166
198,274
235,20
43,47,98
288,100
257,187,185,126
85,235
287,187
39,12,40
313,65,46,34
285,214,307
251,213
25,88
313,275
186,157
244,171
263,109
75,73
151,141,104,280
133,47,32
293,228
262,83
121,68
114,226
86,170
244,160
181,41
39,4,61
8,211,10
15,217
105,214,45
174,265
70,43
93,68
12,156,253
131,71,3
127,261,198
283,190
174,135
194,50,260,149
188,251
62,185
17,23
21,117
65,275
129,204,33
110,128,106
151,171
213,296
196,269
112,101
223,228
162,239
290,51
226,47
127,251
53,111
151,260
221,295
130,216
128,149,244
249,66
191,224
119,118,42
191,290
72,102,157
233,164
302,252
161,183
165,88
154,144
150,86
31,55
119,18
30,179
126,223
214,76
236,35,256,149
168,130,82
82,3
236,103
270,143
132,140,20
10,46
239,6
234,124,308
94,73,86
214,309,7
44,65
31,178
83,257
296,170,7
83,288
186,185
163,60,258,102
27,190
290,143,189
251,276
131,281
128,244
259,263,194
46,66
73,252
42,70
271,27
48,49
57,157
20,140
1,251
60,81,139
187,174
102,293
43,46
136,11
256,109
172,111,324,191
154,104
162,95
127,147
32,132
218,12
14,116,50
94,146
304,156
131,126
39,81
222,218,138
159,160
23,59
62,281,139
183,161
214,105
21,22,16
256,171
238,159
89,67
218,222
227,99,40
5,250
267,235
238,173,192
194,220
79,134
26,65
178,94
176,62
126,301,287
83,57
152,249
196,88
241,181
275,69
73,197,137
196,165
83,293,12
8,70
264,44
14,219,36
290,149,183
27,152
253,185
43,69
194,221
65,129
151,149,245,160
124,252
159,14,49
189,50
236,289,111,292
285,170
21,117
173,49,15
5,187
175,126,216
319,162
257,60
98,43
306,130
62,139,134
168,57
8,70,136
67,46,226,11
95,274
134,185,299
108,121,68
79,72
20,140,8
118,119
232,58,186
234,179
78,203,133
6,2
36,149
238,191
75,145,153
79,72,177
91,93,50
188,56,124
144,272,88
69,113
200,249
270,151,50
138,199
179,73,147
191,151
66,69,211
49,15
38,121
131,61
76,88
137,30
200,230,310
186,216
62,257
88,165,252
183,14,37
125,31,196
70,242
84,23
306,81,218
16,46,136
200,66
215,30
194,149,247
132,89
264,152,11
181,59
129,27
81,22,44
318,241,266
235,63
270,110
218,100
118,59
129,84,16
214,86,7,147
152,21
22,17
20,235,120
45,155
301,222
175,187
275,77
160,312
294,288
286,69
288,62
134,311
153,95,145
30,188
215,178
132,77,275
177,112
189,160
92,160,238
79,135,112
233,268,60
94,252,162
270,15,221
258,216,218
124,76
94,73,87
162,137,234
15,37
76,56,75
137,0
127,75
227,174
6,7
139,227
10,84
288,233
258,228
120,47
95,188,150
58,258
105,165
151,122,93,290
45,75
237,72,223
117,8
26,113
189,106
276,284
137,150
270,143
252,55
64,120,119
145,150,188
5,177
160,110,107
171,110
168,83,167
236,159
32,46
138,60
165,153
165,298
95,274
313,204
129,273
16,117,77
177,174,71
125,196
51,15
178,0,7
119,23,120
71,279
44,8,120
115,188
304,102
84,10,77
214,285
189,151
292,151
159,37
19,114
24,145
189,149
293,218
251,252
202,96
30,45
88,0,213
49,141
301,3
37,50
31,1,150,166
57,156
82,227
21,254
149,53
24,6,30
303,110
81,83,71
81,79
17,249
102,177
9,190,118
288,135
295,194
63,152
67,190
168,4
186,62
286,21
38,184
249,33,63,42
41,271
267,33
36,192,246
317,191
320,92,104
184,248
101,39,126
139,71,134
20,11
102,81
79,187
263,256
53,36
253,5
158,139
291,59
148,178,269
106,290
178,188
314,94
5,187
189,48
248,184
117,16
265,187
121,191,161
200,44
31,269
236,91
11,225
24,56,105
312,183,36
1,274
58,258,175
32,190
201,235,8
34,267,20
110,116
99,79
10,249,89
285,148,179
84,136
214,86
108,282
124,154
48,49,109
163,218
53,128
69,47
43,20
69,96
23,140
38,14
128,161
239,178
158,216
43,98
159,51
100,222
309,213
14,192
265,112
250,187
65,85,20
229,122
250,218
275,201,113
27,190
287,243
291,200
297,111,173,191
90,236
283,273
268,174,299
98,8
202,77
119,59
72,57,299
169,210,162
254,310
70,119
35,260
276,31
280,123,38
36,290,260
281,4,195
66,16
196,88
154,239
21,47,8
164,134
240,82,265
18,69
77,47
5,82,72
69,23,133
75,276
176,39
198,137,0
183,280
252,214
322,31
151,106
161,15
187,13,174
204,77
257,112
111,29
136,241
293,82
211,78
112,163,57
199,79
8,254,96
211,9
197,28
302,28
35,160
165,25
20,181
69,225,66
60,240,233
201,77
258,80
110,161,224
132,277
88,239
133,47
205,178
237,83,293
99,4,3,240
77,17,21
214,54
156,163
67,235,46
46,85
116,51
257,223,5
187,102,130
178,188,88
88,307,196
9,77
278,127,88
140,9
293,131
163,186,177
177,268
129,33
2,178,205
210,214,2
297,35
94,127,25
118,67
290,36
91,244
57,99
152,254,65
289,173
137,165,94
36,35,245
37,295
66,241
94,147
30,86,231
115,274
53,256,48
64,133,249
43,235,70
287,156
189,245,160
268,288,60
102,134,223
164,80
91,111
182,189
43,140
2,205,45
161,103
162,198,252
5,177,167
121,91
218,100
156,164,138,99
34,140,63
111,51,15
36,128,189
204,17
163,175
292,151
22,63
104,220,53
27,152
45,115
126,112
86,215
183,48,256
102,240
99,243,218
259,68
170,251
22,136,84
165,73
150,45
217,207,289
137,169
73,24,154,124
261,150
131,99
134,262,157
135,138,187
288,177
127,137
127,0,146
100,39
116,14
94,150,155
274,188
94,252
100,79,81
302,215
253,130
299,174,223
111,123
97,33,89
139,13
206,139,222
72,164,233
288,257
213,145
66,152
145,166
63,152
42,43
1,319
4,99
268,80
128,91
83,100
134,186
71,82
236,192,121
242,20
70,69
54,178
204,34,275
27,133
198,94
130,81
73,45
81,233
147,86,272
172,92,191
300,128
103,300
194,171,104
139,156
82,167,39
245,183
9,33
189,248
173,193,92
200,34,8
44,275,18
218,72
53,245,35
211,78,44,235
94,197
233,223
91,111
9,77
138,233,134
298,75
241,67
95,188
248,143,49
148,86
165,162,213
31,196
46,10,9
309,124
89,43
241,283,129
119,114
83,265,39
72,130,233
34,152
224,160
3,288
233,58
145,0
27,32
215,179,73
270,141
226,47
168,301
20,70
280,92
12,281,168
301,316
239,1
252,31
147,214
37,93
264,17
67,59,69
23,211
141,92
173,49
156,316
37,14
270,160
194,280
62,267,59
113,200
155,285,215
257,228
191,236
240,250
50,207,38
187,62
8,98
285,124
189,219
50,312
57,80
167,13
159,36
233,71
27,249
194,143
89,119,118
126,39,83
192,52
195,257,258
18,63
275,22
178,75
5,186
24,95
112,253
303,224
38,116
57,222,81,306
215,234
324,172
86,196
106,122,116
11,120,235
117,21,275,286
98,9
257,3
235,46,84
272,198,147
75,155
170,54
267,230,85
100,130
57,288
5,301
150,94
5,279
249,77
292,171
131,177
18,200
71,212
282,116,38
83,223,39
149,37,220
250,61
307,28
144,73,154
23,85
220,49
178,55
179,215
80,79,60
149,151
37,280
67,20
218,294,62
217,289,103
140,17
267,78,119
282,248,106
296,166
31,309
28,124
237,134
11,152
84,235
165,137,1
18,17
294,293,4
27,120
14,49
299,240,195
37,151
240,232
243,279
47,211,310,26
116,217
207,289
305,73
127,137
88,124,125
212,5
29,308
85,120,11
190,142
83,39
190,119,77
178,210
127,274,73
271,97
157,158,57
218,185,83
39,281
128,248,35
105,322,179,147
2,307
63,84,17
275,46,200
287,250,12,299,185
58,12
172,49
308,73
275,10,27
123,245
107,189
84,43
38,93
75,155,179,86
183,292
81,27
23,267
191,312,122
146,165,239
269,127
78,96
119,47
71,240
288,223
282,48,108
230,275
47,17
272,76
88,169,150
149,93
149,292
45,1
258,232
273,16
26,273,17
145,137
197,302
46,10
289,159
3,223
125,115
227,82
62,177,112
108,292
258,218
82,306
259,297
196,24
236,161
80,100
287,139
281,316
223,265,60
276,309
151,202
99,223
294,102
30,76
235,118,20
23,10
260,248
79,268
108,160
177,195
145,162
88,137
130,138
195,101
208,315
194,151
33,264
310,277
216,294
34,129
288,227,12
280,173,295
187,5,243,112
39,126,299
219,37,108
63,241,204
67,9
6,30
127,251,76
66,70
153,213
240,176
198,76
257,40,82
3,4,12
269,209
299,72
85,47
293,99
126,39
124,153
206,293,294
198,154
119,9
218,265,5
22,65
221,110
5,80,233
265,288
178,54,278
83,100
280,173,14
306,80
45,214,196
4,83,163
81,100,139
35,292
10,113
102,130
83,163
16,133
275,34
259,143,270,103
132,273,200
87,94
43,152
258,130,164
174,83
62,130
280,49
48,244
123,312
187,316
64,33,118
113,118
313,22,275
15,14
32,22,204
172,248
179,153
155,150,94
136,32
168,164
276,234,155
54,215,285
133,129
24,165
63,129
91,289,159
245,151,143
156,72
56,31
292,219
34,235,8,26
178,56,196
150,307
188,86,198
109,260,107
36,193
139,126,134,135
130,279,134
208,196,145
105,54
245,324
239,73
236,245,149
149,151
298,162
65,66
299,61,250
14,192
47,267,119
271,33,119
36,207,53
58,79
82,299
118,70
68,143
292,123,49
62,134
244,280
6,95
192,300
244,107
272,115
160,15,36
94,29,127
72,186
98,97
298,307,145
78,120
247,52,256
289,191
265,83
183,123
289,192
28,6,272
48,256
46,26,118
116,191,50
20,47,283
251,86
103,15
184,92,49
152,310,118,204
136,85
71,223
33,286,275
212,294
221,172
11,136
199,112,39
148,165
102,62
79,250
93,35,36
174,250,82
88,197
80,102
8,98
23,27,84
278,322
27,266
297,90
235,63
50,14
80,138
18,277,132,22
193,184
147,165
86,251
214,7,45
62,72
191,91
106,248
37,143
85,152
219,53
206,293,222
91,141,90
89,66
254,65
299,287
131,5
306,294,99
271,42,70
108,160
16,117,33
8,142
118,133,136
216,174
191,280,38
235,18,152
281,250
19,77
16,78
72,206,199
221,161
89,66
73,214
183,292
39,218
43,118
151,220
78,59
206,57
36,106,290
77,18
23,69
305,127
13,100
76,154,166
67,11
281,206
126,83,139
214,210
250,199,130
43,97
269,147
176,288,71,13
86,239
46,66
147,146
33,64
0,196
177,223
256,151,38
149,248,292
68,193
83,71
289,191,116
13,100
191,36,260
175,60,83
103,183
151,104
208,75
109,108,270
79,175,288
149,290
96,273
92,161,173
70,59
67,8,69
187,79,81
18,286,249,313
14,244
65,8
58,100,57
290,128
102,222
68,128
111,244
4,39
297,193
77,119
79,163
117,33
185,135,39
286,33
144,308
64,132,65
149,191
183,110,171
102,39
165,45,127
44,118
5,240,227
82,237
45,86,31
168,175
21,201,117
241,84
73,30,272
151,53
198,252
216,218
97,235
76,115
239,1
126,185
73,144
299,258
141,92
215,198
244,53,161,191
83,12,288
17,65
299,174
54,2
165,162
56,45
61,99
31,73,239,145
81,262,237
227,299
294,4
181,77,113
253,177
268,164,233
46,119,26
36,290,108,256
50,141
18,132
106,246
52,300
154,28
156,222
66,46
13,216
98,129
94,86
268,80,134
258,81
250,185,168
50,260
57,281
159,107
31,169,146
156,130,57
178,29,154
146,165
126,174,99
182,184
117,18,273
187,206
273,27
2,54,178
104,107
244,183
57,81,156
65,117
174,288
230,66,85
118,78
73,205
189,122,289
50,37,191
186,294
1,147
233,212,139
54,1
104,289
137,127,276
162,165
137,162
49,259
70,21,242
74,99
50,37
306,112,258
238,111
159,191
71,187
277,249
157,4
190,133
129,17,140
135,83
184,103
201,17
28,239,145
83,257
98,78,235
218,13
14,121,141
7,169,127
175,195,288
178,95,162
301,100
122,68
292,36
160,229
124,94
88,31
58,288,237
112,233,138
201,113
295,151
129,273
18,129
106,236
76,146
149,289
30,127,155
29,205
220,324
115,214
135,40,74
4,79
14,280
145,55
201,313,117,310
50,172,289
27,16
248,37
209,170
222,157,130,99
157,57
115,162
72,138
104,141
52,191
108,260,92
81,126
184,207,161
2,188
73,196
120,33
161,248
209,145
43,211
71,316
227,174
230,120
130,199
14,111
2,166
31,162,88
190,43
128,151
253,279
74,82,71
214,54
155,2,127
46,136,132
289,161
161,107,122
130,258,139
292,36
322,127
68,192
178,145
182,220,191
301,177,176
16,65
76,86,154
53,36
115,214,1
186,81
110,207
104,165
214,215
190,23
75,214
195,316
288,74,131
130,62
15,109
235,33,85
36,106
215,284,30
243,265
187,156
251,30,178
221,50
57,39
62,186
188,252
39,82
195,187
145,127
244,103
91,194,141
160,36
272,269
26,202
178,166
195,233
59,16
194,219
5,258
188,239
265,81
138,212
313,275
24,197,88
252,188
128,182
28,88
84,78
159,290
183,282
152,18
209,272,278
241,140,211
292,151
196,137,215
190,42
119,283
106,53
194,128
54,322
153,105
256,160
120,67,242
276,239
158,262,281
24,261,137
117,264,20
8,69,47
57,268
43,267
302,198,54
87,307
251,137
302,150
46,78,8
65,117
287,57
201,63
175,164,79
173,191
150,198
97,211
35,49,238,219
215,153
169,178
267,77
297,15,182
36,220,122,248
233,224
150,94
197,178
251,215
190,152,225
257,83,174
15,292
57,102
179,73
307,6
174,258
26,32,273
291,171,108
241,133
46,264,190
104,219,189
94,155
118,44
84,285,119
80,232
61,299,71
325,100,139
283,18
249,63,18
81,27
87,75
189,37,292
121,192,160
163,293,185
307,276
39,240
108,78
90,192,173
256,220
233,39
208,153
128,290
324,123
125,198,73
62,253
209,88,148
144,28
240,135,164
170,272
253,130
1,30
253,187
14,297
191,121
6,322,188
228,164
273,133
23,11
176,279,174
6,302
223,316,74
198,127
251,153
297,289
281,5,60
238,37
224,189
221,173
293,218,216
98,97
208,87,314,31
134,12,5
31,214
236,52
152,43
311,57,223
74,233
270,173
223,167,112
111,49
241,310
46,23
287,139
127,197,276
281,218
181,286,33
269,124
295,15
252,309,145
242,66
111,184,109
203,43
252,94
193,108
130,281,233
284,239
166,165
287,126,288
233,227
122,110,103
163,156
36,122
254,77
94,127
87,165
113,152,120
139,57,82
204,65
100,281,62
147,148
74,112
96,277,59
83,216
266,271
176,83
299,177,156
225,291
265,187,301
160,171
260,35
62,3
0,73,1
307,45
17,27,201
89,43
202,267
4,57
175,83
230,273
149,256,290
124,0
214,0
184,191
163,72
151,244
1,307
122,128,35,256
132,77,16
3,222,281
57,60
26,44
40,81
31,145
155,115,251
240,83
5,167,218
55,154,145
88,86,196
22,152
235,23
12,134
207,68,191
154,234
90,91
245,312
191,49,192
278,251,179
231,2
27,249
172,292
182,108,256
136,66
73,284
14,217
128,90,123
9,47
33,152
17,47
272,214
77,19
272,178
292,244,290
288,157,4
33,27
99,227
257,216
239,145,88
16,114,117
187,12,83
26,22,249
322,31,209
236,48,244
167,287
271,32
168,135
303,171
53,15,244
37,36,184
14,111,49
229,160,48,317
147,31
122,224
149,256
127,150,94
225,235
122,173
149,248
299,82
2,115
37,51
95,322
94,188,76
236,149
108,36
75,239,127
11,97
90,52
47,85
243,268,60
14,121
211,129
91,36
50,111,116
286,26
191,219,259
225,133
315,251
86,252
119,136,85,66
276,29
232,212,223,250
257,138
36,111,192
92,37,111
31,144
240,233,218
215,127
49,14,217
152,273
178,251
256,53
203,78
71,218
12,174
163,253
275,201
198,127
40,299
105,214
34,249
152,98
163,112
273,34,152
275,318
221,160
115,269
50,259,49
274,30
155,210
97,63
165,314,307
48,149,260
30,73,188
289,149
95,45,162
125,144
110,244
199,223
71,293,163
1,162
151,219
110,183
86,6
181,211
147,87,269
290,103,109
253,279,83
154,165,137
123,111
251,31
154,28
85,136
276,209
1,75
107,184
80,228
69,46
83,126
222,174
282,270,183
222,268
257,176
90,297
110,189
98,118
31,154
292,229
164,243
10,136
256,108
152,44
50,92
235,69
67,85
211,152
56,155,54
153,56
45,215
186,72,79
160,14
182,172
222,233,139
166,54
271,65
83,174
281,157
36,245
191,103,149
144,24,215
252,55,197,309
8,27,65
84,264
115,209
245,38
77,34
305,234,94
65,129,63
107,93,15,191
316,174
251,86
23,120
244,256
263,191,238,51
31,76,75
1,307,145
272,269,215,214
309,1,178
51,49
187,83
205,147,6,87
285,1,94
36,128
128,36
307,148
321,107
203,9
187,293,218
272,73
77,318
204,113
249,181
86,210
286,142,32
278,215
94,86,88
79,57
151,300
81,258
303,191
79,60
203,44,70
130,268
90,103
38,256
307,196
20,85,133
116,149
199,281,185
139,126
163,102
35,128
283,235
269,188,115
167,82
163,58
86,45
291,10
26,17
41,249
306,39,233
98,59
233,299
129,242,283
85,11
281,12
155,125,105
104,108
15,104
169,188
290,248
38,123,220
236,121,194
143,245
14,219
181,21,17
243,206
134,139
234,95
276,251
31,127,234
180,136
53,282,149
127,178
262,62
208,179
126,168
190,8
79,294
178,2
240,187
83,258
244,106
282,260
256,110
40,281
225,85
304,72,177,102
286,132,129
87,198,54
51,50
154,146,198
192,36
73,166,188
250,281
39,58
8,180
65,152,63
143,270
285,214
204,152,129
191,280
73,137
106,14
305,1,94
118,46
55,31,165
123,141
46,47
190,27
221,48
107,108,121
48,108
102,130
223,39,288
161,122,110
118,10
155,45
294,102
246,236
20,310
58,175,57,130
3,61
79,218
85,47,46
166,86
106,292
226,43
13,163
168,265
13,186
234,214
37,15
203,8
77,271
102,212
266,120,9
251,30
187,100
91,280,317
133,11
204,67
80,72
62,157,163,57
130,72
138,100
263,35
165,150
272,166
165,95
9,132
128,151
80,13
103,256
124,323
31,150,210
68,236
104,91,109
11,22,67
222,61
23,21
215,145,155
3,174,177
209,169
186,102
66,203
273,63
311,258,81
13,232
177,74
187,61,240
240,195
313,26
119,275
156,258
90,236
244,182,93
287,281,268,288
164,58,237
290,280,159
270,108
38,90
108,35,160
56,24,298
46,22
98,43,20
209,54
129,133
122,35
257,293
36,312,128,109,282
220,141
39,12
6,147
275,226
191,229
279,232
163,237
70,283,34
120,119,85,136
121,143,295
222,57
7,278
36,171
150,144
243,167,83
21,41,204
83,240
211,8
272,76
119,140
140,59,21
235,283
153,105
160,36
217,15,173
109,256,151
214,231
36,122
252,1
148,94
272,231
23,20
215,269,234
324,36
91,300
234,111
172,324
174,237
129,8
104,14
322,165,30
245,183
191,143
30,147
86,94
250,311,12
207,14,184
108,191,107,14
103,173
155,0
151,128
9,43,230
176,281
33,82,163
124,234,127
198,323
60,222,81
119,136
184,183
172,15
34,17
43,8
177,218,5
109,292
238,280
47,46
199,163
293,304
100,227
151,171,93
211,17
197,308
60,138
278,209,146
130,58
148,269
100,102
249,22,65
80,5
100,81,212
31,30,285
37,256
152,17,66
175,135
98,47
172,15
298,165,30
64,22
12,250
218,227
183,290
45,30
265,12,250
153,86
280,14
276,6
205,86
119,18,242
211,26,21
96,69
212,281,5
149,280
35,32,238
167,83
60,288
244,152,7
37,38,14
37,50,191
45,210,155,284
299,57
283,267
169,210
171,128,149,184
134,58,237
134,163
28,25
122,92,292,171
153,154
23,190
9,249
284,155
20,225,136
153,208
184,36
93,194
129,225
269,76,178
166,285
61,299,12
228,237
52,107,151
191,192,297
161,236,260
149,128
83,304
78,8,235
273,66
120,97
103,50,303
118,286
225,20,119
170,2,178
314,305
27,21
144,31
20,132
113,17
62,227
250,156,299
223,265,83
88,6,54,197
181,119
172,15
32,120
256,111,14
86,179
76,124
243,186
189,36
45,86
219,35,260
192,121
229,247
159,189
162,30
288,39
293,57
298,76
45,30
223,262
43,84,140
307,145
140,133,43
181,310,21
297,270
69,235
4,163
143,184,244
33,46,10
14,90,121
288,299
113,181
85,46
80,102
163,281
183,326,91
129,117
265,74
218,79
249,129
188,148
9,118,98
109,160
165,54
191,256,111
108,14
250,82
210,75,166
53,36
276,137,252
252,1
151,238,173
214,56
171,143,123
30,147
253,79,218,216
153,45
306,195
148,165
36,219,15
131,257
286,291
147,208
162,179
130,134,112
175,164
256,121
46,133
8,70
209,314
147,7,2
152,273
215,315,252
4,157
160,122
3,83,39
216,186
22,27
167,3,61
249,89
296,309
59,69
260,160,37
42,89,114
8,140
281,13,257
134,61,258
270,171,50
248,256
83,299,185
81,34
124,239
14,50,37
248,260,128
274,88,239
233,232
263,50,290
122,282
145,298,24
280,14
289,192
80,4
151,103
92,221
30,315
169,31
187,164
5,287
278,251
125,165
107,93,36
70,64,291
8,211,226
136,119
160,236
211,181
57,126,39,287
96,16,273
171,236
277,133
299,61
108,244
237,130,80,39
37,53
37,289
73,2
239,305
240,61
137,127
228,268
230,241,119
278,178
233,130
173,50
2,87,124
83,39
237,134
151,111
188,115
147,30
112,71
151,171,292
264,65,34
141,149
111,297
240,299
7,6
128,292
289,37
244,292
100,287
83,175
23,201
112,176
46,129,98
219,149,116,111
2,148
89,78
27,65
249,200,264
106,256
268,212
188,170
86,178
97,120
256,110,36,260
55,31
223,233
213,307,169,153
8,140
130,80,299
57,102,164
14,280
306,325
80,58,293
222,163,195
312,38
50,49,143
265,134
13,281
171,53,236
288,240
46,9
73,153,308
207,217
252,272
271,114
288,82
266,200,201
267,235,283
118,114,65
174,299,187
164,237
146,210
206,233,60
9,46,129
121,49
293,100
69,273,59
222,99
140,283,241
120,89
98,140
32,152
164,112
214,54
115,239
317,295
309,6
171,312
15,289
141,300
141,224,192
152,313
78,47
12,265
297,91
187,58,253
5,281,27
73,88
119,152
109,36,321
54,269
19,27,200
70,235,275
22,225,9
93,149,53
227,237,100
179,155
119,286
105,188
78,46
124,252
141,184,116
252,127
282,51
245,90
211,201,204
224,37
180,10
211,120
207,37,217
86,179
164,4
295,92,173
258,168,79
73,54,165
88,147,7
87,147
16,119,313,113
205,125
67,200
251,31,86
299,101
147,95
149,282
49,110,141
55,165
93,128
309,198,28,1,196
45,276
133,204
231,45,214
70,267
215,296
52,173,104
252,314
96,16,132
265,243
256,248
49,192
242,89,119
292,229,160
155,239
122,292,256,78,36
183,236,37
133,204,77
19,264
204,66
233,212
144,88
237,79
5,74
173,49
94,154
77,277,201
43,264
93,183
57,102
241,242
320,92
30,162
133,89
262,218
99,288
268,174,72
88,25
199,58
206,13,134,138
70,117,283
143,108,192
133,70
271,117,133,63
57,233
36,244
83,81
124,165
164,100,60
239,147
17,310,9
104,50
259,110,183
235,8,211
132,27
212,126
30,210,147
120,21
131,268
178,179
207,103
257,168
150,307,0
210,153
79,130
300,53
302,73
30,147,213
180,42
276,144
36,110
238,111
273,43
92,143,312
165,155
294,100,299
52,141
324,182
88,29,1
131,81
86,30
324,104
92,104
114,249
86,178
126,299
39,139
49,15
257,60
23,204,26,78
87,153
187,62
73,88
6,115
273,132
80,253
106,303
43,69
85,66
304,138
174,4
297,14
207,123
242,119
296,153
9,70
9,19,249
148,7
64,200
173,141
90,189
161,109,184
13,233
127,137
303,53
132,275
276,272
321,53
283,203
37,172,14
11,97
44,26
293,237
290,68
307,169
276,28
21,77,275
27,17
39,187
125,28
192,256
53,93
37,238
77,21
111,172
157,57
278,215,1
3,126
6,30
149,248
1,198
254,117
165,145,127
15,143,111
136,11,119
83,206
215,165
288,287
300,141,109
117,129
43,9,10
93,14
251,166
112,5
160,244
34,113
19,129
250,39,81
115,178
324,93
119,203
102,281
85,118,9
225,10
129,32
73,214
126,243
145,198
265,174
235,46
152,249,22
109,107
46,9,96
278,153
172,173
204,275,77
118,133
276,274
171,238,244,151
150,137
252,73,269,322
64,133
283,66
72,233,57
303,110
6,45
178,94
6,276
73,125,154
187,4,134,57
292,36
34,271,235
119,69
252,231,285
30,87
91,173
9,291
235,59
153,148,315
179,95
122,256
75,278
164,177
202,291
227,253,79
122,183
157,187
94,28,305,127
66,119
30,56
238,35
36,182
151,128,92
65,119
192,111
49,245,326
236,238
282,92
111,104
275,21,114
175,174,99
34,152,119
148,274,269
163,138
179,88,87
38,49
95,198
269,31
77,11,249
16,20
145,94,73
22,11
47,152,249
28,198
65,181
81,281
17,204
175,233,126
130,306,232
157,72,164
130,72
283,66
134,79,62
66,211
97,10,43
78,8,23
85,133,136
222,79,212,134
258,100,186
248,244
137,29
107,160
149,93
282,110
64,44
82,223
163,175
126,258
173,248
102,281
93,149
153,272
79,268,130
79,195,102
119,64
27,21
273,34
45,75,54,210
243,279
80,281,5
13,99
46,113
86,30,95
239,127,31
234,7
131,39
200,18,230
92,53
188,251
197,94
34,190
81,163,212
153,2
149,110
282,14,149
73,137
73,31
77,114
86,155
308,124
237,79
81,60
82,187
86,115
250,163,293
62,71
179,276
199,72
152,264
150,145
70,119,69,118
97,18
134,79
76,307
214,166
254,211
187,227
96,27
31,165
112,212
251,0
283,136
110,149,103,128
154,73
113,264
116,50,207
77,254
110,189
50,15
133,59
110,219
65,271,63
23,241
292,110
135,39
152,16
285,165
109,128,259
152,41,34
15,91
24,276
278,178
160,290
91,194,110
251,272
97,140,22
187,316
36,103
170,251
191,324
171,289,259,49
190,63,225
49,50,290
262,57
49,111
124,94,197
43,47,78
186,233,232
163,287
209,127
222,218,186
214,75
184,270,107
225,20
178,127
73,170,55
219,171
249,65
107,78
136,96,66
57,258
242,47
35,182
52,259
223,174,134
43,273
73,150
167,265
244,128
169,165
79,216
252,88,145,29
54,251,30
98,78
68,238,221
53,282
272,269,147
123,14,207
116,172
173,192,49
95,137,169
168,250
50,92,51
36,184
171,244,184
5,288
114,204
232,268
157,80,112
130,58
81,12
245,259,93,183
137,155,298
46,119
54,86,284,231
299,81,134
183,244
251,148,322
214,178
6,125
259,192
240,3
14,263
308,278
251,87,30
92,37
54,45,145
171,51
206,12
8,202
291,151
91,36,292
12,79
310,77
302,153
294,218
38,207
141,111,192,220
31,144
114,132
163,139
200,21
109,36
14,270
99,81
67,9,63
41,43
279,156,130
57,265
260,282
94,45,73
71,299
80,253
18,254
93,282,106
54,144
127,94,178
126,167
39,233
1,127,145
15,116,220,256
131,13
119,96
197,137
115,234
35,224
41,267
77,26,17
119,226
110,53
281,218
40,222
294,257
94,137,145
219,15,37
30,31
311,62
250,101
172,15
266,34
126,174,13,74
86,75
89,211
91,36,15
181,113,129
241,27
28,31
195,250
251,148
143,50
33,113,66,26
219,236
63,17
134,175
7,209
30,54
280,184
28,56
104,121,68
59,84
236,282
167,187,279
203,70,17
306,195
235,132
128,184,183
271,113
197,56,30
78,225
127,137
5,233,157
9,64,17
26,22
305,144
265,83
229,143
10,242
163,39
18,249
60,237
117,129
299,61,250
24,76
53,91,207
177,265
100,262
108,106
100,222
76,162,2
92,108,111
201,77
183,160,191
168,3,186
314,234
160,111
160,289,92
22,63
279,250
35,160,143
45,88
58,163,57
31,124,155
22,46,16
299,175
205,115
78,136
69,59,70
235,85
43,266
293,57
171,270
32,132
33,117
54,278
52,207
209,251
22,66
193,270
130,293
186,293,131,168
289,151
284,147
4,39
107,183,141
167,227,293
47,142
22,254
162,302,153,31
77,34
60,233,57
120,226
221,50,263
268,130
288,101,72
147,75,155
223,164
276,205
11,96,18
153,178
235,132
0,150,251
147,205
114,27,129
273,17,204
49,116
186,222
158,130,156
232,83
35,244
36,263
251,309
59,204
9,200
87,54,251,166
245,110,106
224,35
313,136
130,293
27,17
292,246
250,168,227,126
21,204,117
260,184
165,169,115
61,243
53,236
260,103
14,191
214,127
214,315
296,28
58,253,187
191,38
152,26
191,184,15
164,268
76,2
267,119,46
320,38
208,272
65,132
123,90
244,189,282
217,280
268,156
69,66,67
66,152
237,12
6,210
176,223
169,145
39,135
51,49
124,30,166
128,270
129,46
66,84
61,232
214,296
66,241
171,244
302,54
18,16,113
27,63
84,89
292,149
191,238,259,248
218,222,186
127,115,251
152,117,18
251,45
43,46
188,166,45
120,273,204
72,163
104,149
256,282
69,132,98
70,235
151,220
54,210
78,241,180
157,262
273,119
86,1
86,178
12,3,195
209,169
14,111
51,111,141
8,129
281,218
272,147,214
268,299,83,134
59,43,27
22,63
199,57,72,126
148,210,285
79,294
9,133
141,248
169,76
119,310
256,109
129,69
251,75
223,71
269,94
306,12
77,286
163,287
233,39
215,148
129,17,47
39,60
91,116
164,257
93,183
92,270
53,182,108
72,199
152,32
50,123,38,37
224,256
71,80
26,64
82,81,101
264,129
261,209
102,163
257,168,187
110,260,300
244,123
11,264
299,177
86,179
109,184
304,175,102
93,217,14
156,167,72
124,214
276,73
254,33
178,166
100,79,281,80
6,153,272
45,314,208
129,286
127,144
108,161
145,124
227,71
290,280,51
5,4
155,165,179
189,123
99,268
215,95
57,134
67,8,119
267,10,133
268,157,79
10,8
84,241
50,172
240,223
54,165
194,49,68
150,214
286,27,65
165,307
145,88
63,21
124,88
211,63
280,260,37
210,148
30,105
211,181
33,264
155,178
73,28,150
56,6
82,81,40,222
145,127
134,223,306
165,146,198
99,262
49,68
133,226,8
103,35
149,256
191,192
278,269
133,77
127,94
297,172
86,155,269
230,133
14,280
121,111,270
31,1
36,151,245
39,112,4
109,151,280
147,25
3,4
115,73
236,172,110
99,5
218,72,57
169,170
225,85
256,149,189
179,214
314,153,147
85,64
192,151
115,178
151,245
236,53,50
184,290,122
191,14,238,50
297,49,191
238,109
127,28
22,283
134,256
310,313,203
18,235,152
12,112,3,79
27,119,118
26,98
189,149,326
123,159,192
86,178
244,151
256,111,48,193
38,159
96,67
192,290,189
187,168
267,11
15,90
1,29
131,187
14,238,37,35
1,146
173,194
270,260
179,209
254,181
27,204,69
92,49
293,62
171,53
316,163,57
222,240
220,103
151,219
70,78
251,305,188
149,224,244
50,48
38,270
285,210
171,259,51,260
61,40
190,66
30,2
0,305
297,149
88,153,146
210,86,285
312,244
183,184
286,204,67
164,79
102,57
22,63
33,8,43
0,179
73,307,214
49,92,221,173
211,310
220,183
184,36,128
20,113
86,169,170
198,144
241,118
68,93
174,100,62
280,116
39,131
78,229
279,5
307,137
81,61
103,248
63,81
148,127,87
256,189
304,81
100,294
77,63
145,162
150,137
287,13
215,45,231
253,218,167
57,281
191,172,37
194,219
62,5
220,238
246,14
188,30
240,187
170,2,210
201,77,275
92,192,37
152,11
30,179
64,181,42,18
170,31
41,140,33
250,265
65,275
281,206
140,120,84
41,241
29,205
313,21
65,63,26
153,28
164,62,72
161,245
301,101
264,63
30,165,322,166
252,137
141,183,189
292,106
175,126
243,223
97,242,9,11
91,15
160,229
149,151,109
188,205,322
28,155
326,93
9,286,152
149,219
66,77,291
191,50
90,111
187,168
54,75
36,260
177,265,100
20,9
85,11
217,263
288,168
256,92,244
263,172
189,36,103
26,32,273
20,17,225
16,254,132
157,311,187
13,80,100
215,45,75
178,278
212,79
299,100
52,123
324,116,49
93,160
52,248,280
223,233,167
81,34,22
120,20
81,250
214,115
5,250
217,104
283,200
148,215
80,3
156,218
239,127,269
79,80
222,227
152,21
10,235
139,218,212
220,191
275,286
251,196
131,83
186,218
10,133
127,146
107,151
269,76,54
271,211
227,195
145,115
141,107,37,224
53,193
108,292
147,165
137,234
273,66
138,134
174,176
166,115
24,88
186,163
83,4
190,8,19
171,151
75,30
66,291
90,37,191
165,0
163,72
107,189
145,284
98,129,190
190,180,97,241
253,233
268,240
103,321
81,167
115,166
24,30,309
51,191,173
309,165
70,27,119
72,174
53,108
62,13
128,182
47,211
314,166
6,127
1,31,24
111,141,290,191
190,27,34
122,244
153,76
66,70
91,270
50,37
192,151
48,256,159
296,0
111,38
210,88
89,84
124,309
92,297,103
227,257
133,283,47
281,287
252,178
224,244
66,291
119,84
18,20
59,241
119,18
37,51,92
75,309,305
244,14
77,47
3,99
207,248
260,248,128
219,184
158,79
76,188,24
157,288
286,165
299,233,62
52,68
262,157
153,155
141,192
12,168
138,218
172,221
204,283
236,256,282
142,200,44
41,84
272,214,148
252,154
129,42
108,141
151,36
74,83,81
103,93
297,111
95,302
57,39
256,189
286,113
268,281
92,289,122
130,218
179,88
134,293
215,165
65,59
75,86
39,174
65,67,84
232,237
200,152
18,67,202
240,227
130,199,253
182,303,326
222,167
252,30,165
111,106
191,244
216,187,304
294,99
7,215
291,152
159,151
5,250,175
223,240,257
62,281,163
150,276
188,73
244,245
46,241
3,62
28,73,145,162
100,281
93,104,172
32,235
119,89
133,59
6,1
167,233
31,252,1
31,7
294,187
141,312
163,233
239,208
51,68
66,267,78,120
111,159
94,165
233,39
178,196
100,218
131,158,237
191,14
220,280
65,23
58,223
150,197,309
147,162,86
174,61
77,65
281,157
251,54
90,123,263
149,171,110
54,86,214
46,241
110,244
70,46
218,79,139
66,118
54,6
43,211,8
127,86
194,15
76,269,147
9,85
309,153,124
126,131
214,124,87,145
90,191
163,79
75,188,115
87,73
63,67
209,7
12,112,227
206,232,62
139,57
68,160
85,27,77
223,174
117,133
260,244
253,233
165,88
83,227
79,158
282,93
94,179
108,184
226,249
293,288
269,76
186,83,163
134,60
42,33,249
14,194
226,241,97,230
271,44,34,286
105,148
176,83
45,276
10,211
264,266,204
75,170
16,113
280,149
217,173,270
245,109
12,174
183,292,245
165,239
241,313,119
292,36,270
159,192
31,198
14,149
169,87
131,101
42,67,9
37,14
305,278
166,309,209
288,112
289,172
195,99
264,65
45,272
227,288
81,134
219,183
17,27
55,251
191,321
82,279
50,38
221,121
211,43,190
46,8
21,140,34
156,164
218,288
230,242
165,88
39,5
54,147,115,315
279,5
191,68
243,4
194,111
21,119
318,27
181,132
115,170,178
122,149
10,136
152,119
124,55,307
275,114
152,118
247,49,149
222,304,218
46,10
62,100
271,129
154,115
259,91
259,263
178,76
275,225
120,118,225
20,118
115,1
21,264
172,244
81,83
152,27
206,80
275,114
121,92
283,310
272,127,87
66,27
233,265
121,220
36,229
184,183
209,147
305,124
260,111,15
188,296,214
183,149
16,114,249
289,221
38,193,282
119,66
152,117
95,252
81,258
235,140
153,272,302
178,153,251,87
26,70
245,111
81,250,287
195,187
214,137
37,172
92,191
119,70
145,165
287,174,5
299,206
183,91
91,173,15
200,119
154,146
285,179
248,236
244,106,224
167,61
47,140,226
107,221
31,165
74,232
169,272
233,134
251,209,196
301,265,5
178,197,137
141,93
194,92
199,4
316,82
171,104
91,289,37,159
305,307,86
79,281,134
273,140
174,39
5,126
273,65
287,227
21,19,249
81,17
72,294
8,17,65
72,222
220,37,50
6,30
137,196
189,15
231,30
69,140,226
322,6
155,147
37,160,321
65,21
120,113
57,199,167
291,65
110,244
8,44
225,211
27,142
192,221,103
92,238
171,263
16,119,85
149,36,53
33,10,201
153,94
282,244,15
3,82,232
210,1
74,102
107,14,128
46,275
318,113
248,171
37,110
22,34
129,277
32,275,8
76,137,276
10,283,226
252,95,197
188,272
154,196
50,36
285,269
88,30
9,22
172,282
6,45
163,294
36,53,38,270
215,166,148
326,14
90,184,244
260,300,90
122,15
121,326
66,180,11,211
87,208
49,244,219
179,284
23,65
291,249
289,280
17,266
64,41
238,106
87,269
224,172
77,63
188,45,105
120,63
241,136
80,237
236,14
81,130
292,122
289,38,92
92,116,280
88,314
88,30
79,80
159,320,280
249,275,84
82,176,233
63,133,11,140
65,77
155,25,305,214
229,107
92,280
79,139
130,253,199
89,65,46,152
100,131
198,30
293,240
0,197
174,218
150,153
133,136
60,72
194,289
236,192
109,15
1,276
67,33
236,290
75,179
49,14
224,260
230,65
31,231
129,84,275
201,235
137,1
94,127,1
177,167
56,165,30
222,60,164
190,286
77,70
58,163
321,159
294,58
130,138
123,221
56,144,188
278,154,188
235,249
109,90
178,147
174,126
49,244
225,27
139,134
289,50
62,126
209,179
147,231,162
212,100,80
303,14
222,62
137,252
94,302
178,54,31
103,289
100,257
29,94
200,96
227,195
62,135,222
54,125,178
266,201
108,48
30,155
151,53
2,30,31,147
16,136
81,232
61,72
83,265
5,72
68,14
309,73,198
263,160
303,173
50,15,317
39,72
176,83
112,299
26,32
103,244,93
263,108
52,149,110
214,87
294,311
314,124
204,10,9
244,151
90,173
64,27,204
211,230
93,189
60,258
265,177,175
173,92,191
293,60
310,264,190
83,222,5
224,107
3,185
174,293
47,267
131,74,60
186,175
318,64
110,50
276,307
246,48,248
326,183
125,54,169
316,287
326,91
200,201,152
92,35,93
37,36
22,47
11,23
119,22
171,224,36
169,214
44,41
15,111
148,30
153,45,179
48,160
90,91
1,73
252,0,314
106,312
10,152
245,326
315,188
8,235
97,17
31,276
231,302
159,217
133,96,67
276,153
199,39
306,216,222
210,169
140,152
165,144,231
292,280
222,218,61
12,233
189,244
94,155,165
122,183,300
1,94
216,62,134,163
95,76
37,160
297,259,238
250,39
139,288,130
290,236
265,287,79
51,111,116
268,258
65,211
235,142
265,164,176
245,151
67,84
110,260
257,262
155,215
178,115
299,79
248,91
183,192,37
18,201
308,197,251
169,197,87
154,298,55,196
227,61
143,15,103
53,324
197,147
171,46
139,71
83,60
162,285
52,217,219
275,17,264,66
26,32
166,269
30,284,54
131,3,311
272,7
7,272
292,151,149
34,200
130,158
200,27
200,249
145,276
191,141
171,292,107
256,108
90,68
276,31,127
32,273,22
227,232
66,16
286,23
47,46
65,200
155,251
188,7
94,162
159,256,160
7,322
281,222
6,205
200,181
131,279
216,60,250
139,5,58
249,22
203,63
196,276,154,88
50,48,320
273,97
65,249
265,168
145,276
156,301
166,169
273,27
71,83,288
133,117
119,85
239,145
289,220
43,152,9
240,135,4
145,87
207,106,172,122
215,147
317,111
15,297
151,189
43,152,204
79,99
285,166,188
298,0
38,108,51
136,267
53,107,103
284,209
102,258
178,1
261,269
61,176,138
189,35
27,200
131,102
18,47,16
77,313
39,227
132,200
267,78
36,93
46,241
57,72,177
187,82
128,224
86,25
310,119
292,247
126,301
23,78
75,284
49,116
294,218
17,117
46,211,226
15,50
217,182,282,53
113,85
288,71
48,110
174,223
73,309
307,209
250,71
283,225
63,9
14,91
30,251
244,106,193
0,31
292,160
244,121,111
136,190,113,44
91,116,104
138,240,293,243
252,137,127,54
112,57
189,36
91,104,324
152,26
178,305
186,218
256,90
227,100
274,154
313,22,65,200
76,162
54,188
187,186,57
137,24
251,30
241,11
91,53
114,136
215,179
257,5
79,131
170,214,178
72,62
179,155,54
181,271,18
16,129
110,282
87,1
227,187,71
62,227,39
177,83
178,261,208,76
36,192
174,185
23,47
221,229
12,293
172,191
309,284
232,258,139,186
44,235,9
268,58
168,40
44,152,27
53,128
32,120,21
183,191
244,103
100,3
204,65,27
117,65
155,137
204,132
164,293
171,109
6,115,307
186,258
104,151
187,167,288
24,162
36,108,280
325,4,100
276,73
37,49,90
200,140
218,222,139
111,289
186,3
87,127
192,49
37,289
165,215,29
112,256
64,17
224,184
66,266
198,88
147,178
24,127
184,245,183
168,174,288
260,244
163,3
228,287
0,272
133,140
219,282,53
123,14,256
297,92
50,68,289
131,4
297,91,245
63,89
306,258
237,293
63,34
194,111
6,169,284
136,20,113
146,144
206,311,81
172,246
240,250
65,33
45,276
37,141
14,90
200,27
27,129
66,84
265,187
23,152,140
28,179
130,227,287
187,112
240,177,83
60,253
312,192,194
276,162
