0,1,2
3,4,5
6,7
8,9,10
11,12
13,14,15
16,17
18,19
20,21
22,23,24
25,0
26,21
27,28
29,30
31,32
33,34
35,36
37,38
39,40
41,42,43
44,45,46
47,48
49,5
50,51
52,17
38,53
54,55,56
30,50
57,58,53,59
60,36,61
62,18,6,63
64,65,66,67
68,69
4,70,71,10
72,73
74,52
75,76
77,78
69,79
80,43,16
56,74,81
42,82
64,66
67,83
45,7
84,85,86
81,87
88,11
89,46
83,63,90
91,92
93,23
73,54,94
95,96,97
98,99,100
101,60
102,103,48
104,105,106
107,108,104
109,110
53,28
105,111
6,112,113
83,114
115,116
76,117,40
118,111
119,120,48,121
73,122
46,33
121,123
48,124
48,125
82,126
127,58
128,129
130,131,132
25,133,134
79,135,136
67,11
7,137
102,138,135
5,139
140,50
141,142
51,143
92,20
144,107
64,145
95,146,147
140,148
149,150
52,122
137,151,64
152,66
153,61
154,60
34,65
76,155
156,157
80,158
82,54,159
115,160
92,134
10,78
161,12
162,40
161,64
64,114
163,164
32,131
165,69
90,7
166,167
150,168,73
169,70
80,170
79,103
10,117
54,95
74,82,147
103,68
171,123
172,110
9,173
174,99,78
24,0
165,108,175
176,177
178,179
115,11,58
154,180
83,67
162,92
181,182
183,184,185
53,186
187,188
66,189
190,168
100,191
192,193
53,194,112
128,195,74
196,66,161
183,60
143,51
7,197
121,198
139,174
114,67
129,199
36,200
163,14
13,119,130,103
64,58
2,201
202,25,23
54,52
184,203
204,74
195,205
21,20,162
59,88
206,79
168,72,207,142
62,65
208,128
87,81
48,69,209
78,153
210,123,51
112,63,67
154,203
6,7,211
57,189
167,88
131,31
76,0,20
177,88
212,163,135
27,53,196
190,195
50,30,105
4,213
182,74
212,214,108
49,61,215
216,217
218,80
219,220,102
221,2
64,62,46
115,196,53
126,222,223
224,125
116,19,11
62,88,177
103,68,225
91,215,10
226,165
227,91
109,82,182
10,5
183,227
181,223
34,179,115
99,228,76
109,229,230
157,231,232
35,99
75,93
19,233
234,235,135
230,236
232,197,237,115
53,197
123,238
77,173
35,139
50,48
139,70,99
239,106
62,197,237
225,198
69,105,131
240,66,232
142,72
53,88
226,124,68
241,36
9,77
74,17
140,130
242,29
179,11
168,96
88,151
15,175
68,118
243,244
245,168
246,20,3
247,83
226,210
99,153
196,248
43,16
143,102,249
91,10,250
100,153
251,19,178
196,252
139,21
253,152
254,156
0,20,76
111,249
144,255
199,72,256
181,244
130,69
173,4
201,0
81,172
158,147,181
176,67,28
168,147
249,140
161,83
257,139
212,51,48
208,122,126
148,140,206
258,84
19,58,157,259
66,114,64,11
260,243
5,9
140,143
87,54
91,261
199,229
216,5
188,242
25,215
140,234
262,122
191,23
142,94
70,9
87,204
219,143
142,263,56
136,171
169,264
222,199
184,203
123,265,206
77,241,203
149,266,74
49,100,9,139
4,70,9
83,58
45,65
246,24
16,182,243
237,267,268
269,130
84,70
270,151
178,88,127
105,102
145,231,88
86,98,78
112,167
168,149,52
204,236
219,225,164
271,169
253,272,66
273,266
274,25,250
228,75
189,186
28,66
19,251
85,174
264,174
200,275
236,149,276
12,157,44
126,82
52,122
13,14
199,159
248,64
199,55
187,124
228,202,185
212,175
185,24
83,53
277,45
143,234,175
119,103,239
278,245
90,11
220,32
62,65
127,137,83
155,215,246
199,150
227,5
203,133,99
250,279,200,202
81,110
5,241
280,236,80
92,76
186,281
78,154,203
143,265,206,187
176,267,64
98,258
55,159
181,273
74,208
84,250
79,13
130,124
35,25,215
248,7
144,249
55,195
196,38
30,282
89,11,67
283,96
284,69
60,20
4,241,91
285,208
168,96
181,41,142,262
119,103
205,283
252,194
232,18
108,175,210
283,41
35,99,173
65,88,45
62,232,151
111,69
203,264
239,286,69
236,41
21,1
220,131
65,197
62,27,67
206,68,29
92,20
113,12,270
213,201
165,210
208,204
199,158
220,269
115,66
287,55
133,100
288,149
15,212
256,288,190
174,289
258,10
244,43
23,250,49
7,114
222,223,260
54,204,96
159,142,109
112,252,114
58,83
67,63
169,0
283,290,291
168,122,73
267,19,116
230,141
11,161
189,292,145
37,67
30,193
63,27
49,184
210,206
218,170,207
160,65
22,117
214,198
182,52,190
23,279,25
172,82
168,95
6,252,253
131,187
293,32
227,173,49
17,74
213,228
199,96
207,72
106,31
56,110
214,234
9,4
28,176
275,76
168,199
262,291
36,84
59,11,64,58
123,187
154,258
294,165,108
1,3
79,294
231,38,196
21,24,246
82,96
116,292
295,33
229,128
5,77
228,77
31,265
186,178
296,226
103,138
85,5
67,151
183,100,169
192,193
65,18
165,120
83,44
123,111
198,188
287,129
162,180
4,99,20
83,178
49,61,8
153,4,91
297,19
153,133,191
254,297
119,242,294
234,175
1,202
40,200
242,69
131,119,265
26,134
168,81
58,176,298
178,232
44,115
239,31,50
297,299,19
222,82,74
173,271
250,70
185,202,76
99,154
24,174
277,66,28
158,168
146,110,80
178,33,62
206,50
7,300
259,113
91,92
34,115
21,301
89,38,113,160
208,126
15,123,138
197,211,176
162,202,258
40,10
264,71,173
10,169,70
78,250,86
45,58
291,172
202,5
0,275,174
4,49
178,62
232,46
302,32,171
119,293,48
210,119
122,172
267,178
16,195
298,167
111,192
200,241,91
68,188
87,142,204
85,191
154,228
124,29
236,195,96,273
56,82,207,303
11,7,152
7,160
98,85
131,144
16,204
153,22
74,122,81
185,23
205,278
145,38,57
167,45
258,25,203
105,14
110,260
177,44
95,244,96
304,199
105,282
236,303
253,57
177,67,89
94,129
267,194
88,18
234,15,242
118,175
126,305
198,30
195,306,150
113,186
267,58,194
37,65,89
123,148
268,281,267
4,257
75,180
170,54,182
235,68
123,119
180,60,274
118,124
109,52
294,135
250,241
112,189
247,167,127
51,125,121
72,236
307,229
20,301
46,37,259
141,81
66,308
71,264
309,95
70,99,100
181,94,182
257,99
270,66
283,150
131,188
241,201
67,88,46
152,64
224,225
74,208,16
84,85,201,221,169
283,229,52
206,130
142,229
306,159,129
15,269
212,219
199,236
199,276,285
38,267
160,89
249,282
247,268,65
112,83
80,129
112,113
178,251
242,209
52,199
225,107,255
214,14
83,268
39,271
78,2
82,80
115,58,66
203,77,40
181,97,199
245,218
229,288
226,32,198
217,174
31,32
61,184,20
73,236
47,286
200,241
99,10
37,115
69,140
109,43
182,223
43,150
26,180,310
114,160
94,158,82
94,199
119,111
199,94
114,63
247,160
245,195
179,151
172,283
271,203
11,300
50,311
167,156,196
28,151
127,176
5,77
8,0
66,259
177,211,44
50,130,30
154,23
154,24,61
50,51
51,102,206
178,18,211
175,302
99,86
271,10
73,303
83,89
4,0
109,199
58,28,88
158,122
220,242
283,230
5,279,227
75,261
70,71
11,64
4,117
165,235
169,91
211,88
83,63
158,172
286,131,206
129,199
78,10,250
16,245
277,177
287,94
144,125
152,157
91,8
237,112
275,98
119,15
66,270
154,215
17,97,304
207,236
65,211
172,110,230
275,2
226,302,135
265,121
35,162
267,268,58,177
36,312
114,53
122,223
74,172
76,91
187,121
123,30
313,104
56,204
139,9
314,272
53,186
103,187,225
192,31,103
149,52
44,83
201,217
123,212
148,238
228,26
306,236
215,184
218,42
67,11
199,230
180,134
192,119
92,201,154,203
218,142,244
35,227
22,71
111,14
56,168
101,139,174
112,27,57
135,242,140
35,9
52,229
58,7
206,118
43,80
30,193
67,114
115,83,166
315,70,75
96,87
82,168,72
75,60,174
76,21,75
83,161
133,10
43,129
132,103
208,122
182,43
6,211
185,275
303,54
7,58,83,253
194,62
311,31
304,54
178,297
230,94
150,80
167,157
96,129
34,178
18,28,259
20,246,117
36,9
257,91
209,14,175
108,79,165
65,253,62,232
193,282,249
193,214
14,105
97,147,182
137,6
135,131,143
236,307,263
130,164
147,81
79,175,51
93,312
229,141
123,311
177,28
49,275,173
119,198
96,129
264,202,274
170,142
122,73
273,205
83,12,27
225,284,316
265,136
109,81,87
198,124
279,202
32,214
113,112,252
196,7
107,284
148,165,68
6,67,53
25,202
155,184
269,51
188,121,187
125,234
185,289,23
112,57,151
116,59
161,83
177,64
145,232
96,182
130,121
252,259
110,159
131,68
2,139
177,251
279,215
72,158
60,154
278,16,260
236,230,307
214,48
168,263
279,23
227,250
125,14
181,195,244
176,160,197
250,35,23,217
200,9
106,118
119,206,255
41,147
107,206,15,193,143
10,184
263,72
89,67
16,287
230,82,147
210,193
44,178,11,156
9,117,40
114,83
52,87
112,259
79,102
210,138
32,30
289,4,92
308,115
227,0
52,307
193,282,269
123,14,32,119
276,309,159
60,61
45,116
88,314
85,203
312,24,61
176,62
114,27
317,121
72,43
199,168
88,90
314,161
4,133
126,195,80
9,246
41,74
82,73,95
16,87,56
115,19
215,36,8
67,112
218,306
285,195
25,23,10
14,235
115,62
9,61
249,125
279,75,191
276,82
238,106
7,114,66
226,148
136,143
94,25
157,65
218,82,223
93,216
157,314
250,20,133
66,83
251,211,232
164,120
83,89
25,77,134
268,247
178,83,53
235,29
292,231
114,28
78,77
161,277,66
62,44
70,60
218,74
7,66
52,82,150
265,143
248,7,64
239,198
150,147
170,72,142
134,25
176,37,197
25,35
93,261
165,135
301,169,2
148,135
119,220
190,229
80,52
32,210
264,84,134
131,210
96,82
192,187,318
313,138,69
9,173,2
313,293
9,25
175,206
291,244
176,19
38,247
230,199
120,148,50,317
173,9,4
266,126
271,78
89,152
145,189
286,14
60,203
199,278,276
275,241
118,220
197,177,160
115,62
306,288
162,20,1,310
42,195
95,208
103,225,119
68,163
223,266
228,20
104,106
294,15
18,254,62
53,167
319,283
269,188
7,83
115,7
46,7,211
198,108
178,267
48,214
175,220
67,177,90
136,282
229,182
43,96
167,176
115,62,145
244,182
111,210,118
211,67
63,28,64
307,320
196,33
42,205
51,171
153,9
13,51
85,312,5
157,178,46
21,84
17,149
2,77
10,203
182,195
5,99
17,208
105,108,302
156,237
87,309,110
52,306
153,275
181,222
135,212,317
267,157
275,5,169
199,72
5,250
298,65
114,112,67,27
174,228
5,4
66,247
262,74
187,31,209
115,7
4,139
122,190
51,29
125,106
105,187
24,10,70
320,229
41,182
6,66
138,119
73,223,158
28,53
306,72
95,128
122,147,43
2,78
130,242,131
7,196,83
65,189
161,11
165,206
124,106
171,14,210,111
184,117
140,198
240,64
200,39
168,158,126,230
36,264
115,45,88
45,7
315,217
182,52,41
0,21
15,107
142,245
150,109
226,242,171
36,139
182,172
7,137
238,206,130
11,299,66
53,308,251
57,267
17,142,126
59,176
182,150
116,88,197
19,179
13,293
62,18
215,174
207,97
106,15,51
28,186,53
307,17,195
123,131,293
174,20
9,21
125,249
291,52
250,2,227
156,178,281
232,145,254
123,265
191,40
208,16
5,99
290,262
0,133
298,65,179
221,301
70,5
19,66,83
204,80
160,18,161,66
60,184
40,4,184
6,259
127,28
63,33
102,316,148
96,309
91,174,185
219,171
73,190,208
206,107
5,185,1
167,63
178,267
279,117
173,98,203
24,261
40,77,133
177,88
15,130,249
149,305
257,5
21,200
318,214
20,93
67,161,65
265,293
314,277,115
313,31,105
15,107
218,80,52,236
4,5
118,212,140
230,17
235,130
173,36,5
31,136
20,4
105,193
0,155
138,31
148,32,131
190,222
28,137
302,104,206
40,202
81,230,320
288,260
249,171
121,107
23,26
23,184
242,138
122,82,158
309,182
309,245
91,40
103,111
122,52
112,90
93,40
0,200
82,229
301,139,279
241,40
318,51
262,109,126
143,102,148
53,6
196,237,248
312,215,20
160,268
100,133,78
13,99
311,105,239
147,303
203,261
20,23
288,309,207
35,78
213,5,139
227,202
135,165
214,125,171
184,60
177,65
6,28,161
96,207
250,4,91
228,227
11,152
19,248
156,45,176
48,316
87,147,207
112,66,64
134,23
316,105,164
236,208,307
198,296,226
211,161
111,239
88,160
125,102
123,294
50,111
306,283
80,128,236
22,25,264
311,249
40,5
260,149
185,275
199,229
252,83
43,195
281,88
1,36
160,176
35,99
104,198
302,210,108,79
51,131,30
52,321
224,225
88,295,177
309,149,172
114,27,11
275,258
9,78,215
36,5
269,105,125
114,177
102,148
276,87
224,14
148,51
20,153,203
66,177
257,241,35
134,91
43,72
276,283,199
64,300,57
27,83
264,217
204,304
281,254
56,303
273,230,147
226,79
75,0,77,35
28,53
129,128,94
141,94
247,178,88
118,31,51
290,42
229,283
246,91
32,13
295,179
66,11
127,295
33,88
229,195
220,294,123
273,204
194,33
203,169
6,65
46,176
83,240,65,34
110,122,16
93,183
10,25
306,303,236
79,107
14,13,135
209,132,192,104
205,80
20,200,184
55,110
18,137
165,143,125
13,14,293
237,127
173,78
10,117,78
64,57,127
4,261
74,109
275,24,134
23,71
165,79,175
29,130
22,154
60,20
72,195
294,102
202,10
93,21,180
56,309
94,126,276
286,50,165
114,211,12
56,199,309
220,103,14
181,126
313,220
24,71
227,201,84
248,247
2,213
140,135
118,219
230,96
242,225
135,206
59,90,113
118,102
192,165
317,234
45,196
54,236
204,276
111,119
261,139
202,228
74,263
72,168
186,196
264,154
28,232
197,57,116
50,140
119,238
229,87
200,169,4
60,246
56,54,230
78,39,5
230,263
150,17,260
177,83
199,81
259,232
18,295
5,117
69,130
126,245
130,235
249,105
267,113,233
102,255,206
9,173
52,291,150
210,282
43,56
212,269,171
19,295
285,74,195,208
165,15
155,25
318,135
78,215,3
184,91
76,139
72,56
168,319
91,93
254,259
235,14
66,64,152
308,12
198,68
245,94,260
299,63,65
82,41
318,69
123,47
128,146
6,114,233
183,289
91,93,75
166,177
179,177
24,184,174
122,17
106,206,124
261,20
285,291,82
41,97,262
144,32,118
21,93
314,112,247
84,86,227
150,82,147
53,177,58
133,279,4
148,118,165
300,308
54,236
86,49
105,188
36,100
17,181
145,232,237
309,96,129
303,74,110
127,189
301,315
123,225
185,24
84,100
31,105
108,225,79
191,99
51,130,138
55,260,204
178,211
177,65
5,246,264
91,60,264
173,117
165,148
53,161
132,249
95,81,199
87,266
117,4
56,256,94
236,280
4,203
258,92,91
61,215
66,7
270,59
88,233
20,191,75
48,119
124,14,284
208,94
247,62
210,226,138
54,181
16,150,52
150,208
11,232
0,101,92
156,44
89,233,161
196,211,67,197
228,23
113,89,253
43,262
123,209
124,130
175,269,135
154,23
291,150,73,222
203,25,246
229,87,276,307
74,128
321,205,181
6,157
137,63
122,126,181
131,69,238
211,112,28
99,169,5
75,91,22
66,167
96,307,262,43
191,91
202,250,310
1,25
291,223
46,18
226,125,198
66,112,7
141,245
269,135,108
160,28
98,5
18,112
288,306
254,113
92,76,162
226,165
112,83
182,80,56
97,16
169,76
198,104,30
67,248
4,134,91
141,245
261,0
126,181
263,41
80,16
147,218
161,114,112
74,182,321
275,202
274,84
17,56
204,142
321,147
214,269
7,64
245,122,256
122,149
312,191,84
265,144
303,109
87,56,288
64,33
70,84,227
245,290
64,44
12,233
48,50
234,51,118
264,250
165,175,143
116,177
54,236
316,68
228,71
244,56
116,7
154,153,174
177,88
157,37
303,40
147,42
94,263
78,133,35
55,309
65,157
226,123,206
2,139,200
203,180
161,64
121,269,316
75,93
225,31
23,25,275
177,268,231
168,110
152,160
72,304
144,148
215,275
51,125
44,19,160
181,307
103,50
149,42
74,244,222
56,278
72,236,204
126,204
53,267
127,67,63
264,250
82,55
229,290
220,198
187,108
30,187
249,135
31,249,69,119
181,52
209,317
75,162
238,284,187
208,41
186,116
284,124
175,51,220
160,157
105,144
150,195,159
204,80
131,48
131,125
78,133
45,18
249,171
80,260
223,291
23,61,185,184
35,185
295,62,314
82,319
226,282
52,266
270,127
184,279,215
165,144
171,102
308,189
54,307
51,165
14,111
53,127
152,268,176
5,85
212,119,69
246,2
112,314
16,150
74,87,236,142
4,49
220,118,148
87,244,41
78,91,184
60,25
79,219
217,258
52,142,208
267,177
10,35
122,73
206,265
275,0,24
6,233,160
199,126
132,206
292,45,167
159,273,122
276,283
74,207
211,63
29,242
102,206
175,317
261,289,250
25,78
37,65
286,249
132,206
121,50,239
174,24
16,80
87,195
315,49,312
91,5,25
50,311
105,68,103
187,242,123
176,12
18,299
265,131
139,183
32,143
231,232
10,85
177,267
196,7,127
244,181,94
93,39
285,244
215,153
211,232
249,212
111,225
278,236
32,198
164,106,48
121,269
75,25
91,1
283,129,56
280,230
306,94,172
21,153,91
168,16
281,65
290,97,283
112,67
260,73
65,64
100,91,246
66,12
208,126
43,73
35,36,71
82,306
11,67
122,218
182,285,122
272,67,12
48,105
182,55,208
254,237
215,133
77,201
21,184
268,177
293,214
231,65
40,2
196,11,28
242,249
202,71
241,91,61
308,160
48,238
147,218
122,16
196,211,11
169,86
227,75,77
213,275
317,51
134,61
22,184
234,294
228,24,154
108,121,265
99,185
278,309,142
251,196
79,212,124
166,66
220,132
40,9
234,311
62,65
50,187
51,249,13
247,160
268,176,62
22,3
291,208
92,228,21
198,212
282,210
286,143
44,197,160
205,95
206,175
29,209
224,239
282,193
67,7
209,131
74,96,243
46,196
99,264
197,18,83
234,32
5,9
183,49
115,65
168,319
91,275
17,223
31,249
56,307
252,112,27
52,218
300,112
139,215
159,94,142
132,106
36,92
153,93
151,59
238,165
217,0
241,183
189,83
279,241,134
207,56,229
252,57
21,257
78,100
214,135,118
202,25
61,26,246
122,149
126,181
263,223,230
23,70
6,83
11,89
81,168
0,3,162
122,158
12,112,89
13,282
66,127
250,117
247,115
43,229
184,92,246
225,293
180,91,8
199,56,159
317,311
154,77,71
113,160
128,276
54,304
82,168
56,72
238,206
288,276,72
125,214,144
121,322
72,55
203,169
254,167
48,269
291,172
208,142
275,4
206,226
103,50
62,18
161,28,83
259,211
12,83
52,126
74,147,82
151,161
236,150
77,71,183
147,260
230,182
141,94
52,290
212,214
228,21
88,211,145
62,211
254,259,62
119,13
291,122
129,87
97,278
7,116
19,178
278,256
52,168
9,261
98,85
7,12
276,195
152,248
48,14
102,106
132,14
233,157
27,11
116,6
112,253
226,255
295,44,152
175,214
28,62
316,14
179,127
35,2
220,51
124,242
43,181
43,126
234,135
218,159
304,278
218,43,290
14,15,135
299,186
30,31
62,157
123,206
48,193
177,37
256,276
98,117
232,145
245,159
28,197
56,72
235,111,282
185,101,2
176,62,267
114,6,298
36,99
7,272
111,175,108
91,40
240,67,12
215,77
311,135
214,284,106
58,53,83
82,181,55
318,14
102,210
276,320,303
15,220
223,80,218
185,9
48,265
251,254,65
158,199
139,9
122,190,276
53,233,177
48,316
40,35
241,200
203,221
80,208
71,117
167,232
159,199
43,285
77,5,203
142,56
308,161,232
195,16,87
108,14
228,279,21
249,13,107
222,43,158
215,1,98
291,208,319
52,243
87,52
138,32,284
7,67
300,67
36,23
241,183
119,269,105
203,93
173,40,36
238,130
46,65,197
116,115
154,92
71,173
19,83,115
139,40
130,316,311
198,51
202,2
115,58
302,210
188,311,105
303,218
195,96
313,242,317
4,117,40
295,88
131,249
28,88
124,171
2,99
198,171,123
48,242,121
235,132
225,29
243,56
84,154
85,228
182,94,52
292,88
317,225
131,69
248,178,33
251,232,186
14,188
226,302,125
11,299
69,15
51,175
320,276
229,94,87
7,270
20,60
134,180,20
309,236
179,27,297
241,36
262,244
14,13
107,125
48,130,119
11,237
256,230
212,51
197,65
17,159,82
261,60,23
150,56
36,4
53,89
67,83
60,78
168,142
24,20
2,99,77
302,119
230,199,287
130,269
34,38
49,200
6,178
43,309
169,312
207,278,96,109
208,150
113,58,89
317,69,265
119,106
313,31
106,317
218,74
210,132,121
163,143
121,192
51,121,125
79,294,242
81,230
35,139,203
32,14
62,65,37
49,2
247,197,65
90,63
67,189
20,202
79,135
106,47,316
157,6
220,255
77,139,4
75,221
32,51,14
142,122,263
182,87,56,74
82,182
96,303
290,73,16
144,13,140
232,114
69,265
291,43
28,63
219,107,265
32,69
182,285,54
89,112,233
80,87
243,199
75,174,0
53,66,157
319,182
108,219
126,266
142,147
36,4
140,219,302
137,113
8,180
59,240
196,12
63,308
61,93,25
74,82
72,43,56
119,316
177,211
75,99
63,197
50,131
177,62
289,20,275
81,244,283
66,161
291,323
279,134
153,203
322,130
90,11
2,289
218,52,205
58,28
126,223
29,143
311,130,209
14,206
278,56
236,199,230
161,11
309,199
210,242
112,272,66
206,148,120
214,144,125
60,185
208,43
133,35,201
73,43
188,102
60,202
64,232,300
32,144
56,244
241,279,8
313,124,32
121,313
98,241
190,208
4,26
24,217
278,87
80,158
14,102
119,105,188
126,142
250,4
13,118,296
184,93
82,122
120,234
98,228
249,148,302
92,93
147,43
15,105
129,199
176,237
182,273
305,222,181
231,211
226,68
294,198
259,7,268
204,56,80
76,49
251,178
110,266
134,191,275
127,7
95,52,195
310,185
136,269
68,131,124
199,236
103,206
168,42
240,176,167
88,65
82,190,181
169,4
67,64
164,313
91,4
173,39
78,5
288,182
206,15,171
317,50
77,2
38,157
41,320
76,101
275,185,60,92
88,58,179,254
234,118
173,264,60
88,44
26,310
279,25,202
265,269
40,315,180
279,91
227,202,274
81,109
289,154,215
307,306
94,320
13,135
114,53
91,139
227,35
96,159
210,131
300,196,115
265,121,79
104,51
131,164
15,140,235
128,94
147,262,54
30,238
20,98,169
196,34
250,191
182,41,181
46,65
226,14
316,104,47
110,230
7,34
119,131
106,293,238
203,133
237,178
168,199
198,214
169,279,23
47,225,31
67,63,53
313,15
227,99
257,133
311,125,143
55,236
257,39,169
171,165
128,87,204
214,163,226
196,267,65
212,14,118
266,208
126,56,129
265,313,105
178,268
129,307,204
107,111
311,242
195,126,262
199,278
230,129
76,98,241
198,48
215,23
7,156
177,19
32,206
280,204,287
130,187,136
56,87,81
307,94,309
13,220
24,203
129,181
91,22
208,321
60,257
174,93
309,16
14,13
181,260
177,28
163,107
233,161
10,25
291,80,95
91,25,202
107,135
111,51
283,260
52,273
98,49
71,5,289
47,105
53,300
232,44
4,26,75
157,11,46
122,291
42,129
4,217
57,292
282,48
27,88
82,230
183,86
49,71,139
20,9
87,245
2,264,36
126,122
107,51,15
199,190
88,270,248
117,77,2
156,65,254
49,200
36,85,139
119,105,193
29,165
80,307
168,81
96,81
202,250
18,46
194,67
20,133
150,229
70,61,250
53,152,308
77,5
241,76
192,269
315,78
266,82
324,226
238,234,235
21,9,84
259,33,66
157,18
168,97
307,72,80,109
5,9
235,198
103,265
19,45
59,11
10,184,275
30,192
269,105,171
195,223
66,112
159,72
168,150,43
91,215
158,266
237,83
51,111,119
16,97,150
85,9
245,82
12,53,83
6,33
41,150,74,218
324,249,239
115,231
195,16
298,45,167
106,242,119
25,91
232,46,178
20,228
80,223
290,94,109
85,117
134,153
225,265,31
108,255
60,228,76
135,206,144
110,273
225,31
15,171
152,167
93,99
7,67
211,6
56,82
228,99
194,27,89
11,57
187,225
4,241
113,67
112,83
294,32,242
246,93
317,123,132
25,241
12,233
118,234
182,266,288
65,157
245,236
247,161,66
7,157
94,126
91,289
14,235
189,253,34
103,138
83,161
68,313,187
148,212
211,232,33
207,229,95
177,34
177,178,65
256,41
241,2
199,149,128
24,100,36
232,145
9,185,1
76,162
278,81,110
62,66
19,45
1,20
33,267,44
312,134,2
67,152
268,232
194,11
94,147
202,215
87,110
36,9
125,219
279,1,202
112,300
284,47,118
269,103
148,322
51,14
270,83
171,119
82,81
217,36
78,279
108,140,249
49,203,9
25,91
309,243,236
65,6
126,159,168
89,6
68,30
169,153,36
97,94
122,80
98,5,201
72,236
94,230
43,263
142,87
67,196,64
109,74
38,62,176
51,282
73,82
44,19,298
60,257
12,11
177,45
147,126,283
294,234
2,36
12,308,137
252,12
204,168
36,5
256,285
178,88
139,227
109,122
182,325
273,236,52
169,185
60,23
11,12,88
36,70,183,139
2,228
23,201
46,89
92,93,5,4
182,16
67,90
123,108
141,306
310,5
282,284
294,226,102
281,259,232
2,191
180,26,174
162,78
184,22,134
250,76
184,40,257
288,190
32,31
91,23
229,94
210,32
73,96,80
218,168
52,96
104,15,214
95,87
96,43
250,202
175,69
35,301
173,9,169
142,17,182
14,105,131
48,118
62,115
88,197
140,206
81,306
105,30
61,227
264,203
15,68
252,63
187,164
126,142
182,309
116,231
77,2
290,41
116,177
282,317
68,105,30
88,116
135,120
264,257
67,251
122,285
5,10,134
196,7
25,215
132,125,15
217,84
171,313
45,11
11,267
161,186
56,129,87
119,105
152,53
105,238,108
98,77
275,75
199,319
119,124
171,282
30,103
110,208
91,77
96,199
127,179
11,259,161
83,252
126,222
113,33
174,261,20,24
167,247,18
187,118,212
122,266
161,156
79,284,318
23,75
203,49,98
73,181,195
211,157,177
195,229
45,247
195,126,82,52
78,201
285,96
74,256
262,80,97
129,110
11,7
15,104,206
110,223,204
128,273
162,169,40
4,5
269,313,106
117,24,91
169,215
32,206
257,98
209,130
248,189
118,206
294,14
193,284
116,18
232,64
9,250
222,149,304,244
63,160
73,150
41,126,52
49,9
308,66,300
179,252
79,130
242,102,148
21,91,76
5,71
23,185,25
76,25
286,140
49,2
179,89
152,177
56,236
10,203,9
51,104
41,182
14,118
250,78,99
13,69
211,88,177
284,249
178,88,177
76,4,154
143,135,249
151,11
206,14
4,10,200
0,91
73,283
109,128,52
44,37
56,81
265,14,322
269,282
32,175
104,107
227,174
60,246,20
235,187,132
24,60,246
28,83
43,52
49,92,99,154,5
320,309,87
303,182
303,280
116,211
52,122
122,283
267,18
80,244,245,43
44,115,297
79,32
314,137
217,134
41,256
53,66,89
67,177
264,36
266,236,82
111,175
94,309,204
290,195
35,40
14,313,282
53,194
116,267
82,285
75,241
51,118
199,110,170,94
298,186
176,33
227,85
135,138
74,159
66,89
56,199,276
227,10,71
22,24,101
229,94,158
282,136
55,41,236,273
184,261
232,272
13,163
80,81
168,52
55,159,285
320,72
241,98
118,209
280,96
130,284,192
94,229
84,227
74,291
285,110,303
317,138
227,184
52,182
62,45
4,184,315
53,7
82,72
125,15
62,12
229,54
84,10,117,40
64,267
116,211
83,116
23,173
29,69
72,94
141,95,307,229
290,122
53,113
266,229
126,96
92,216,21,0
218,55
162,92
75,22
69,311
116,18
40,99
106,51,165
242,103
196,65
86,257
106,123
25,40
11,112
11,268,189
233,268,62
125,51,284,69
52,56
77,169
214,68
51,198,284
165,140
23,5,184
12,166,300
282,14,269
141,94
227,241,257
56,309
236,74
43,170,52,195
16,266,182
157,232
53,7
35,310
201,174
97,149
82,149
96,87
237,268
82,218,260
125,212,148
206,14
257,200
203,133
30,119
167,6
65,115,18
63,196
66,11
9,70,40
91,20
131,123
43,96
30,136
24,0
19,232
205,54
148,269
77,91
64,251
285,244
139,5
90,299
128,222,208
9,71
78,180
52,181
5,202
30,235
203,279,10
140,111
50,193,269
77,250,203
67,254
122,126
210,14
52,181
186,178,88
65,259
80,17
294,14,102
206,210
171,226
228,153
210,111
14,163
237,166
278,94
32,14
33,45,7,6
50,105,30
180,174,228
208,16,168
244,72
88,167
91,217
74,204
30,187
178,267
232,196
112,62
74,141,43
66,113
257,99
13,135
65,7
218,4,91
35,25
126,243
97,208
232,281,299
56,81
217,271
107,143
112,63
315,264,279,25,257
249,144,15
119,47,138
127,298,178
12,83
122,16
115,88
119,238
75,99
135,14,131
290,16
232,88
119,130,30
89,88,66
237,18
287,229
78,257,4
120,198
118,265,13
187,119
38,27
88,232,37
186,277
64,67
32,210,206
75,279,5
312,200,35
241,2
78,315,183
31,316
33,19,6
165,148,198
131,175,209
67,62
302,284
298,62,259
281,46,83
23,61,36
84,133,71
139,40
91,1
92,275
306,266
24,180
96,303
43,72,97
291,16,126
61,250
119,29
184,3,61
24,133
66,251,37
34,7
182,223
153,20,174
11,151,64
249,210
58,197
4,139
289,264
65,160
246,4
281,295
298,211,64
160,12
37,88,62
235,249
117,183
279,203
164,293
203,26
233,65
138,282,32
80,122
247,268
295,197,45
167,45
51,30
70,5
210,206,51
126,182,208
33,167,62
291,245
12,19
105,135
191,86,4
96,218
159,223
177,197
155,162,98
128,110
266,80,56
164,47
228,217
280,229
41,126
111,220
72,16
318,119
195,260
313,105
36,201
5,98
128,245
78,203
59,66
268,232
256,222
165,32
255,164
25,279
165,322,14,104
228,184
132,118,119
263,55
197,145
139,49,315
14,235
269,48,234
136,238,282
151,112
5,10
167,37,267
137,53,67
242,103,144
204,87
280,49
254,6
236,260
227,228,77
29,242
190,128
118,193
157,161
148,242,138
182,262,52,122
89,114
204,182
233,19
64,18
129,236
185,227
28,66,34
215,25
175,209
176,197
93,26
74,243,291
203,139,40
64,127
18,186
2,24
199,52,80
176,115
88,11
232,237,46
323,207,110
208,74
179,89
132,125
59,114
5,154
0,134
317,242
311,32,123
168,128
306,97
65,46,137
120,14
19,295,45
36,215
200,183
66,63,83
96,195,56
242,107
211,116
26,1
114,268
135,313
165,317
227,202
255,235,132
56,320
25,154
122,159
72,205,129
171,79
43,150
321,158
184,258
242,214,249
171,193
40,100
115,157
140,193,14
131,192
60,215
108,226
267,232
46,178,7
126,122,190
144,148
152,196
167,160,178,88
229,303,199
296,198
62,112,88,83
250,200
211,88
14,318
114,253,27
119,284
94,126
316,69
52,223,319
67,268
64,237
62,232
44,115
306,204
78,201
18,211,112
229,95
309,307,245
12,161
190,218
307,87
153,184,134
234,131
218,285,291
235,105,119,210
257,250,78
272,19
199,245
91,289
190,147
228,133
23,91
4,71
250,117
74,82,94
198,79,163
268,65
49,40
24,99
102,124
265,121
105,125
106,282,238
199,278,96
83,59
225,143,102
64,160,19
12,127,145
45,177
275,60
77,9
236,17,141
193,118
201,98
63,38
223,218
232,88
64,67
258,312
307,168,276
84,85
165,125
118,234
165,219
31,234
126,236
91,2
91,227
108,187,51,118
217,36
62,27,247
36,215
74,288
89,160
103,282
52,323
40,84
48,302,124
227,5
137,66
177,267,156
53,127
36,289
10,8,9
76,24,91
276,205
47,121
250,20,84
96,172
68,111,123
171,165
105,121
122,280
121,104
122,195,244
226,51
36,22
131,111
205,82,218
68,171
69,132,269
263,41
89,156,254
2,35,258,3
157,267
262,82
294,79
147,208
273,56,96,229
214,51
208,204
102,121,235
47,125,104
204,291,122
129,122,182
0,250,78
9,133
228,20
9,10
264,98,5,201
222,199
110,287
118,193
38,179,67
267,259
109,280
165,144
186,62
54,142,110
73,74
180,25
18,64
232,88
15,163
60,274
87,195
98,35,174
74,52,262,149
147,43,74
210,171
181,80
6,267,252,231
130,104
196,114
280,199
96,146,52
144,269
80,150
51,187
269,192
36,5
257,117
75,1
236,16,126
74,97
106,269
228,75
49,227
167,62
69,322,192,138
66,6,152
257,173,99,2
242,210
179,66
68,210
37,232
302,286
184,134
155,169
159,229
195,236,126
262,182
177,167
49,227
20,250,10
210,125
111,108
201,70
80,43,158
277,34
78,75,215
307,168
128,72
109,230
89,268
61,76
249,111,103
28,53
239,69
14,165
199,291
291,129,218
317,50
307,236
6,233
165,171
21,39
242,30
62,83
199,207,229
318,103
122,182
77,203,227
78,23
182,56
40,20
294,144,118
319,56
231,197,88
313,102
224,123
82,181,285,260
67,127,7
168,229
141,276
309,80
247,253
151,64
12,152
64,11,66
111,187
51,163
230,263
76,173
182,126,181
12,308
172,128
11,45,161
82,147
154,75
194,197
62,166
244,262
201,246,1
122,170
81,236
99,155,93
69,68
47,51
248,19
52,195
68,265
199,236
192,14
70,40,215
244,16,190,122
190,16
229,172
169,5,10
261,85,227,77
123,293,210
313,282,143
246,71
148,198
93,174
167,62
255,220
280,141
177,178
73,309
91,92
260,172
141,307
149,80
132,210
235,175
62,44
47,15
122,43
273,55
191,5
105,143
165,125
308,83
2,257
172,16
150,243,74,126
187,293,135,238
83,167,7
44,6
223,41
190,141
25,289
163,123
72,43
249,212
69,239
218,30
158,204
169,203,2
112,270,300
182,97,218
133,78
51,131
50,130
250,78
57,67
36,24,10
240,66
26,0
192,124
245,168
273,129
70,133
173,169
67,45
245,43
62,112,314
263,199
131,242
81,285
186,137
10,86
72,42
109,230
129,230
80,287
25,77,78
140,13,148
121,13,118
59,115
250,78,241
64,83
33,251
91,169
45,268,157
154,241
288,218
156,247
146,283,208
23,117
311,163,69
206,175
135,121
277,67
52,276
129,87,273
176,160
72,256,320
245,195,129
180,71
20,1,92
43,236,199
163,14,148
32,105
149,321
102,14
161,211
56,229
43,182
126,149
92,201
104,242
67,6
126,218
169,264,227
70,301
191,183
141,245
185,26
175,164,138
118,130
265,293
177,247
290,208
258,86
91,22
232,167
81,306
185,180
181,182
206,13
99,203
147,285
131,282
295,281
308,64,19
232,177
16,260
11,90
144,14
154,117
83,33
211,281
21,134
36,84,155
195,218
311,131
193,119
45,178,62
14,118
142,149
302,118,47
227,85
178,7
191,86
0,200
229,72,309
312,185
57,179
94,199
141,129
266,307,205
93,9
291,80
79,143
239,48
95,56
208,305
66,211
186,267
190,205
168,307,81
73,82
317,148
238,143
180,75,25
194,67
19,45,62
134,75,77
258,101
259,27
242,69
12,45
184,71
4,185
133,75
198,219
188,103
125,242
289,215
299,90
211,11,53
247,46
137,196,89
12,89
305,243,122
154,174
5,250,0
250,85
220,144
238,164
167,254
313,265
116,308
53,248
100,36
96,41,182
54,263
199,276
175,130
241,139
28,113,89
318,193
219,106
248,7
7,114
261,134
24,0
258,183,241,315
2,49
65,33
303,94
65,19
173,191
115,232
79,124
32,175,226
181,199
245,218
182,74
165,198
15,125
167,186,211,62
157,232,28,161
111,206
15,242
202,100
4,1,92,60
315,5,10,183
156,254
65,12
187,31
78,133
263,56
197,113,152
76,215
250,213
84,203
235,296
311,13
130,265
275,70,76,203
161,83
113,116
250,301
120,235
161,45
291,74
118,51
19,178
183,180
132,14
43,149
4,257,78
87,288
176,66
133,20
18,67
23,246,92
103,120,242
232,254
1,202
13,239
127,63
260,16,52
86,93
193,164
306,36,115,109
174,71,250
72,52,128
78,155
142,110
252,113,38,112
145,65
32,119
223,159
85,71
5,85,310
196,58
198,206
277,115
243,168,80
308,66
260,291
56,236,303
9,200,264
52,223
291,260
218,141
259,12
4,2
227,10
64,197
158,16
131,31,311,239
306,181
157,7,6
128,43,80
298,178
305,182
64,240
275,155
246,0,22
64,53
70,180,228
61,36,0
18,268,66
129,263
187,131,51
223,262
181,74
106,239
257,49
219,165,102
96,218
289,61
74,181
129,256
23,227
109,94
4,264,99
260,97
122,288
311,47
73,96
31,318
52,94
30,131
282,311
96,56,72
26,60
251,53
65,83,186
226,51
236,207
6,90,259
97,16,52
117,100
257,77
200,201
215,133
25,24,60
290,16
72,236,81,218
2,98,246
238,293,187
160,88
100,9,5
49,92
155,228
97,172
3,36
65,233,197
152,59,11
12,27
103,209
91,275,93
144,51
56,199
181,74
290,218
63,66
182,181
159,87,110
205,195
23,60
105,249
35,75
147,181,81
107,171,234
228,20,180
156,44
228,154
275,75
85,75
175,105,135,219
148,121
219,143
229,159
53,83
117,35
84,203
14,121
232,178
153,154,61
96,303
293,210
62,145
250,173,227
220,144,293,148
262,172,122
281,308
310,275
278,245
173,9
25,20
28,67,189
225,210,31
53,114
90,160
52,80,74
241,203,250
27,231,152
30,242,68
256,96
52,43
93,36
161,6
133,75,91
83,161,127
69,313,311
200,0
7,211
210,14
139,9,78
283,82,182
0,101
276,273
250,20
15,102
139,40,78
137,88,19
90,58
229,97
58,57
141,94
241,169
192,105,311
4,40,0
154,21,279
84,10
60,257
253,65
148,135,107
40,77
12,176
185,162
78,134
122,182
184,215
78,61,201,8
65,247,53
51,187
112,232
287,256,97
118,302
85,173
161,45
9,203
275,201
62,259,295
155,174
317,69
56,207,82
309,168
28,179
142,56,81
73,87
157,160
165,119,225
64,254
90,7
323,283,147,205
14,219
6,298,259
290,80
184,24
140,120
65,272,88
250,279,117
32,51
9,203,71
92,201
40,117,35
164,239
251,28
234,138,130
49,264
200,23,91
68,225
267,19
110,82,306
303,52
67,11
84,227
185,289
87,181,229
282,14,108,32
236,307
199,230
87,109
78,227
295,151,62
268,53
133,84
298,90,28
68,119
14,210
183,221
240,64,7,112
169,84
28,64,6
282,132
141,244
6,137
6,67,83
215,183
123,103
67,66
15,175,234
236,320
144,130,15,140
117,36
6,152
25,279
174,264
160,62,116
133,10
13,210,226
269,313
195,263
72,56
32,79
197,272
279,60,246,134
94,223
249,143
117,36
151,295
112,66,151
276,80,195
26,71
133,4,169
43,195
229,283,74
160,178,259
88,66
45,12
184,91
183,250,184,1
62,113
187,138,79
214,140,206,13
307,94
180,0
78,5
149,208,199,126
83,113
298,167
46,167
25,0,61
63,88,268
137,12,66
27,88
43,168
94,236,229,199
126,56,97
131,144
33,157
282,121
64,58
121,131,119
43,94
105,15
195,73
207,288
38,127
40,201,173
185,217
107,79,108
14,209,249
275,1
64,67,89
69,121
321,54
165,105,131,164
105,265
203,99
173,203
165,51,13,68
126,52,276
159,72,168
74,158
197,46
211,46
129,199
159,94,87
198,103
232,167
130,226
45,65
267,112
144,103
197,179
1,279,0
203,279,173
234,284,102,265
30,165
121,226
67,53
118,249
149,52
123,225,106
33,59
111,132
181,276
142,307
162,85
11,63
88,267
321,223
2,133
291,236,128
92,227
268,211
96,43
45,7
176,114
258,22
92,264
83,59
52,172
210,311
288,147,41
73,303
43,80
126,320
100,49
176,160
275,250
218,182
196,178
70,201
181,81
225,125
143,135
117,133
143,212
183,264
244,208,80
299,83
7,6,66
267,115
290,208
82,309,303,287
322,143
152,67,12
47,187
36,250,185
1,61
144,51,14
30,214
11,300
182,208,304,73
264,312
64,88,115
3,202
175,135
155,0,275
40,312
161,299
204,94
94,122,256
88,115
2,40
285,218
283,199
218,82,199
279,82,189,249
108,214,106
208,16
71,162
193,119
158,236
232,299
75,228
249,131
265,138,47
206,284,47
21,92,202
122,283
6,137
236,170,129,195
62,156,248,177
31,311
64,57
85,215,279
85,40,241
102,198
115,186
75,174
189,211,116
289,133
162,180
30,158,88
99,184,154
19,267
318,102
36,246,84,250
198,302
241,1,5,25
107,13
211,44
168,43
293,14
303,41,218
315,257,301
13,212
32,123
280,230
65,88
204,285
96,122
244,158
260,266
168,208
102,239
196,267
49,264
141,168
187,104
293,136
200,49
229,52
157,28
268,67,88
267,45
317,234
31,125,14
62,137
131,106,282
211,178,18
78,202,217
5,25,9
23,24
230,168
154,310
160,232
306,303
66,89
267,233
309,72
4,133
146,82
199,195,283
218,126
118,311
233,299,66
287,172
67,186,18
209,68
287,276
125,206
280,56,55
148,14
291,52
77,201,85
86,71
165,14
176,64
31,318
66,64
42,52
244,43
188,238
45,83
82,97
121,69
233,253
62,237
82,287
78,10
147,266
73,195
10,201,99
122,149
267,167
324,143
122,236
204,55,182
30,123
150,82
200,2,312
304,306
211,167
298,177
99,23,25
215,264,92
264,227,174
207,81,199
231,116,272
90,27
94,172,96
177,156
75,174,301
121,187,69
4,312
285,95
80,291
106,29,148
14,234,226
5,202
87,141
222,276
193,123
51,111
83,34
51,175
276,229
165,15
9,98
127,254
52,208,17
174,154
110,55
249,30
62,67
218,80,224
22,279,23
126,260
222,244,304
234,212
253,7
62,112
169,174
230,278,273
30,105
196,28
233,251
273,245
2,101,36,274
12,177
49,4
67,28
42,280
85,154
119,15
143,29
152,254,33
239,140
84,241
82,55
187,239
74,81
232,137,65
79,118
7,6,67
137,299
294,249
20,9,227
259,160,137
203,100
11,248
25,26,91
27,63
103,313
279,2,5
265,187,125
270,137,197
82,129
299,231,233
209,124
255,234
83,11,152
61,203
18,298,66
205,142,87
159,229
72,52
61,117
286,132
150,73
23,169
227,70,39
161,240,12
134,241
215,203
105,284,210
94,110
76,91,60
262,126,204
80,283
163,144
149,199
164,68
187,322
232,252
217,174
48,219
132,210
206,124
249,14
29,119
182,309
71,117
223,182
102,239,29
320,243
165,144
155,60
33,115
265,138
267,88,177
305,285
139,3
109,150,126,54
12,28
38,112,196
230,256
33,19
267,116
149,168
60,184
19,46
202,279,10
229,150
202,180,1
227,71
198,135
176,44
132,32,143,220
248,113
175,30
319,72
109,321
322,269,30
129,285
191,78
85,25
166,178
37,45,197
70,35
204,306
5,98
115,161
68,119,148
79,140,235
298,251
235,294
299,83
10,77,227
81,320,168
49,250
104,269,220
261,184
24,227
149,222
221,78
1,155
141,307,287
110,208
113,176
53,64
196,189,90
319,54
132,206
73,181,126
140,51,219
144,131
46,88,247
12,62
103,317
323,291,74
20,60
161,89,281
126,283
282,136,120
56,141
113,151,114
130,238
291,122,16
63,112
43,205,73
246,70
281,160
82,229
123,118,171
270,252
97,218
124,105
270,167,237
70,20
58,57
47,206
251,298,66
259,160
7,115
256,82
259,178
188,121
242,104
299,157
139,84
188,131,48
120,32
75,4
200,201,139
197,251,231
316,187,282
188,106,119,209
219,31,226
166,18,267
16,306
93,26,78
299,66
164,31
229,94,95
196,65
19,178
75,9,134
303,266
266,182
217,3,184
254,268,27
245,306,276
99,35,228
69,125,15
134,25
161,116
126,149
167,7,67
78,49
99,9
130,123
125,107
233,27
320,146
232,160
243,158,52
322,130
62,254
145,299
268,7
66,295,33
122,97,73
201,93
228,75
89,7
6,83
102,294,175
99,155,134
130,284
53,196
15,102
67,300
323,278
66,151
46,113
191,275
184,23
234,32,239
125,14
299,27
223,126
204,208
128,94
239,14,125
25,275
63,53
199,207
12,11
220,15,136
214,135,121
88,57,63
11,62
43,229
155,36,153
284,242,143
115,160,46
40,76
126,96,43
208,260
161,177
11,115
74,42
46,7
194,11,63
228,185
86,2
6,58,7
91,39
120,108
150,208
254,33
314,46
174,310
265,294
171,311
60,4,227
2,289,9
261,60
30,125,108
224,282
24,61,180
22,25
313,68
223,229,54
11,179,53
90,28,66
7,38
229,122,195
304,199
287,283
165,14
24,154
63,90
198,125
102,105
58,67,240
31,103,105
311,48,171
53,11,46
253,37
74,229
132,148,175
44,176,115,233
261,258
102,51
103,131
6,83,89
161,253
40,153
51,102
272,137
229,54
286,311,269
93,76
12,6
7,177
80,52
284,123,238
118,206,171
115,268,88
202,275
54,256
43,218
140,210
212,265,30
183,2
179,232
89,178
183,76,200
298,233
15,239
66,145
143,15
12,38,64
65,160,11,12
202,25
193,209,103,265
9,2
203,2
137,66
129,80
67,112,7
187,165,219
69,313
280,122
154,78,241,9,227
133,5
46,88
52,244
112,268
142,278
106,138
56,55,142
199,56,276
211,67,233
48,242
69,193
179,64
17,73
38,89
74,283
309,142
12,254,157
46,19
202,180,261
196,83
144,148
299,151,57
74,290,126
317,121
207,94,229
161,114
249,111
72,150
316,294
268,28
100,76,78
156,65
45,157,33
205,43,72
187,68
298,179
174,261
117,76
27,113
63,253
87,309
211,115,28
105,316
236,87,94
21,162
220,119,209
53,67
115,145
268,232
11,240
232,247
250,203
145,116
81,147
233,197,160
123,136
0,23,24
214,51
32,107,165
32,255,148
226,171
176,211
309,320
210,284
199,87
271,98
70,183
135,225
60,4
123,125
317,316,225,131
311,79
316,225
78,241,201
148,164
267,167,45
52,199
274,23
102,13
230,290
35,10
236,305,96
263,207
104,105
119,193,313
154,228
17,263
36,60
47,68
93,180
67,53
200,99
29,163
64,12
233,254
218,199,172
175,13
0,91,24
115,44
233,267
195,319
137,62
104,316
203,133,201
148,125,105
229,168
4,257,202
251,252
69,242,294,318
53,196,12
62,65
158,56,260
190,283
169,49
27,115
83,176,299
51,30
12,66
53,232,57
181,245
87,256
80,208
91,1
39,92,36
131,242
64,176
80,94
84,5,75
227,9
61,21
80,56,229
269,242
25,0,98
199,96
98,184,85
253,12,177
266,306
70,264,61
312,75
211,151,64
262,60
291,159
73,56
51,103
265,51,316
125,220
167,27
72,147
269,282
81,303,263
202,92
130,165
62,66
211,161
141,230
262,122
188,193,50
204,205
156,67
60,301
14,198
176,88
80,126
76,4
117,91
316,286
70,99
61,25,1,24
319,218
235,242
148,125
77,70,241
290,307,182
233,28
199,181
64,57
319,321,304,208
105,212
40,71
154,310,246
276,170,73
206,140
182,208,181
125,249,132,210
301,26
9,99,261
142,159
4,98
125,102
63,88
199,72
57,12
36,241
20,4
280,229
61,25,153,26
148,249
111,68
21,202,35
212,125
109,150
139,77
291,41
178,6
198,302,148
130,69
118,175
232,115
195,94
125,239
221,134
135,192,136
94,110
24,162
82,244
275,185
95,236
113,115
66,7
12,189,151
236,147
5,71
248,12
187,242,31
83,176
119,220
215,24
311,249,193
73,260,291
152,179,58
320,199
64,127
70,241
76,258
282,104
198,318,143
112,177
36,77,279
110,287,288,94
303,96,56,182
67,65
94,182,95
307,56,306
168,199
56,81
165,210
5,180
71,3
179,6
176,157
91,215
291,321
16,56,321
101,215,139
164,48
207,55,304
93,155,174
303,306
30,14
215,139,78
203,78
237,295
262,55,278
175,131
275,217,153
66,83
1,279,173
96,207,82
228,153
308,160,179
150,208
181,273
269,121,284
314,7
25,174
27,83,251
31,47
265,192
309,280
266,205
200,134,60
1,134
161,156,267
193,50
258,21
320,307,141,229
20,91
71,49
190,208
8,9
214,313
121,175,130
4,250,49,98
167,237
199,110
81,73
196,33
281,83
236,207
78,200,85
199,87
262,207,266
267,178,19
314,62
247,194
63,6,7
92,184,0
6,11
282,302,171
125,14,284,234
272,62
231,65
7,137
93,20
87,204,128,325
9,92
147,74
64,252,308
86,92
113,38
242,106
23,228
168,159
181,207,42
36,169
57,53
127,267,211
13,234,284
7,67,6
123,138
165,148
48,293
62,7
20,228
87,320
121,140
94,82
134,279
28,64
207,126
25,153,91
154,169
119,265
212,51
269,31
137,27,67
306,320,262
245,96
88,34,11,267,295
0,174
6,67,65
174,76,202
208,43
36,60
121,193
309,276
154,26,228
261,117
15,148
125,51
245,109
315,22
230,199,56
153,279
184,49
264,20,8
46,233
250,184,40
115,88,186
266,181,195
298,65
195,190
50,235
4,200
178,281
37,116,167
242,198,69
126,109
282,68,32
2,78
260,52
110,56
14,313,322
8,169
58,157
276,222,142
113,28,64
180,154,91
25,71
79,144
43,285,80
230,168
203,200
154,78
195,223
213,23,117
129,96,222
317,209,214,138
5,2
165,148,284
232,178,7
137,7
182,52
12,233
86,2
266,82
104,30
261,217
78,84
111,106,214
233,267,89
51,255
238,123
7,45,177
202,75
67,66,127
280,320,72
186,189
28,186,12
200,5
258,20,24
222,141
201,76
193,198
207,16
288,204
301,70
284,32,171
67,66
294,102
88,66
154,4
135,198
82,66,46,67
73,223
180,312
68,235,125
247,67
178,298
91,289,202
74,218
222,291
306,87
278,309
64,65,179
174,215,26
254,67,63
242,69,130
265,125,242
152,112,7
82,56
210,111
157,176
75,76,20
104,238
106,135
2,191,5
283,158
135,51,316
87,283
10,227
5,310
88,7
246,20
186,267,247
74,244,43
228,8
127,211,157
67,7
131,47
129,288
51,29
122,126
144,125
43,181
28,299
168,245
161,179,88
21,162
317,131,293
149,236,190
311,242,132
189,53,66
71,227
17,182
66,179,11
205,244
175,13
158,74
171,15
277,45,53
126,94
48,242,125
45,248,137
290,181
131,239
298,62
102,107
210,123,130
25,162,185
142,17
77,203
311,192
106,282
176,308
195,288
196,62
77,10
148,171
311,119,48
72,262,223
289,93,258,174
285,276
306,81,159
125,164
250,2,98
295,59
111,14
32,15,143
80,74
205,80
135,15
106,265
30,131,138
87,94
55,304
261,184
197,211
99,133
27,83
90,11
228,275
155,24,93
18,194
250,25
51,316
169,2
197,67
194,152
64,251,176,114
109,245
259,167
249,108,15
1,60,61
15,140
92,3,4
117,40,77
62,314
227,3
171,32
83,11,7
51,249
187,47
258,169,221
281,267
74,80
80,87,94
199,304,243
25,215
13,198
194,65,300
64,114
207,126,142
106,214
82,190
88,268
27,247,64
303,307,159
7,11
98,241
121,31,138,111
61,9
227,25
137,194
49,81
110,283,199
199,256
85,301,154
90,113,64
155,71
158,230
109,74
263,195
107,13
200,264
72,263
86,139,78
307,54
74,236
180,215
92,24,60
61,9
247,65
106,143
267,161,179
94,199
119,242
246,264
118,148
308,67
210,121,188
223,245
152,62,46
259,167
20,134
5,227,77
149,73
276,126,94
71,257
16,147
125,118
51,171
23,202,26
177,252
25,134,215,26
111,79
154,24
262,80,150
308,65
250,5
89,179
23,134
148,107
241,202
309,56,199
184,1
244,159
1,71
151,7,12
280,266
76,20,0
62,66
51,234
149,73
3,26,174
242,238
20,174,153
142,94,229
40,173,264
313,311,121
307,280
64,176
39,78
19,189
101,93,20
55,199
12,233,38
62,178,177
156,178
259,254,300
313,318
215,1
4,139
30,226
198,286
49,201,9
66,272,196
287,109,159
144,48
296,255,15
147,260
128,307
280,16
281,298,28
19,295
53,28
100,77
196,18
212,140
14,124
226,107
93,86
55,87
88,62,176
116,33
258,1
306,307,199
161,38
4,35
43,129
179,12
94,74
67,64
232,161,7
131,50
148,69
190,56
307,256,207
259,167,88
178,197,177
49,21
115,248,65
7,62,259
123,234,175
5,133
275,91
22,92
298,179
297,28
9,271
239,269
52,147
119,118
282,68,187
206,119
203,134
310,98
127,115,57
174,85
20,228
78,40
41,283
60,5
23,275
199,72
102,284,106,30
143,226
283,147
23,93
82,323
41,181
198,125
14,187
248,89,161
41,195,74
273,276
104,138
208,195
300,28
7,114
26,279
219,210,31
156,137
247,177,88
66,83
289,215
161,196,88
242,144,14
181,229,17
227,84,241
90,232
136,165,214
217,0
202,2
106,171
117,78
152,161
245,262,128
199,230,245
250,78
210,79,242
210,125,165
235,302,14
53,272
10,241
78,8
45,247
65,167
242,48
105,143
309,230
123,234,102
83,233,308,177
229,73
315,3
111,118
142,236
88,157,44
85,9,4,25
230,276
72,96
98,191
152,67
229,110,94,87
204,263,55
37,186
7,161
300,28
232,237
194,57
158,149
199,72
167,62
205,190
57,28
140,143
94,290
87,320
140,148,119,206
94,207,128
309,273
49,257
6,38
321,73,159
272,157,116
299,66
99,84,203
71,241,134
236,55,96
65,18
148,118
135,210
105,29
70,202
69,242
7,176,11
91,26
265,32
115,178
5,77,20
228,49,40
55,199
294,135,51,198
14,226
199,94
322,138
133,5,250
156,277
140,118
138,119,317
120,284
46,267
183,215
229,74
37,176
143,210,135,118
2,36
66,116
199,142
232,7,145
182,122
83,12
18,57
301,117,216
212,30,135
193,242
73,218
313,265
93,20
25,20
115,156
280,80,283
65,299
60,174,180,25
226,164,249
168,87,81,126
103,311,105
25,289
40,169,213
40,221
122,74
44,88,27
187,30
153,26,60
76,246
9,312
183,78,84
227,71
182,199
24,70
309,245
205,182
282,121
285,74,56
121,14
152,11,112
281,7
199,82
188,15,219
227,101
236,307
298,57,189,300
98,76,85
199,288
93,24,84
52,262
122,147
12,38
187,138
239,48
293,165
157,247
175,144
67,268
178,112,247
308,66
320,80
241,264
233,272
185,26
9,213
102,220
247,161
250,227
152,137,64
199,266,95
70,185
241,200
8,23
188,192,293
62,299
284,198
181,150
45,57,62,83
307,56
80,182
30,192
74,94,43
0,9
18,270,66
226,119,106
4,78
267,113
159,80
214,132,69
262,168
249,238
22,279
238,103
178,127
257,227
80,43
157,4
3,35,228
258,78
232,62,88
41,43
67,18
167,254,62
11,154,276
155,200
21,23
29,47,106
36,9
291,16,150
155,8,275
92,200
137,67
199,56,276
198,124
80,43
49,10
199,149,110
44,6
133,155
140,193,121
20,25,91
15,198
217,20
181,128
265,69,284
211,59
165,144,14
187,125
9,4
120,123
266,94
85,241,139
135,175,107
218,149
101,174
266,190
65,127
232,88,19
11,64
176,45,177
117,26,5
243,80
124,192
291,128,73
108,14
171,210
205,80
195,307
43,81
235,249,14,210
10,241,78
43,207,236
215,49,2
72,303
252,295
254,88,197
263,109,245
185,22
68,29,188
236,207,81
40,221,35
81,87
266,52
102,269
309,94
124,125
150,287
19,88
267,231
246,21
244,17
122,149
29,239,131
242,269
13,316
250,154
51,132,144
96,204
34,11,53
291,230
193,68
257,139
168,142,230
285,208,291
191,99
242,125
181,303
112,178
227,77
126,94,96
38,57
159,96,307
31,234
139,85
257,9
43,94,56
194,83
241,221,4
187,239
169,217,40
39,2
147,16,291
129,325,199
226,296
237,178
287,129
89,66
7,34,64
233,19
199,109,81
199,321
68,239
63,66
238,50,130
91,289
75,9
169,4,250
16,266,236
239,105,148
276,96
79,108,51
254,27,83
55,230
258,36
4,20
88,46
227,215,20
107,198
78,60
88,11
51,14,131
56,72
234,102
223,260
232,267
50,148
244,158
154,24
74,245,223
195,56
259,167,160
159,283
143,187
61,185
195,305,266
148,15
317,51
125,120
74,43
225,121,138,219
80,230
233,177,116,157
134,20
165,171,32
25,134,310
28,6
117,180
102,32
279,2,26
310,77
309,74
92,1
301,60
209,265
182,218
217,84,91,261
229,16,158
14,132
131,164
197,160
80,243
227,4
289,5,312
58,7,231,298
70,35,71
84,191
165,29,226
67,160
185,21
151,7
291,147
228,93
291,17
164,104
118,239
63,88
17,304,82
66,34
94,283
178,45,115
126,307,306
96,94
188,193
301,25
104,192,138
167,37
81,320
258,70
249,165
89,27
49,36
226,206
291,218,82
230,52
157,116
116,247
266,172,260,110
40,227
80,17
269,121,47
112,178,64
268,115,45
182,82
204,263
77,174
62,167,28
21,61
207,306
161,248,151
25,4
98,201
79,108
18,63
250,301
30,187
116,178
169,77,2
177,59,44
67,34
242,138
30,212
16,96
210,124
14,32,79
306,263
119,143
178,53
55,142
4,241
23,99
268,292
283,80
229,320
11,298,67
133,203
181,199,43
152,83
161,231
87,41
10,24
49,1
208,207
164,210
50,47
174,23
156,157
153,9
33,232
182,218,149
84,9
196,116
181,17
174,24,23
137,151,46
65,67,11
60,227
209,130
65,11
243,181
68,121,105
210,32,51
153,154
157,116
184,154,93
287,263
94,287
55,287,74,147
198,123,212
56,236
225,192
5,78,98,183
14,32,15
119,30,121
4,99,22
161,112,186
55,80
135,193
26,289
17,55
212,125,235
130,175
10,61
32,51
247,89
203,257
107,120,164,242
141,72,55
30,51
68,317,130
137,65
199,170
112,177
210,140
275,75
68,124
73,80,266
124,121
72,309,81
195,82
282,32
45,299
165,51
33,45
53,308
199,94
113,211
17,142
49,77,203,312
79,175,120
177,38,62,298
157,46
56,263
102,165,138
281,65
11,19
193,239,286
228,25
168,309
48,14
69,265
264,76
71,191
72,159
64,63,27
290,243
40,134
283,43,243
4,5
56,94
232,292
0,203,246
25,183
159,309
2,36
161,12
97,87
152,189
14,165,269
36,191
217,84
246,279
279,274
210,140
230,110,256
164,123
266,80,285
203,201,40
157,160,237
179,157
174,25
53,89,12
167,251
135,48
181,96
94,309
2,257
215,180,60
68,30
91,20
16,110,283
55,168
11,268
202,8,40
110,285,94
56,129,230
195,55
265,144,130
275,24
14,32
145,232
218,182
234,14
182,122
173,3
237,19
184,25
260,97,52
43,199
228,71
187,51,31
115,83
98,201
161,89
195,205
309,199
196,167
178,67
51,302
307,205
307,73
173,36
310,169,4
40,5,9
201,289
36,35
104,192
230,195
53,12
256,96
228,84,2
99,5
218,256
40,310
249,118
182,158
304,150,96,129
36,180
292,116,267,186
180,215
291,150
182,303,158
67,233
206,79
254,44
227,133
112,6
80,74,262
161,298,186
62,237,197
116,254
4,22,35
228,246
42,80
105,29,50
264,4
250,310
32,131,226
56,236
112,251,160
253,65
147,205,208
179,44,45
248,137,64
234,220
82,195,223
185,134
199,147,229
241,250
243,266
113,28
286,171,214,255
227,35,153,274
136,187
142,56
27,11
83,300
44,19,314
5,10
235,121,47
71,183,92
177,251,152
119,69
135,132
236,141
185,154
189,196,127
14,51
136,130,140
149,122,230
11,270
186,254
219,118,125
129,158
109,199
184,275
232,62
45,233
230,263
150,190,80
14,249
163,132
323,147
77,70,76
115,89,211
69,214
88,83
30,130,69
187,249,125,102
266,52,208
240,12,116
115,298
96,276
169,191
62,268
212,242
310,40
94,55
99,185
136,68,302
284,212
185,153
36,25
203,71
169,227
4,77
1,154
79,103
197,211
14,108
45,277
197,116
153,99
78,227
15,198
30,317
20,279
118,32
236,195,72
154,70,174
11,12,151,64
277,298,300,44
52,94
56,307
253,314,11
313,104
264,78
4,2,98
183,77
23,134,202
25,70
187,48
147,87,56
264,4
28,254,64
233,64,211,268
99,93
123,269
215,279,24
195,190
113,178,179
123,218
58,67
226,242
168,306
9,78
82,80
20,203,93
7,12
149,236
118,302
157,211
20,10
31,192
193,192,48
233,157
247,211
121,171
225,132
60,185
95,278
33,7
121,107
77,117
240,160
112,161
217,202,174
87,306
284,138
97,205
4,203
303,218
307,129
49,191
56,262
228,36
201,275,21
250,241
230,149
161,11
235,148,165
184,162,91
34,11,53
12,160
232,88
110,94,87,303
187,68
32,294
12,231
219,119
45,237
74,208,291
12,38
160,196,277
91,169
322,282
283,82
51,32,144
114,211
237,167,161
48,15
307,94
53,7,27
126,52
89,6,67,64
99,21
160,37
215,310
180,20,174
7,300
65,12,176,186
45,62
25,92
28,33
200,228
161,114
270,167
175,148,118
182,229
8,250
229,309
87,96
319,309,307
243,82,260
285,54
131,119
12,88,167
47,206,69
202,75
137,28
148,135
109,142
165,148
165,206
179,67,63
244,320
80,223
66,11
179,112
178,44
46,11
122,222
64,115
261,93
177,63
166,46
88,28
283,326,291
92,264
131,282,317,322
94,245
177,28
48,294,30,106
245,54
11,196
9,91,25
203,35
83,11
292,45,277
83,176
182,150,290
291,80
170,54
28,232
69,322,311
84,4
199,97
23,61,227
62,115,33
50,15
184,162
158,218
285,181
15,14
94,190
16,147,52
193,148
157,231,267
114,28
199,291
78,169
171,234
187,125
84,174
260,159,54
130,32
123,14
303,256
67,83,18
21,279
131,79
34,27,67
23,93
11,151
241,39
27,11
93,25,301
150,291,56
178,167
308,137,67
245,142
151,27
283,262,285
142,87,94
178,65
1,92
83,67
77,215
285,94
144,293
107,234,13
187,225
229,307
70,71,35,201
98,185
81,236,266
314,254
276,56
47,225
71,84,9
176,112
193,123
228,139,5
0,117
103,198
177,19
76,75
33,186
195,321,149
244,43
276,159
199,245
229,52
220,165
67,6
195,158
32,118,282
0,25,101
87,290
158,182,323
25,227
130,136,225
63,12,177
105,136
180,185
62,18,240
84,191,61
295,62
155,23
14,265
317,130,187
238,106,209
57,113
190,142,307
113,89
187,206
66,88
197,259,176
197,237
254,145,90
196,66,231
131,192
80,278,147,208
177,254,178
105,131
261,20,24
262,195
181,290
34,157
73,16
81,230
124,136
230,199,54
130,32
266,244
212,143
103,124
176,178
218,96
201,169,4
192,106
23,35
72,54
254,178,12
93,91
262,181
119,219
168,230
56,218
77,99,2
43,126
163,148
127,177
120,103
143,313
107,111
17,82
94,244,290
32,198
2,221,77
317,111
28,156
215,24
97,74
131,193
264,2,84
241,174
77,49
207,95,283
8,60,21
54,266,110
131,269,108
267,237,308
111,165
164,210,103
214,226,212
158,94
105,131
210,192,225
256,287
199,278,168
99,162
310,279
131,119
268,178,233
193,123
294,148,107,163
171,226
316,104
230,256
2,117
23,2
215,76
252,112
85,9,228
188,224,130
66,62,7,157
251,28
3,22
87,229
127,240,6
111,51
317,15
67,28,59
317,198,132
141,56
307,285
20,202,24
56,94,309
106,104
65,247,268
235,107
313,164
65,197,115
302,140
55,54
14,69,212
53,66
175,50
82,266
91,76,154
28,157
141,223
29,317
216,162
292,62,64
50,234
99,78
281,145
167,44
171,123,132
40,185
154,174,191
205,182,43
145,45
187,313
230,204
64,7
147,41
143,140
62,232
34,38
131,198
28,152
198,313
9,86
285,283,97
131,225
53,145
0,258,75
24,75
242,293,226
181,42
301,174
137,157
105,135,119
204,72
212,187
276,74
143,120
195,122,159
232,116,65
6,114
71,310
158,199
76,227
204,236
200,201,134
24,169
204,207,236
104,187
119,187
51,14,104
139,84,35
106,193,31
173,3
143,188
134,227,117,21
279,0
227,241
122,182
266,42
187,192
92,20
279,24
65,28
151,66,65
119,135,242
65,232
66,137,189
188,164
11,67,38
291,150
242,311,187
40,184,91
7,252
207,170
292,151
40,2
60,23
51,249,118
178,233
78,246,5
87,285
300,89
276,72
113,251
30,105,225,119
185,24,215
199,55
31,282,13
3,1
50,30
190,87
283,126
280,126,80
196,67
211,156,33
123,192
264,117
238,119
6,113
261,71
6,160
94,181
143,106
253,251
303,149
74,73
43,159,199
94,54,96,303
295,88,177
134,70
122,54
164,225
99,2
178,45
269,165
269,119,123
60,4
94,159,229
188,15,210
83,90
230,55,207
314,45
114,240,7
7,127
56,52
200,36
266,245
25,180
88,18
238,302
30,242
94,128
82,122,291,208
115,33
149,122
43,205
131,132,322
47,119
188,68
126,158
35,10
188,106
135,265
88,178,176
13,105
9,3
257,227
180,101
122,262
240,300
123,131
184,5
108,317
167,160,232
36,2
238,193
40,250
17,309
122,244
175,220
239,32,225
43,110
39,5
109,290
25,1,246
69,148
229,287,199
98,203
283,43
217,22
9,117
57,137,28
68,209,69
156,37
189,67,6
17,43,223
115,33,53
260,291,142
24,20
210,212
123,187
252,247
237,88
65,157
138,15
313,104,225
78,180
97,168
120,15,165
321,16
214,165
110,207
78,71
264,20,134
135,165
94,96
90,197
126,218
52,158
218,94,150
317,119
288,276
33,116
61,279
62,178,33
195,150,309
198,132,163
172,199
238,175
200,25
16,305
239,124
5,227,173
144,148
93,241
83,57,28,194
253,137,53
308,45,53
127,137,298
19,63,59
299,252
37,57
225,293,269
60,184
268,115
142,230
220,29
167,251,19
14,163,214
83,89
259,116
236,256
210,111
68,121
303,150
215,154,40
127,178
148,143,163
63,6
10,227
283,147,223
226,119
236,56
230,94
91,279
257,250,4
289,2,264
102,192
177,232,156
203,154,70,26
28,67
9,250,173
281,44
56,141
61,91
87,320
256,320,126
219,120,249
41,109
306,126,283
21,215
111,226
135,313
36,10
204,280
227,75
187,15
210,48
14,119
178,53,189
155,1
69,30
303,229
130,68,187
118,107
202,9
125,102,118
215,246
94,199
103,119
172,266
65,247
82,195
123,187,130
284,69
258,184,25
147,205
205,181
32,284
309,52
28,176
182,266
14,13
198,226
139,9
287,236
56,236
251,46
126,16
63,115,45
169,35
163,143
215,21
10,2
223,195
78,36,117
219,14,121
77,91,21
151,59
74,150
159,218
134,10,169,203
66,231
306,73
283,319,276
40,92,154,203
28,252
22,173
45,268
44,89
106,50
206,32
267,65,44
198,123
141,126
275,246
228,92
70,227
242,107
264,9
87,74
79,163
198,82,290
307,72
242,68,103
158,97
202,75,21
264,183
66,308
19,63,37
36,173
311,138
78,23
95,181
19,178,33
198,103
115,67
229,80
126,43
95,229,110
43,52
98,78,117
142,207,168
233,248,252
288,319
22,77
71,202
275,91
310,228,20
25,185
232,83,268
183,250
199,80
299,28
174,184
198,311
187,225,130
103,130,48
222,74
6,114
321,142
116,157
69,105,50
230,168
313,163
80,159
12,161,7,151
145,7,178
91,0,275
227,201
28,66
193,30
170,128
129,244
264,1
150,229
82,126
165,132
114,53
49,40
317,123
91,98
19,11
220,206
199,109,229
259,19,33
130,79
77,25
182,181
66,299
113,12,270
18,232,160
165,175
69,265,47
199,109
1,202
162,61
242,164,47
205,199,266
19,64
236,207,288,56,199
251,259
139,133
122,306
87,307
40,133
94,309
246,91
121,143
273,82,190
87,236
52,182
241,78
86,84
85,246
267,67
18,267
177,46,179
195,190
65,157
227,2,117
88,18,267
173,162
238,119
312,20,117
83,179
311,32
258,26,21
153,201,133
62,44
128,43,55,223
196,112
112,65,194
121,210,50
36,25
16,126
63,66
66,247
236,54,110
218,96
61,139,154
227,250,5
65,114
311,209
67,44
121,136
16,309,208
55,74
17,80,43
80,304
267,197
291,158
188,48,238,123
62,127
137,116,7
206,212
148,238,130
34,156
276,128
95,80,291
262,41,195
36,301
83,66,12
234,226
172,80
203,84
82,56,181
147,222
164,31
267,11
165,102
173,203,169
13,104
195,290
119,69,163
313,171
13,317,111
145,254
261,8,21,24
147,199,109
148,234
140,294
84,78,40
86,153
85,227
39,301
93,78,60
2,71
28,65,161
52,97
51,121,242
183,6
241,275
123,124
40,35,2
230,278
279,215
89,196,272
147,128,87
88,145,247
49,70,40
263,43,147
7,6
61,241
279,23
191,153
159,236
158,319
113,28
80,204,303
210,192
11,66
155,246,92
165,225
227,70
4,173
6,66
60,99
168,72,199,109
258,23
62,240
62,53
14,135
283,129
40,76,85
40,279,71
65,232
159,81
105,118
4,301
245,126
176,115
129,230,199
107,125
266,182
46,177
277,178,267
75,23,250
285,229
2,78
283,17
5,203,2,36
70,35
279,93
3,134,202
89,66
246,185
118,105
166,19
128,81,229
203,202
145,211
62,247
66,7
207,94
67,194,53
198,226,14
196,247
17,80
31,51,165
94,126
50,79
91,25,139,310
67,88
197,156
42,168
106,318
15,32,255
236,55
120,79
204,236
121,107
287,96
298,161,28
176,267
137,308
210,226
255,14
39,250
1,246
254,45,197
48,220
282,187,105
265,47
10,0,85
85,93,78
144,48
96,207
207,263
79,105
2,203
205,147,150
131,68
182,147,43
184,91,228,174
241,2
4,117
92,76
158,283,17
226,32,249
217,91
270,67,65
106,265
307,74
236,245
36,0
116,166,18
55,218
91,61
172,72
4,85
123,144,68
288,72,109
133,71
53,137
253,38,157
199,230,245
285,96
81,229
181,74
200,139
7,127
98,5
259,116
22,60
67,211
209,242,238
171,118,212
19,178
196,27
295,292
51,313
109,278
142,17
124,242
80,303,159
91,35
131,105,188
93,49,202,174
266,218
320,207,147
261,289,25
268,232,161
62,178,88
10,250
169,1,117
227,61
150,195,149
291,52
202,99
304,276,96
306,42
75,25,0
133,5
55,109
288,149
204,276
211,62,19
106,13
212,238
104,225,47
284,102
2,250,4,35
258,75,250
268,115
137,259
7,233,38
164,317
91,184
63,7
183,228
212,209,144
32,14
61,9
15,107
290,43
197,137
77,10,4
64,19
47,123
115,178,116
289,92
238,265,31,50
23,180
170,263
4,134
232,252
16,305,82
291,218
35,23
138,14,69
227,78,24
68,148
298,178
253,27,64
197,259,176
40,275
118,32
107,51
225,317
68,135
89,53
223,43
304,142
178,62
68,47
206,107
79,294
135,198,69
207,273
51,148
14,104
285,43
138,31
153,228,134
165,14
148,140
315,71
26,258,75,23
52,306
84,61,77
269,140,105
259,268,232
159,52
151,272
59,137
232,65,297
69,148
123,293
197,89,298
73,172
144,219
32,118,68
264,228,200
229,244
316,51
264,21
54,304
287,147
275,228
306,52
152,177
19,232,267
250,301
307,110
88,186
205,260
167,177
70,275
268,12
303,236
89,6,308
6,64
271,26
318,210
131,313
192,148
320,74
123,68
179,152,59
32,121
276,94,81
121,107
227,100
215,61
23,8
7,67
143,32,124
52,256
199,142
202,169,153
278,245
126,287
313,31
247,37,268,178
281,254
27,83
8,20
134,78
239,209,225
276,168,245
212,198
171,119
109,172
118,102
285,74
211,88
111,143
26,70,93
75,10
88,211
201,191
39,250,275
95,276
212,234
233,59,115
96,290
51,140,144
160,58,295
33,64
62,178
259,12
125,294
182,307
173,49
16,260
46,268
15,123
141,199
52,223
227,185
289,310,185
178,197
102,32,79
203,139
276,95
5,36
229,276
134,1,183
284,123,313
13,144
316,132
79,14,125
111,188,14
45,298
196,88,157
196,194
52,172
173,84
179,67
83,237
80,126
37,18,267
255,198
53,233,62
254,46
153,25
54,323
173,5,78
318,249,140
11,63,34
71,185
273,199
56,147,172
114,65
74,244
237,65
129,182,87,82
215,10,258
168,291
56,181,199
197,67
112,178,65
74,199
132,143,119,210
295,44
52,122
157,37
268,196,45
130,206,311
226,51,125
117,301
12,11
163,32
25,184
179,259
62,19
202,184
74,17
119,130
83,62
147,97
287,110
120,102
242,79,226
220,235
248,66
144,125
235,193
222,149
158,126,195
21,25
61,4
5,9,201
194,18
206,51
294,171,102
187,148
161,270
257,133
142,129
133,153
311,193,48
266,126
200,201
200,9
133,117
232,83
142,230
4,227,91
66,27
31,316
246,60
142,168
45,57
173,184
123,68
106,311
47,103,130
1,20,217
110,223
282,317,318
60,215,185
267,254,62
264,0
112,53,161
95,309
93,133
217,60
219,51
107,14,282,242
186,254,176
96,236
306,128
264,70
34,156
182,243
243,95
44,7,248
78,154
290,170
225,104
225,317
83,58
115,116,281,28
120,140
143,187
236,94
130,105,131
169,227
236,288,72
265,108,143
198,131,193
135,219,140
117,71,153
64,63,254
51,294
80,218
33,167
201,1,241,23
2,279
154,9
246,91,20
306,142
85,264
164,69
265,14
237,233,7
279,1
91,155
76,203
111,322,265
251,152
121,14,238
281,268
41,182
22,75
83,300,281
73,218
143,187,265
293,47
193,15
102,135
9,241
207,168
31,131,29
134,258
85,310,241
257,4
14,198
207,256
158,43,288
34,53,28
41,182
229,266
240,259,66
117,70,301
316,302,212
70,241
150,52
169,257
235,68
80,129,87
186,237,127
287,43
118,14
76,117
156,167,6
8,61,215,75
302,132
8,1
17,288
80,181
266,236,199,74
109,207
218,74
60,261
65,64
25,3
194,196
137,145
32,318
80,82
144,32
63,83
17,283
246,139
198,144,235
141,96,158
134,184
65,90
38,196,248,113
199,43
38,45
241,5
201,275
154,153
29,105
168,82,207,122
61,139
154,70
158,97
291,287,195
91,279
309,262,142
215,20
2,49,84
228,134
195,321
33,115
210,32
95,320,287
290,80
40,71
79,212,125
276,80
131,144
12,114
30,106,238
245,129
156,18
243,168
46,67
19,66
51,163
23,71
289,217
220,102
10,154
232,112
48,212
298,259
157,167
265,164
281,46,268
6,90,59
74,218
283,319
302,148
241,9,275
208,122
88,62,114,28
79,132
259,66
98,203
285,126,150,52
258,71,93
81,199
67,63
275,217,155
134,24
178,179
88,176,89
174,35,84
136,164
310,91
0,26
182,283,74
317,238
43,41
238,171
315,40,4
245,236
30,193,130
126,122,96
91,0
14,13
242,138
82,147
117,36
8,154,4
276,96,199
266,199
64,19
51,102
9,4
161,197
82,17
60,77
268,145
0,246
19,161
257,35,4
234,220
96,182
82,126,54
48,118
260,82,147
199,95
243,182
283,52
261,279
30,165,102
72,260
48,238,119
205,56,158
32,198,212
18,7,58
135,148
105,124,322
94,16
32,48
92,20
52,81
156,46
105,242,313
175,164,103
175,15
158,122
127,63
230,195
91,169
283,128
167,157
12,67
241,71
78,279
254,66,300
27,152
249,102,107
258,8
60,22
105,106
63,116,247
203,35,10
1,0,217
181,54,74
130,188
9,227,61
258,275
13,219
226,111,206
161,240
144,235,226
89,64,66,6
153,61
99,36,169
157,46
121,293,108
196,19,28
289,4,228
185,23
11,83
1,20,154
267,18,38,115
143,234,187
175,103
140,302
97,199
177,298
293,210
317,234
191,77
122,321,126
246,93
279,1
123,15
233,11
168,126
99,174
70,10
286,111,171
194,6
203,40
92,76,174
28,7
105,163,111,119
15,135,14
118,238
156,211
276,199,142
7,27,45
97,244,230
279,24
244,290
15,302
142,56,236
176,299
17,94
256,122
36,25,227
168,17
126,149
174,200
82,283
74,82
81,80,147
77,155
100,264
119,214
185,202
60,91
218,236,190,199
161,58
282,226
62,88
282,138,103
89,167
92,21
289,246,1,228
126,55
238,30
66,166
197,161,253
211,66,6
106,111
282,103,121
234,135,102
64,277,178
96,266,236
174,162
142,158
312,139,77,246
59,67
30,111
20,70
111,118
9,271
147,207
182,52,291
226,131,265
89,259,6
129,276
184,202,91
112,232,267
236,283
119,69,118
134,154,279
0,70,71
16,172
287,56
103,187
41,182
232,12
77,246
53,127
30,164
215,275
123,130
115,232
73,52
103,239,318
148,210
125,242,144
176,115
64,34
233,65
32,140
185,221
3,185
138,121,30
127,6
64,161
179,145,270
95,199,236
208,126,97
317,282,164
195,273
178,19,176
310,39
60,26
178,248
142,56,288
221,315,49
6,112
176,247
58,177
24,174,185
267,112
24,184
112,67
263,109,262
41,182
115,116
124,30
82,168
43,266
291,218
13,30
32,235
202,91
114,308
276,73
317,48
78,257,153
144,175
19,115
283,81
103,238
79,140
195,222,218,43
113,57,58
190,52
148,249
276,263
124,238
105,269
44,298
265,48
67,147,40
129,309,81
110,87
275,85,71
81,283
71,133
244,147,172
232,251
53,57
317,242
145,88
229,207,141
123,192,130
204,110,54,94
320,72
70,200,36
110,307
97,208,244
157,298
117,133
114,115
48,148
147,80,195
60,84
286,219
251,6
122,199
294,123,14
153,174
186,38
188,105
251,247,232,186
199,87,159
45,194
227,99
246,134
255,104
19,115
318,69
38,57
168,56,290,199
200,71,241,2
313,124
31,206
53,196
153,275
322,269,188
136,318,313
44,114,232
139,10
174,215
150,195
15,51,135
79,14
199,306,126
258,100,227
262,208
45,248,33
104,235
95,109
49,71
215,78
2,117
88,65
234,143
56,229
219,118
83,67
53,112
174,139
58,59,67
199,80
25,5
270,45
161,253,57
20,24,21
9,203,77
255,226
241,169
308,179
232,299,211
199,307
71,173
78,10,39
257,183,201
199,95
24,261
211,62
146,195
216,24
115,248
87,236,229
268,53
294,13
195,142
122,319
148,136
251,64
110,126
241,9
26,85,185
304,287
7,161,194
147,42
314,58
84,77
247,64
72,195
48,269
171,282
91,227
53,6
226,214,125
297,11
178,62
39,117
47,175
5,36
301,289,78
40,75
309,236
137,53
106,131
99,22
184,215
231,89
141,55
2,139
11,89
67,178,12
14,234,175
40,25
154,76,251
182,129
242,175,14
292,89,270
244,52,43
248,7
234,148
176,18
155,92
47,68
321,195
236,129
92,221
226,198
244,263,96
200,86
7,67
11,12
45,114,28
160,37
128,304
134,153
40,201
132,198
83,270
21,91
99,117
120,188
228,23
265,242,136
67,11
66,53
288,276
137,12,127
186,113,116
62,115
205,256,96
157,233
67,57
23,26
244,74
82,54,199
239,225
187,103
83,90
203,134
52,16
94,199
223,195
302,15
206,130
249,15,175
5,250,227
279,60,275,162
314,247,46
91,40,71
135,286
