8 140 144
132 268
268 284 287
48 202 213
49 270
50 66 282
111 206 296
30 180 185
62 74 124
30 78 174
240 265 283
214 241 256
55 244 260
178 260 265
71 170 172
123 244 283
81 166 276
59 125 182
11 149 201
74 148 293
0 270
33 202 207
126 134 291
160 222
24 26 166
30 131 185
27 107
148 168
65 100 178
107 178 185
144 279 302
21 148 168
224 244 285
31 35 36
48 166
139 284
254 271
20 21 39
141 204 271
157 158 313
199 214 295
8 83 175
135 204 286
21 48 166
48 74 270
138 180 219
83 160
198 254 256
121 235 263
60 145 168
48 183 213
97 158 172
82 121 126
60 208 224
48 58
10 144 304
92 101
63 113 126
121 231 265
8 284 286
144 165 257
93 107 121
59 147 183
139 141 292
88 103 215
88 204 267
27 120
71 172 194
60 126 276
31 60 106
11 112
81 126 301
131 177
102 140 298
160 190 209
79 80 130
222 295
42 55 244
141 201 279
37 100 113
69 134 174
12 93 107
202 207 293
34 281
39 92 108
135 201 257
141 204 284
65 160 178
17 111 294
71 79 151
10 111 248
133 223
37 286
171 176 291
147 198 206
227 248 297
236 240 251
48 72 173
154 282
212 241 254
76 78 100
83 138 197
81 110 185
132 135 144
37 160 285
207 293
82 123 185
204 290 298
147 160 301
37 107 129
56 76 174
88 204 280
8 140 291
66 145 200
204 267 314
207 254 255
81 121 236
113 148 166
81 107 301
121 224 238
141 284 290
131 190
71 102 148
23 167 168
32 93 121
81 82 244
8 59 302
1 80
53 179 186
102 142 320
48 50 168
45 228 294
93 115 116
78 83 185
149 279 286
41 106 134
48 72 186
48 53 173
108 179
27 90 178
133 162 223
214 309
8 272 302
107 258 261
8 10 302
215 242 248
64 75 120
1 24 154
291 300
34 147 206
52 173 179
59 66 99
78 162 185
81 137 301
165 271 290
147 255
33 253 255
16 116 129
119 282 313
59 179
104 242 292
85 91 126
27 41 178
15 77 113
3 247
58 183
10 201 275
61 188
35 180 219
132 279 286
126 317
143 144 284
231 244 246
92 147 158
4 215 305
149 225 292
146 214 253
74 102 270
15 28 113
38 142 153
53 72 73
95 155 158
81 260 263
21 70 193
77 83 137
22 67 155
16 60 126
3 15 75
213 295 325
11 17 111
100 219 232
55 106 126
267 271 302
11 228 294
88 215 280
14 55 283
0 70
141 177 298
31 93 107
21 80 322
271 304
104 204 279
147 243 325
57 97 192
104 223 292
132 225 292
107 177 285
81 134 245
63 74 106
55 57 126
14 134 283
77 209
124 179 186
146 202 256
176 188
89 104 248
66 230 270
204 264 271
59 61 118
59 102 119
141 144 242
130 158 183
167 168 269
149 206 292
202 325
201 271 286
226 253 255
95 199
54 91 93
50 145 159
109 134
203 309 310
141 315
143 204 284
260 266
135 267 290
242 243 250
135 165 279
24 98 148
52 59 147
42 309
111 112 218
198 202 310
50 92 269
123 134 224
135 271
202 206 309
9 132
24 73 320
48 170 195
72 179 186
49 230 270
35 40
82 126 162
17 59 227
63 115 120
59 169 186
204 263
171 315
286 290 302
10 140 291
202 214 254
125 173 186
74 153
19 217
170 183 198
243 252 256
123 265 276
37 84 90
48 183 255
8 238 276
70 206 325
143 284 290
10 59 302
62 74 179
183 243 284
132 297 302
228 294 297
165 217 322
33 202 262
147 206 247
140 267 298
61 66 99
77 106 231
97 125 158
54 110 240
48 213 255
35 253 255
76 121 162
20 21 94
171 267 286
125 212
111 227 302
11 218 248
103 104 242
83 215
69 280
123 126 174
60 231
55 265 266
86 123 134
86 109 236
44 223
118 172
60 231 263
217 289 302
26 124 188
76 175
50 52 186
66 125 179
53 66 230
121 162 220
81 122 237
54 82 235
173 229
85 100 160
112 227 248
106 114 120
131 232
16 100 106
4 83 215
48 172 230
13 231 244
34 212 293
135 141 298
87 238 239
144 165 204
22 119 145
50 280
114 236 244
105 216
9 279
55 81 162
74 214 247
99 172
81 121 170
21 50 51
46 96 301
30 301
54 86 246
11 59
57 175
117 226
81 110 240
115 116
41 178 237
36 107 160
50 172
20 92 108
8 175
279 280 290
14 42 265
74 114 201
21 50 172
167 168
212 253 255
139 291 304
213 310 325
36 40 106
271 280 300
19 59 227
87 175
20 48 186
24 99 173
122 123 134
105 229
28 110 236
191 232
51 155 156
146 198 243
121 191 237
284 292 295
80 148 168
115 129
6 36 93
26 52 274
147 310
165 201 286
36 93 238
21 70 127
15 137 219
144 264 280
242 248 286
10 275 279
214 215 297
11 17 45
4 89 248
17 228 250
122 263 265
95 164 326
172 183 319
75 178
54 81 265
186 194
106 120 126
103 149 216
206 211 249
1 148
196 242 248
207 253
179 184 186
21 170 186
3 16 126
76 126 185
206 213 295
10 141 171
174 185 301
1 102 142
123 134 266
224 231 265
33 34 249
36 76 126
76 180 192
236 237 263
8 225 258
21 80 148
26 102 108
6 36 106
23 118 172
143 165 290
67 71
81 185 265
267 280 298
140 271 284
279 302 304
37 41 85
13 244 266
73 92 320
75 191
71 125 176
26 53 108
28 65 75
59 61 173
253 255 293
176 179 291
60 82 263
23 145 167
26 154
76 107 185
212 213 293
10 50 66
8 171 264
89 196 242
144 146
89 210
106 162 220
36 57 126
5 216
151 270
170 320
134 260 311
201 257 298
50 71 157
141 262
216 268 291
8 201 264
69 93
144 279 291
48 68 94
144 298 304
257 284 298
21 148 157
255 256
147 284 286
6 47 69
146 147 250
20 93
35 65 138
12 34 213
101 130 148
206 212 325
148 278
135 140 290
5 229
74 106 177
48 49 202
286 292 295
257 279 304
198 310 325
208 265
141 275
19 133 242
107 125 176
144 280
63 113 115
103 104 297
143 284
51 94 269
59 125 184
13 123 231
106 129 177
8 140 267
243 293 325
72 193 273
144 279 304
71 152
93 100 107
77 106 178
98 161 176
70 71 168
48 168
20 21 270
139 286
298 302 304
160 180 190
171 275
201 267 302
135 264 302
21 48 168
157 163 164
139 289 300
111 271 292
191 192 232
99 106
118 119
215 280 287
102 107 231
198 203 212
87 134 237
87 175 238
103 225
76 100 107
21 71 273
83 113 129
78 168
76 77 160
138 219
34 146 253
216 271 292
10 69 132
91 107
33 202 222
8 140 280
23 50 161
13 224
25 278
261 289
8 112 218
55 56 160
112 166
60 96 106
50 170 246
22 161 318
175 180 232
254 286
162 180 220
216 225 297
4 111
145 168 274
20 39 71
124 176
55 81 109
36 63
108 168
3 115
23 50 282
123 126 134
13 134 231
65 93 126
23 168 274
8 10 291
36 91 126
17 89 133
13 55 86
207 295
144 165 272
31 69
171 264 298
31 64 92
77 185
80 190
4 254 286
12 292 295
286 295
74 79 127
82 121 262
60 77 106
76 83 301
88 104 280
59 79 148
117 170 184
30 177 265
71 206 207
104 196 286
207 247 254
193 252
36 121 126
279 292
206 248 250
71 169 325
5 221 261
34 214 262
40 69 106
28 85 126
12 17 248
267 271 291
52 249
143 144 165
8 10 304
147 222 255
24 187
170 241
63 115
214 222 247
69 82 120
134 238 244
50 183 319
62 145 274
206 243 293
119 195
104 242 294
48 163 168
8 204 291
57 69 82
121 170 246
134 237 285
146 262 296
135 139
198 207 293
140 254
16 90 115
267 295
143 144 286
125 170 187
10 144
8 257 302
59 167 274
132 135 280
49 72
50 118 274
114 201
10 171 290
21 70 195
55 236 238
158 244
135 143 280
8 74 302
16 183 198
94 119 274
14 55 285
146 206 256
140 201 280
143 257 284
177 195 234
59 74 167
213 247 286
103 149 284
59 151 158
42 107 260
46 106 107
86 237 276
16 36 121
144 201
8 143 257
146 243 296
102 204
19 206
10 217 234
149 289 292
52 61 74
43 88 133
121 185 244
137 198
82 262
123 263
19 227 242
16 64 75
143 204 286
202 226 253
48 117 186
26 101
139 216 268
278 322
206 254 256
190 209
28 147
8 127 141
57 85 160
19 44 242
14 237 238
21 130 158
226 309 310
206 256 302
32 37
8 57 82
103 149 297
132 289 292
95 322
255 311
46 87 107
62 145
46 106 120
50 145 282
7 209
139 144 284
26 71 166
226 253
55 82 134
3 35 126
286 290 304
35 54 71
229 258
54 106 231
130 158 198
107 123 185
206 302 310
50 94 172
65 84 106
51 230 249
264 291 298
42 134 231
81 263 266
133 149 258
41 90 100
257 286 291
150 156 274
42 131 162
34 280 295
121 162 209
202 247 325
144 242 292
21 127 166
117 169 200
54 82 224
10 112 315
143 279 298
62 70 183
137 198 320
22 118 313
118 282
52 74 147
71 207
93 100 162
140 143 264
54 237 283
146 247 256
78 100 220
166 215
103 292 295
180 198 232
12 87 107
74 101 130
23 50 95
247 325
48 49 270
214 280 281
17 18 295
30 175 177
10 302 304
71 99
213 222 309
76 177
62 279
23 71 154
8 59 225
223 248 292
23 161 313
48 176 230
93 107 178
22 23 318
21 108 166
69 174
17 215 287
37 107 173
215 228
275 279
107 113 126
50 58 124
7 90 100
217 262 322
233 282
145 169
48 79 270
145 161 168
202 262 286
81 110 121
34 212 295
29 82 126
111 292
10 204 267
4 166
105 218
124 231
206 248 292
17 105
48 72 230
289 298
50 158 183
88 149 280
198 207 214
199 202 247
35 37 93
52 62
86 134 244
123 185 244
57 177
76 190
50 74 189
69 162 185
80 148 157
43 242
87 285
34 243 254
14 122 260
27 220 224
171 204 302
50 62 71
43 133 228
78 83 121
135 143 201
182 293
214 215 286
279 280 292
8 10 238
48 222 295
37 255 286
171 257 313
81 82 301
87 177
40 65
10 204 280
3 16 115
48 53 230
59 72 200
16 35 113
10 264 267
54 134 238
82 174 301
141 144 165
218 289 297
64 107 129
80 106 173
207 214 253
15 107 113
16 28 110
10 257 264
79 119 168
59 172 259
56 134 185
48 71 176
88 215 216
40 46 69
141 144 286
16 81 121
226 254 295
141 177 234
238 276 301
101 317
216 304
29 76 78
104 149 279
100 129
100 137 220
36 55 69
135 315
15 35 65
52 117 169
121 188
80 150
102 257 313
54 134 251
280 289 300
109 251 285
34 202 212
109 122 134
10 320
51 92
48 147 255
110 244 276
271 291 302
147 325
59 151 213
143 264 271
146 213 243
197 221 235
83 137 220
50 51 167
235 251 260
28 81
279 286 298
12 258
231 237 276
36 55 82
212 213 295
138 180 197
206 226 249
74 318
135 140 279
201 280 284
8 291 304
16 180 197
0 153 320
16 84
71 94 168
29 57 162
52 170 193
54 77 107
7 35
38 39 108
162 323
17 88 204
280 315
59 74 127
86 246 285
21 320
24 102 152
141 201 257
111 211 294
48 157
139 275
254 262
20 95
39 108
8 171 279
70 212
37 77 107
171 264
206 295 325
206 207 212
201 286 304
107 174 178
143 165
17 19 225
21 39 108
34 255 293
50 94 119
131 160 185
217 234 302
74 150 222
24 70 92
16 97
81 226
82 231 285
143 171 298
163 164 168
48 49
20 21 151
166 270
97 170
34 146 242
26 148 188
53 230 274
72 125 141
93 126 162
157 163 274
70 92 108
143 286
201 264
50 95
8 98
12 17 103
159 267
74 114 124
50 168 189
71 154
30 175 232
28 81 276
86 106 224
257 264 304
48 170
34 243 296
204 279 302
76 77 270
17 245 285
201 267 304
21 48 170
147 226 296
27 60 85
302 309 310
99 176 187
75 123 126
213 222 256
117 162
135 298 302
103 227
122 240
249 281
15 114
53 66 179
16 75 106
59 157
51 158 269
4 221
34 146 255
143 299
53 73 74
22 94 145
70 71 183
59 71 313
34 212 242
59 117 200
10 143 204
20 39 73
71 172 319
40 47 107
16 37 120
36 87 238
57 82 185
63 114 301
98 125
157 269 282
106 245
126 166 317
206 262 295
147 160 305
8 204 280
50 186 313
106 137 258
124 198 214
102 287 298
75 114
28 219 236
38 232
125 170 176
20 80 168
8 257 291
16 17 299
21 172 195
8 177 298
89 133
237 238 276
206 292 295
35 106 116
107 187
112 302
16 78 107
23 51 118
67 167 168
45 248
23 95 161
144 171 267
58 187
29 97 192
165 264 291
176 179
121 243
135 141
198 207 295
179 184
46 69
28 64 311
37 64 126
23 95 282
76 126 134
11 59 112
30 102 106
72 73 74
116 249
55 235 244
33 241 262
52 264
0 74
253 254
59 61 230
81 86 87
134 263 316
143 257 286
10 267
48 170 186
76 177 301
216 217 289
183 195
66 67 95
112 242 292
141 198
36 160 190
72 98
144 171 280
43 227 294
119 164 274
37 77
15 16 120
55 87 238
8 248 312
140 279 286
133 217 297
149 216 304
101 102 130
14 93
79 102 124
107 123 174
139 242 286
183 316
43 44 294
71 168 172
50 71 214
198 222 256
7 140 257
135 275
51 94 313
47 162
107 160 177
93 278
137 138 258
62 70 172
140 286 302
217 218 228
77 78 160
138 178 219
81 93 224
190 209 219
139 144 286
37 90
134 176 266
76 77 83
23 155
173 176 187
146 262
165 275
64 224 263
159 201
118 163
238 265
16 174 191
135 290 291
208 322
34 206
26 39 71
14 82 231
10 177 298
92 147
6 107
9 149
183 204 296
14 227
107 160 190
74 278
124 176 255
107 113 115
215 217
214 253 325
121 180 265
71 72 73
145 158
140 267 302
122 240 283
236 276
233 253 295
51 156 157
71 80 193
131 162 178
103 292 297
23 168
83 219
254 262 325
20 130 270
36 107
23 50 326
37 153 170
16 165
177 208 322
48 117
111 217 234
8 59 227
16 63 107
79 101 127
43 133 217
55 260 276
37 65 178
87 245 246
85 120
46 63 236
268 292 304
271 280 291
16 100 110
84 100 220
135 141 302
35 60 106
157 167 168
206 207 293
125 154 166
31 69 106
12 17 292
115 120
243 295 296
80 106 162
9 216 248
238 265 276
59 225
35 178 219
33 206 226
35 71 93
174 175
171 204 304
74 225 302
121 244 276
10 160 320
48 72 124
59 119 156
8 121 300
8 74 225
16 197 285
5 17 138
61 176 230
71 125 154
56 134 174
16 81 110
271 280 304
255 267 275
140 165 280
76 83 129
93 113 129
125 186 212
54 231
147 243 250
175 178 192
243 284 295
206 213 286
77 134
8 300
17 242 297
89 294 297
54 236 251
16 35 115
54 134 240
35 138 160
37 76 178
98 193
47 84 107
60 63 120
169 184 230
218 228 289
143 201 204
265 266 276
238 246 276
207 214 255
89 111 297
146 158 296
165 201 290
11 45 111
241 256 262
69 107 126
52 108 230
55 224 285
299 304
165 280 290
215 227 305
170 193 195
37 106 178
48 117 230
193 322
76 107 176
52 59 193
21 193 322
97 170 257
162 191
48 124 125
140 141 286
79 193
147 222 325
47 65 107
149 234 292
244 260
271 291 304
71 94 157
35 86
21 79 193
16 69 126
123 231 324
147 301 325
8 111 133
132 216 302
204 309
70 80
267 280 302
0 21
20 176 186
280 304
88 242 297
95 161 274
140 171 286
103 216 223
16 298 299
77 185 220
213 250
162 204
74 320
148 269
212 247 295
118 269 274
222 262 325
59 148 186
107 114 301
44 242 250
48 59 157
153 320
70 322
144 286 298
7 140 204
10 195 286
10 217 304
201 275 292
165 302 304
27 100
151 166
94 157 168
77 106 169
73 74 108
21 322
59 118 172
186 313 319
77 78 107
71 80 127
241 325
59 117 176
158 274 313
111 215
82 235 285
81 238 266
317 320
59 180 232
9 204
17 19 227
133 242 250
11 248 294
206 223
151 287
222 243 325
25 148
217 234 304
3 28 35
135 257 290
83 138 177
50 52 124
111 206 302
144 267 298
55 244 266
92 94
60 78 107
4 210
144 165 250
97 172
107 174 301
234 298 302
34 206 295
8 140 271
11 105
264 286 290
263 311 316
102 140 291
93 160 162
216 223 242
140 165 201
153 154 320
35 77 209
106 113
53 124 230
141 143 267
20 70 166
22 119
114 120 236
51 119 158
57 82 174
160 190 323
135 298 304
60 115 231
103 229
53 61 66
76 160 162
52 62 99
59 159
144 146 250
62 71 74
39 108 166
31 60
172 186 313
76 162 208
50 72 200
242 280
5 124 198
121 224 231
8 257 280
137 162 265
15 237
64 107 173
18 242
133 229
216 225 301
17 54
8 135 290
50 172 259
24 92 108
14 55 263
54 81 82
135 279 304
86 235 245
60 115 244
34 254 325
123 276 311
1 194
10 37 160
50 269 313
206 243 284
58 176
211 228 294
16 46 63
59 172 195
13 122 265
267 286
8 165 290
286 299
24 70
47 84 162
55 86 285
133 242
126 174 301
21 24 70
26 79
212 254 256
35 84 100
135 143 271
121 123 283
11 17 104
110 235 244
80 157 168
8 132 234
14 55 276
60 77 231
27 46 114
57 76 126
79 127
231 235 311
140 201 271
117 124 193
109 235
103 149 275
8 227 242
21 79 127
76 126 244
36 55 126
83 93 113
143 144 290
286 312
198 199
47 65 162
46 71
225 302
65 84
132 135 284
114 205
172 176 230
31 106 190
12 194
130 186
165 217 302
48 124 301
76 133 297
113 115 129
198 320
19 89
48 189 201
51 270
74 92 167
271 310
104 133
183 197
0 24 142
71 212 325
103 267 280
74 108 148
4 286 312
86 240 285
66 179 274
102 208
36 57 185
71 73 166
125 173 179
36 115 126
240 263 285
140 291 298
36 83 93
108 148 230
143 204 290
267 284 304
158 261
199 262
259 313
55 82 246
72 186 195
105 149 258
41 90
13 257
140 286 304
28 81 91
216 242 297
50 52 58
77 78 162
202 212 214
20 152
63 115 126
171 286 292
52 59 274
97 106
10 165 290
19 112 242
135 271 280
264 291 302
20 49 270
7 204 257
26 39 73
240 276
104 215 248
54 107 285
17 111 221
51 158 313
111 162
80 193 322
201 321
85 109
141 284 325
148 157 186
111 206 249
107 175 177
84 100 209
146 233 325
63 96 126
92 270
48 188 204
103 104 248
72 125 319
99 144 292
37 107 285
195 234 286
86 236 246
35 37 84
52 53
280 286 290
76 181
51 68 167
102 124 230
120 224
23 117 274
207 293 295
210 227 286
19 149 258
106 110 236
22 66
171 257 304
135 141 304
102 151 188
18 297
107 238 246
8 144 165
50 155 182
251 276
22 187
115 175 301
11 294
67 79 163
42 77 185
103 297
214 222 293
238 246 265
24 99 287
16 116 177
59 227
17 298 302
8 144 286
76 162 276
6 16 107
158 183 296
102 158 204
107 123
186 187
170 179
13 55 266
42 107 185
40 69
147 202 214
91 178 205
15 60 113
171 291 315
201 204 267
82 106 134
5 17 261
76 106 236
6 46 107
102 188 204
37 76 180
27 106 220
34 202 203
98 195
84 106 107
202 252
165 284 290
174 190
246 295
177 195
28 75 113
204 298
52 59 74
50 51 158
121 300
111 304 315
98 316
258 305
5 88
63 66
222 248 295
216 217 225
104 292 295
149 223 280
102 264 320
47 69 107
12 249
81 134 185
158 166 261
10 141 177
3 114 115
26 67 157
57 178 205
8 132 302
70 102 195
264 275 279
60 145
59 130 158
132 144 280
134 235 311
16 78 177
66 158 270
82 231 263
36 69 129
54 55 110
48 117 124
26 39
28 75 126
74 159 168
76 137 178
267 280 304
21 26 39
28 85
74 201
148 150
124 214 241
140 254 286
35 209
56 174 180
55 110 134
89 196 248
206 226 253
130 183 193
234 311
111 271 272
14 42
15 120 126
54 235 283
206 212
14 121 122
250 255
150 317
135 257 279
59 118 282
141 268
107 125 169
56 160
34 206 284
13 123 224
201 291 302
151 182 293
54 82 162
222 252 255
74 214
280 319
44 45 88
60 231 311
46 96 107
177 181 263
30 107
71 145
59 99 124
225 261 301
194 215
139 279
6 107 126
122 134 237
111 217
138 320
171 268
104 228 242
54 82 283
107 178 301
25 150
151 212 293
71 176 187
41 46 237
103 218
59 148
226 325
74 124 173
143 290
201 268
50 58 62
20 74 166
8 24 98
76 236
26 108 241
60 263 276
107 208 301
117 274
60 244 263
12 93 102
9 216 292
119 274 313
92 217
133 218
4 104
215 287
8 135 279
13 134 224
60 107 113
8 272 284
8 10 284
82 121 134
48 295
34 226 252
27 37 41
29 82 185
107 238 301
143 165 204
79 148 151
4 225
48 157 168
16 28 35
185 265 266
41 106 237
8 135 171
16 197 221
8 19 225
140 234
87 231 260
158 201 284
207 212 253
60 244 276
115 177
216 229
111 217 304
14 238 265
21 172 186
64 131
17 285
41 106 129
31 36 107
43 89 217
60 107 126
107 178
14 55 265
145 159 167
69 82 113
290 299
54 59
147 250
53 72 176
14 134 265
31 75
8 264 298
199 206 253
132 216 225
158 183 243
16 137 183
121 234
302 309
8 19 238
140 247
17 217 297
46 60
160 198 320
171 257 264
12 115 116
216 242
84 106 162
1 317
247 254 295
106 169 187
109 236 238
17 298
121 137 183
176 291
80 317
18 103 223
135 140 204
23 42 117
141 279 304
66 156 195
60 82 311
1 142 154
134 235 245
82 134
290 312
183 186
6 36 46
47 69 162
50 90 326
29 76 137
177 216 286
89 258
223 258
206 226 295
4 216 242
65 315
59 148 230
76 107 125
177 263
20 26 70
213 254 295
60 92
143 257 290
59 74 173
271 312
42 231 265
35 264
48 147 206
119 156 158
86 266
172 269
63 74 114
125 194
185 208
77 160 220
83 197
8 201 204
54 106 224
59 102 127
71 79
35 116 124
21 74 148
135 267 298
45 88 217
125 315
9 140
12 106 258
126 162 174
117 169 193
143 279 291
8 300 304
8 11 201
234 292 302
104 148
30 162
71 200
16 35
28 81 93
140 143 257
144 149 242
59 71 117
135 141 280
8 133 312
20 154
111 272
111 227 297
83 162 177
24 26 108
44 218
8 304 315
69 76 162
42 82 276
10 177 302
71 79 80
41 90 106
92 151
99 144 173
28 60 276
215 221
183 198 226
177 185 265
5 138 177
212 214 309
212 255 310
234 292 315
28 35 219
30 175
50 52 302
112 248 302
12 258 261
69 106 162
171 206 284
64 173
23 172
270 278
22 176
158 204 287
111 284 292
74 147 252
12 17 54
16 54 106
76 185 276
280 286 292
71 176 255
145 161 282
8 175 177
71 193 195
13 55 134
171 201 290
53 184 230
60 224 231
59 101 130
74 124 241
50 167
76 162 265
50 172 195
83 129 134
59 119 147
115 244 245
171 280 290
79 80 193
1 130
86 224 251
71 206 255
48 64 116
147 202 203
86 122 240
243 284 286
87 237 251
8 291
22 168 274
228 294
80 130
37 178 180
47 100 106
31 85 91
21 80 130
147 305
73 127
16 176 230
42 93 131
156 168 326
22 119 274
14 122 266
255 293 295
198 202 226
94 186
140 302
102 204 322
57 137 301
10 11 201
107 125
198 243
21 94 186
36 65 107
54 235
58 125
141 242 292
42 117
8 74 121
107 246
79 130 148
227 286 305
244 251
59 79 101
71 94 148
29 76 192
204 300
36 132 174
35 54 106
171 302 304
279 286 291
76 219 236
280 295
141 144 292
268 298 314
200 230 274
210 286 305
111 272 284
86 246 265
271 279 298
82 235 263
295 310
83 131
8 234 315
206 212 307
33 310
143 271 280
51 66 68
137 138
22 118 119
169 319
26 270
158 197
76 137 180
103 242 280
102 166 322
48 179 186
279 286 304
148 152
32 37 93
5 103
178 260
144 279 286
8 24 74
0 24 320
16 198
134 190
34 252
213 254
125 141
111 206
37 77 100
146 183 198
122 238 283
69 121 162
54 235 285
151 278
74 147 173
131 160 178
16 90
77 78 219
135 234 297
180 198
144 286 302
185 276
102 278
59 125 179
160 219
124 176 193
230 241 262
107 162 174
24 102 158
134 246 276
78 100 160
20 101
257 267 302
37 77 113
268 291 300
54 82 285
127 163
44 45 211
25 152
44 165
67 170 241
65 111 162
16 91 107
29 82 174
309 325
144 267 302
166 276
97 176
143 292
171 264 280
242 271
140 144 146
35 180 190
200 274
54 246 285
8 10 165
79 80 127
131 174
103 112
139 294
73 169
59 271
71 79 148
19 77 210
4 104 216
59 147 301
110 236
48 72 170
10 234 315
8 225
21 166 168
102 177 298
4 227 286
16 35 40
42 212 309
8 10 286
84 220
15 120
268 300
94 168 172
221 225
4 227
26 38 39
144 165 267
160 178 209
91 115
77 180
161 167 168
111 133 191
102 287 291
50 158 244
75 107
30 225 301
8 19 227
107 231 263
133 227 228
111 300 304
13 224 240
59 71 319
144 303 322
235 244
106 169 176
241 254 262
298 300
176 200 266
17 287
58 59
140 144 280
5 17 197
16 37 126
55 238 266
272 284
216 300 304
34 147 203
102 127 130
87 238
125 158 172
8 204 286
23 155 168
50 186 319
106 173 187
204 234
21 73 74
75 120
8 248 292
50 51 94
8 9 10
107 301
267 290
65 75
63 231
83 177 219
272 302 304
237 245 285
43 44 45
87 246 260
77 83 134
50 62 145
212 213 222
58 72
109 235 244
201 264 267
70 130 193
94 119 269
113 115 120
146 165 250
6 106 107
143 257 279
137 301
183 188
38 70 166
255 293
8 111 300
86 240 276
57 160 208
165 171 298
15 16 113
52 117 230
42 185
181 263
146 242
52 170 241
141 312
199 253
278 317
61 319
8 143 144
77 190 209
180 208 286
70 262 325
0 80
147 203 226
151 212
116 129 177
271 300 304
26 74 230
35 37
71 80 173
7 204
132 225 302
48 311 316
177 216 301
104 248 295
171 312
15 16 126
27 60 120
100 106 126
74 150
165 268
79 102 130
104 258
50 94 167
87 236 285
137 197 198
46 106 236
103 201 280
125 317
183 201 284
171 204
125 141 315
262 322
48 74 201
133 225 248
59 157 186
291 302 304
234 292 304
85 100
43 228 242
122 240 276
14 93 238
48 188 195
20 39 108
201 204
59 124 130
71 94
135 271 284
62 274
48 186 270
103 275
279 287 314
81 82 162
13 55 123
21 71 94
141 171 267
92 153
20 48 49
212 218
74 124 230
157 282
50 156
50 67 168
88 103 267
140 144 201
30 177
35 190 209
34 213 249
86 106 285
140 146 247
29 82 121
106 172
59 97
171 206 286
144 165 201
14 122 134
8 280
63 114 120
111 242 297
98 173
45 133 217
144 271 304
10 60
60 82 113
141 171 280
35 71 86
144 165 322
166 251 276
17 221
99 292 315
10 143 144
37 60 106
13 122 311
59 72 74
202 206 214
247 252 293
35 37 209
159 167 168
140 291
216 227 248
112 229
198 232
146 165 171
79 127 270
255 267 268
134 240 283
149 242 271
172 195 313
83 121 137
171 292 302
163 167
29 185 232
160 177 197
102 166 177
121 170
8 225 242
225 227
83 265 266
47 84 100
60 63 113
21 121 170
10 73
60 82 126
50 280 302
147 307
100 232
36 69 107
31 106 115
79 119 163
214 253
0 1
231 263 311
46 71 79
170 183
86 224 266
224 238 265
162 174 185
236 244 263
12 90 116
8 111 234
121 170 188
48 61 62
56 134 301
18 103 280
8 234 304
193 200 230
51 94 119
51 173 183
279 290 291
149 206 223
267 287 298
183 243
67 68
36 55 185
36 113 126
204 302
80 266
138 197 240
71 207 212
52 61 124
140 171 279
257 313
40 315
62 74
16 83 138
10 59 112
144 149 165
26 151
81 87
198 213 255
174 185 311
123 134 276
88 248
107 261
234 302
139 141 144
267 268 298
279 290 304
24 70 74
66 67 156
8 70 71
66 158 274
34 133
139 149
144 286 291
111 218 292
61 72 74
148 154
112 133 302
27 93
233 255 295
134 246 265
244 263 285
225 261 292
77 78 100
8 133 248
130 198 320
21 158 320
127 152
8 140 143
247 254
161 163 318
66 155 282
81 126 166
76 106
217 218 289
34 146
107 125 173
12 258 305
10 177 238
144 267 291
144 286 304
6 47
50 90
33 202 206
8 140 264
27 106
23 50 145
50 130 158
63 120 236
31 60 92
81 226 262
54 86 285
225 284 289
222 281
50 170 230
52 62 200
76 77 265
261 292 302
147 286 305
132 280
25 154
257 279 314
30 232
84 209
59 66 72
40 302 315
161 163
166 278
4 216
17 23 59
34 146 250
216 271 289
144 292 297
17 155
86 90 251
63 114 175
147 255 295
183 247 296
42 77 231
55 86 265
71 193 252
32 93 107
12 93 106
87 106
110 134 236
59 273
46 70 71
21 70 166
22 125
86 245 246
40 46 106
79 107
171 271 298
107 175 249
76 83 177
30 191 305
161 176
100 126 162
42 107 231
35 85 160
83 121 192
86 231 240
16 137 174
57 82 301
286 292
84 90 209
74 79 124
76 78 220
83 117 194
162 265 301
20 38 166
247 254 286
24 108 166
6 69 93
18 248
42 107 123
89 218 242
251 263 276
48 50 167
279 289
86 123
197 240 285
206 213 226
130 166
204 234 257
69 107 174
88 141 280
112 297
140 201 264
271 290
28 147 183
4 242 286
71 206 325
48 59 71
81 109 238
86 240 265
54 71 245
30 93 160
16 46 69
140 257 280
267 292
286 305
10 217 218
201 280 321
82 246
156 195
158 198 232
141 267 298
81 162 185
107 246 263
119 313
83 107 162
100 137 162
76 126 129
48 94 186
213 254 286
76 129 134
74 247
183 255 267
32 69 126
111 234 315
146 250 296
148 170 186
77 180 190
4 286 305
44 250 297
15 16 115
9 10
56 123 180
181 265
148 317
202 233 253
178 180 192
79 102 119
151 322
107 126 174
50 145 158
241 252
144 201 302
260 265
58 316
20 24
50 51 230
102 322
11 250 294
117 169 184
151 168 212
222 243 252
199 295 325
8 111 315
20 21 80
70 262
185 212
144 272 303
146 183 255
97 99
76 77 78
14 86 224
202 214 253
118 158
8 71 98
16 221 261
178 239 260
48 99
10 279 304
87 106 177
284 312
50 145
22 50 176
10 121 132
57 126 208
132 280 297
31 55 69
17 104 211
145 153
21 74 273
217 258
62 155
57 205 208
135 141 284
64 231 311
20 158
64 129 263
124 182 186
14 122 123
206 284
35 37 77
71 325
16 54 97
11 45
78 137 220
26 108 179
143 267 298
87 106 190
60 78 168
87 251 285
284 325
171 204 286
177 180 191
50 172 186
46 107 301
66 99 125
71 86 245
103 280 295
29 220
178 190 209
71 74 127
37 232 286
133 277
59 99
105 215
41 134 237
17 102
36 115
25 222
224 231 238
138 177 180
35 37 90
23 168 326
143 144 204
34 249 295
54 86 245
60 82 115
27 37 100
23 51 155
265 288
17 223
45 217 297
183 198 243
156 157 158
272 300 302
71 166 187
126 129
50 102 140
58 71 86
50 146 183
48 166 168
21 170 172
57 83 177
28 36 57
206 248 302
55 134 266
149 234
94 119 313
98 188
10 304
60 63 115
35 36 107
23 51 168
95 119
64 311
81 86 245
82 301
216 301
257 302
37 106 173
50 145 200
35 85 120
12 242
174 177 180
158 296
16 115 116
70 183
174 180 185
206 254 295
89 196
234 291
280 289 297
5 202
225 242
74 166 201
177 195 286
267 268 287
20 79 127
174 178 260
16 97 183
86 251 263
287 302
81 166 251
10 22 111
182 184 186
35 115 120
71 207 214
134 244 245
132 135
74 166 322
63 301
299 312
257 315
107 114 175
7 140
26 153
109 110 134
38 39 213
130 183 186
143 149
20 130 186
234 304
21 39 92
17 146 250
198 199 295
5 215
111 206 284
16 138 197
39 213
70 317
6 36
134 176 316
8 302 315
166 187 201
280 312
214 253 254
27 35 120
176 201 291
77 134 263
11 211 249
141 262 264
94 157 163
21 317
34 212 213
20 92
204 257 298
8 279 304
157 326
54 82 276
127 154
118 269 282
48 183 201
17 71 89
36 59 147
165 290 302
20 21 148
83 113 115
204 287 298
10 60 69
113 148
8 24 320
79 127 193
107 162 178
160 190 197
84 90
225 242 294
15 219
48 167
31 35 37
175 208
34 243 293
104 228 248
215 280
50 72 74
154 270
25 156
11 221
17 71 102
59 173 200
107 175 238
147 158 243
76 100 106
54 107 238
205 208
31 55
8 204 264
91 106
115 231 244
83 129 301
50 72 195
204 267 302
107 121 123
48 71 94
227 297 298
217 218
131 178
10 117
13 224 231
237 245 263
170 198 226
16 75 224
78 288
251 263 265
45 111
12 54 116
110 240
237 238 260
50 125 179
214 297
26 67 71
76 125 176
50 102 195
1 24 142
86 235 240
21 38 71
8 264 291
163 193 303
149 289
72 169 170
93 128
125 170 173
119 146 147
82 235
117 170 183
68 71
37 106 107
279 291
50 95 313
279 284 291
37 41 126
42 55
36 63 120
4 42 227
88 171
267 271 290
214 310
6 46 47
43 88 227
141 177 286
264 280 321
63 114
271 292
165 271 291
122 237 266
28 100 110
42 107 246
53 72 182
12 297
51 92 167
36 55 121
48 163 167
141 256 286
8 264 304
77 197
21 92 320
116 125
146 262 295
82 248
17 54 245
156 158 168
144 201 291
82 231 311
22 67 156
158 243
202 203 255
241 256 325
12 34 133
16 85 120
60 69 82
71 101 102
140 264 298
50 71 319
77 183 197
103 267 275
18 242 280
81 134 246
36 55 134
153 249
104 248 286
8 111 304
165 171 302
83 190
266 311
48 183 243
51 157
50 94 158
238 249
71 72
242 294 297
158 258 261
241 254
82 244 263
20 26
125 169 176
56 208
171 195
52 53 74
34 280 281
44 92 248
51 107 249
59 74 179
140 267 286
52 58 125
46 87 106
217 218 225
48 213 243
35 60 77
125 200
166 201
260 266 276
36 91
202 214 255
51 119 195
0 102 154
46 79 107
42 185 276
34 203
166 322
20 186 270
73 150 274
35 178 190
78 209
134 174 311
185 265 301
284 314
54 244 285
173 217
71 206
164 168
110 123 185
48 222
158 190 197
47 107 126
22 59 119
12 87 106
99 144 287
76 176
121 251 263
214 241 325
62 99 186
21 71 98
1 2
243 256 325
27 90 100
103 280 297
52 169
139 291 292
90 129 177
10 111 304
105 217
106 220 224
124 230
129 134 263
31 50 90
168 236
88 171 267
224 231 240
33 48
52 61
134 236 276
59 99 319
121 251 276
103 292
4 215 227
54 107
238 246 260
165 303 322
4 286
36 238
37 41 60
57 91 178
272 300 304
82 185 301
88 105
17 112 292
231 235 240
169 173 176
8 292 300
177 298
77 131
59 119 274
88 171 280
46 60 96
162 175
253 293
139 165 250
98 190
34 147 262
148 170 230
70 79 193
69 82 174
37 180 232
21 172
174 185
119 249
177 190
42 231
17 54 71
182 226 293
148 153 155
100 137 219
16 234 298
56 126 185
197 235 240
292 298
267 275 292
271 279 291
42 123
224 237 246
177 237 285
22 74 106
74 75
59 148 170
59 179 274
287 304
37 129
264 320
83 137 219
149 271 292
52 58 59
185 191 192
23 145 168
244 263 276
53 258
204 257 287
175 177 219
271 279 304
14 260 276
74 317
94 158 269
132 271 292
169 325
48 186 195
54 110 283
121 234 311
54 77 106
180 191
144 268
257 291 302
248 325
202 214 310
124 176 186
10 112 248
20 74 148
14 121 238
30 102
134 196
267 298 302
20 94
199 325
37 77 106
4 104 196
201 267 290
11 149 312
132 271
62 125 173
44 158
204 291 298
30 223
95 274 282
57 97
92 320
228 261 297
97 169
94 145 168
216 271 280
50 94
76 162 192
83 175 177
12 17 102
21 50 94
24 39 108
30 115
12 107 261
103 105
48 169
139 287
54 121 283
171 234 286
106 110
3 16 35
31 37 85
36 280
111 133 292
35 37 255
30 115 301
81 170 226
15 113
161 167
228 242 297
59 156
22 59 187
302 304 315
36 93 160
171 264 286
8 264 280
106 258 305
94 148 186
135 291 298
182 226
204 267 304
78 220 288
77 177 301
110 134 240
14 238 260
54 162
8 59 292
1 70
174 227
50 62 125
135 286 304
144 204 309
177 232
111 133 305
256 296
195 286
107 173
144 280 304
206 250 284
46 63 301
8 10 292
131 301
10 11
70 79 127
54 283
235 244 285
58 173
121 170 234
149 291
75 113
90 177 178
302 304
8 267 298
140 257 271
123 185 311
34 202 253
5 17
63 86 93
10 132
88 140 204
140 171 204
135 149 312
45 228 297
158 232
70 172 183
86 245 263
202 206 286
179 291
20 94 186
79 124
174 175 191
134 235 240
36 37 69
83 121 209
81 166 187
56 76
146 243 284
135 140
238 266 283
57 76 244
112 133 227
52 61 62
35 138
48 64 311
34 89 325
141 267 302
102 313
74 222 274
19 206 292
0 73
44 111 250
35 107 178
89 133 242
16 83 197
121 132 234
264 267
52 53 184
34 206 213
4 35 138
125 173 176
60 208
42 185 265
72 193 195
27 114 120
71 74
16 138
238 251
16 174 177
97 158 204
119 156 274
241 256
10 59 292
29 77
71 212 214
218 225 261
21 71 74
218 272
6 93
46 91 106
118 119 274
33 202 252
143 279 286
50 58 99
25 79
222 243 256
8 112 248
44 92
85 93
16 40 69
16 30
104 111 296
3 115 120
97 188 204
39 162
23 154
27 60 126
34 206 226
36 93
10 267 298
71 316
17 197 285
65 84 107
26 39 70
144 165 302
59 101 112
224 265
34 146 296
69 162
99 270
4 226 254
217 262
10 35 69
59 71 125
134 240 263
73 150 168
51 102 270
4 89 104
71 72 193
14 42 134
215 242 280
46 63 114
54 86 236
121 251 265
60 82 106
141 254 271
29 82 235
29 81 276
124 198 255
8 165
94 168
56 134 160
214 233
61 102 230
23 154 274
271 280 290
21 94 168
134 240 276
280 290 298
20 48 176
20 166 168
10 36 132
80 94 151
31 50 92
228 289
76 106 220
139 286 300
47 84 93
10 66
29 197 235
88 104 215
59 151 188
155 161
17 298 299
12 112
52 64 173
99 169 187
16 30 107
47 69
171 280 298
93 185
1 24 320
170 176
114 244
5 137 138
158 287
56 126 174
3 15 120
271 279 280
201 204 264
88 228
8 225 248
47 65 93
51 157 168
123 185
48 147 243
109 263 283
76 129 301
56 131
111 218 272
42 100 263
165 303
280 290
29 30 192
137 147 183
48 168 194
74 148 151
36 76 129
16 78 174
111 292 315
62 188
172 319
202 212 253
48 116 125
269 274 282
28 311
9 69
129 134
55 246 285
60 263
113 123 126
141 271 304
186 195 313
213 214 286
50 214 280
31 63 114
206 233 253
147 293 325
102 140 264
81 93
34 247
186 230 270
126 185 208
165 272 303
42 185 212
70 206 262
48 266
135 234 292
144 267 284
106 126 162
8 201 267
60 276
48 266 311
65 84 162
94 157 167
222 274
138 190 219
177 178 191
34 243 284
107 185 301
4 88
201 267 292
27 220
70 168 212
30 225
29 126 276
164 225
87 236 238
103 215
71 74 173
225 228 242
168 172 194
22 161 187
106 220
92 322
132 286 292
22 59 176
0 1 142
34 146 243
143 287
12 17 104
104 216 242
180 232 286
20 71 94
110 236 240
26 66 241
194 225
10 292 315
133 215
64 115
99 125 186
12 54 107
22 118
168 172
154 274
48 71 206
255 268 275
167 213
30 238
135 279 290
281 309 310
50 74 124
74 177 302
21 168 172
103 228
143 165 201
35 71 255
29 174 185
12 46
36 174
77 175
121 218
66 282
222 295 325
35 160 219
100 107 263
21 70 172
20 92 166
78 83 177
135 143 257
237 285
144 217 250
16 37 121
49 186 230
65 178
117 184 230
139 228 242
201 304 321
73 298
145 158 168
212 213 325
72 73 170
72 73
57 160 190
223 242
11 17 211
213 226 325
106 176 187
121 231
80 193
102 204 264
21 72 73
76 133 162
106 134 190
184 287
141 267 291
157 161 282
146 213 286
16 30 175
50 59 71
135 140 201
192 232
185 192 232
21 121
81 134 237
60 106 113
53 73
58 188
116 129
107 174 208
22 157 161
102 166 251
267 298
165 250
94 158 313
225 301
46 70
47 106 162
13 122
66 72 319
64 173 229
141 267 304
48 117 176
218 261
8 171 201
226 255 293
17 149 257
21 26 320
10 112 292
48 170 187
52 74 124
104 132
29 57 97
71 80 168
46 106 110
134 240
60 106 126
206 249 252
60 64 129
83 194
229 248
271 292 300
27 63 120
146 250
132 315
142 153 320
71 72 169
159 189
35 153
117 176 193
141 320
103 201 275
10 177 286
35 65 75
59 62 173
54 93 107
36 107 126
54 244 276
0 317
10 112 305
178 323
71 197
107 126 301
71 102 169
119 156 168
48 213
59 79
112 225 302
104 228 294
158 172 319
54 82 106
27 46
118 164
71 89
83 92 115
59 127 130
122 283
16 177 197
143 286 304
58 62 125
225 228 297
45 88 227
221 262
44 258 261
92 148
59 200
4 35
212 213
121 244 251
215 218
144 302 309
94 157
145 159
24 98
135 141 290
50 183 230
257 280 304
217 261 289
30 107 238
55 134 246
8 275
13 134 276
135 280 304
63 114 115
38 154
111 242 292
16 100 219
16 17 221
88 104 204
8 141 267
133 162
53 124 176
48 50 94
31 114
17 216
10 234 257
4 89 227
99 169 176
140 286
34 203 293
81 121 283
195 204 234
52 173
63 114 236
271 280 292
59 79 193
125 186 200
0 1 102
105 221
217 261 302
50 172 313
74 214 252
80 127
16 183 230
99 173 187
221 258 261
138 160 219
21 80 127
141 254 286
108 230 270
8 141 280
201 257 264
146 158 284
50 62 74
158 168
177 181
52 147 173
17 229
76 134 176
19 238
272 284 300
140 201 204
231 235 244
148 168 269
22 156 274
68 130
169 182
47 69 93
36 83 121
241 254 325
172 187
8 292 304
191 237
177 302
94 304
29 83 192
61 124 125
146 171
68 167 168
149 234 280
32 69
16 97 176
16 138 177
72 141
52 59 302
204 297
267 280 290
55 266 283
47 84
35 100 219
57 76 301
65 138
79 193 322
97 172 183
72 124 176
169 195
16 64 120
36 83 134
81 82
42 134 263
16 110 236
24 151 287
12 103 292
174 180 191
179 186 200
162 192
0 130
59 74 225
131 160 162
169 316
141 254
74 154 318
202 212 255
139 144
104 280 297
50 72
35 100 232
10 217 292
132 141
151 154
206 233 255
24 102 142
48 147
34 249
30 238 265
224 244 266
74 121 262
22 111 234
212 255
52 204 302
146 242 250
13 311
116 124 125
206 211
13 82
217 234 292
17 197 221
21 148 270
268 271
8 133 135
144 267 286
52 62 74
64 263 311
78 177 219
267 302 304
160 178 180
111 133 162
48 206 262
16 65 75
187 319
196 248 286
27 35 126
46 79 166
25 67 222
206 255 256
137 197 261
43 45
54 77 231
34 262
103 275 292
63 115 301
204 279 292
10 292 304
141 286 304
125 154 317
46 47 69
59 124 301
181 263 265
57 82 162
23 154 318
171 271 280
217 218 297
69 76 106
103 217
62 99 124
59 147
54 107 231
78 160
107 169 187
13 122 240
25 270
35 138 190
29 160
76 100 220
63 96 301
133 217
141 198 204
22 119 313
3 107
50 125 172
63 175 301
59 72 124
16 35 37
230 271
214 222 226
235 244 276
63 126 301
153 156 222
59 172 183
37 178 232
286 287
8 225 292
24 287
260 265 301
106 169 173
141 267 280
48 94 168
3 120
17 228 297
36 63 113
47 126
107 177
52 241
112 292
8 271 300
140 204 264
147 183 255
16 83 175
26 188
17 45 297
183 188 195
139 144 250
35 84 209
86 240 260
77 190
73 169 170
8 267 302
267 287
8 165 291
74 121
53 125 186
69 93 126
21 163 193
286 300
59 61 99
209 249 262
21 74 121
37 106 113
62 179 200
148 186 270
26 80
203 226 293
17 292 295
262 293
16 30 177
45 211 297
33 241
107 190
48 170 176
32 69 121
148 151 168
63 120
59 74 159
72 124 231
55 240 285
50 140 146
140 264 291
62 124
60 106 115
11 12 111
82 134 263
116 131
8 248 302
12 213 249
46 301
53 59 74
151 317
70 74 150
88 228 297
137 190
213 214 222
177 208 286
178 260 301
4 11
104 132 225
102 317
237 263 285
69 174 185
70 262 322
60 91
25 70
151 212 213
90 199
119 156 157
240 251 276
39 153
125 193
111 258
23 145
103 104 223
4 104 242
69 261
8 22
27 35
149 289 297
25 67 156
50 94 164
50 140 280
90 91
117 194
62 74 173
29 81
16 17 197
48 94
279 287 298
74 124 214
21 48 94
72 125 186
50 140
37 60 77
129 177 263
21 50 140
10 35 60
135 141 279
20 153
22 106 187
111 271
50 261
235 240 263
10 267 302
8 264
10 165 291
80 173 193
33 207 226
44 144 242
158 201 204
206 222 255
50 74 168
70 92 166
212 218 242
72 141 143
71 212
53 61 230
87 175 177
123 174 185
147 158 183
206 252 255
106 169
8 105 225
76 176 270
22 175
48 206 222
59 72 179
139 286 291
99 173 176
82 162
59 186 200
82 99 106
238 265 266
79 101 130
12 103
119 158 313
17 218
93 106 224
158 183 284
125 212 218
27 90 106
50 74 302
182 183 226
21 94 172
60 82 231
57 81 126
115 231
86 87 245
29 192 232
53 176 230
65 114
147 183
71 206 254
3 16 107
51 92 94
13 126 134
77 100 113
163 164
48 168 172
156 157 274
139 286 304
36 76 107
98 183
47 65 84
34 147 255
10 299
54 245 246
40 178
12 116
111 112 133
121 288
60 107 301
13 82 185
8 19 292
88 111
82 224 235
280 281
137 232
40 178 180
69 129 134
169 184
214 274 282
17 86 245
242 243 286
204 257 267
295 296
234 286
57 162 185
65 248
10 312
63 175
45 89 133
165 284 291
81 192
143 171 264
72 143
89 312
204 299
15 16 165
102 251
33 48 262
74 189
214 255 309
50 71 259
134 176
42 134 265
138 190 197
26 148
204 257 280
15 85 120
48 61 72
104 132 280
143 144
135 140 271
275 300
264 275 280
6 40 47
77 107 263
44 138
23 145 282
141 256
121 231 235
9 302
72 172 195
102 264
50 74
15 115 120
27 90
132 143
52 74 302
21 50 74
14 121 231
16 197
94 157 158
100 160 185
225 261 289
139 267
3 35 65
64 93
50 195
187 200
36 82 126
206 213
132 264
21 50 195
257 279 298
97 172 319
71 254
111 206 292
59 173 182
67 230 241
64 93 131
92 313
140 302 304
107 169 176
222 252 256
99 107 187
214 233 253
131 160
263 316
59 99 125
48 162
225 261 302
8 133 258
19 105 258
141 204 267
3 16 28
17 83 215
151 158 287
158 197 261
107 173 187
25 151
11 216
198 212 255
106 224
125 177 195
119 163
31 50
22 230
108 270
75 93
8 165 267
61 74 106
10 112
94 163 164
110 236 244
111 217 292
93 107 238
66 182 186
144 204 302
110 235
89 112
87 121 238
154 278
11 229
77 209 219
26 70 71
24 168
63 96
233 247 255
213 247 254
54 276
140 264 267
31 63
114 115 245
75 106
8 267 291
8 165 280
42 93 185
51 92 270
68 157 167
279 286
36 63 115
26 67 79
71 125 212
14 55 266
59 74 148
82 122
290 300
0 170 173
50 71 72
16 83 177
141 177
12 292
57 69 76
20 26 166
42 123 185
149 297
12 194 225
8 267 304
158 284 296
61 124 182
267 289
238 266 276
275 279 280
32 126
82 122 134
7 69
52 230 241
143 204 267
141 165 284
144 303
56 190
85 109 260
85 120 126
146 206 250
15 106 113
108 179 230
211 249
35 209 219
183 187
109 238
77 185 265
144 149 217
67 241
12 305
16 36 115
44 250 294
106 113 148
12 34 249
72 117 193
129 301
248 252
111 271 315
206 255
247 293
74 147 214
35 144
95 195
107 125 212
139 201
20 21
97 204
62 200 274
206 212 253
37 71 255
60 93
22 145 168
14 93 224
199 253 325
48 204
134 244
177 178 237
125 195
226 247
17 83 257
140 279 291
134 174 185
271 292 304
10 267 291
141 280 304
236 240 276
8 24
36 115 129
27 37
8 112 133
65 84 100
50 52 169
202 212 325
280 304 321
125 316
74 80 173
34 143 284
17 111 211
106 107 208
76 197 261
144 242 286
21 303 322
99 124 182
3 115 126
8 59 98
212 325
17 86
10 267 304
65 93 162
29 121 220
219 220
43 223
27 37 84
103 201 292
90 115 116
30 177 180
152 166
55 81 266
50 67 167
50 172 183
46 79 236
103 280 292
264 267 298
236 251 276
112 215
50 102 124
107 115 129
247 254 325
235 285
30 177 301
280 290 291
152 287
30 162 178
77 113
224 231 235
212 222 255
16 54 107
60 77 263
20 80 94
98 172
107 175 301
90 115 129
114 116
36 69 93
137 180 219
12 105
4 112 215
163 274
198 202 214
112 228
106 125 187
35 71 206
100 110
64 76 100
141 242 280
80 94 157
201 204 257
16 37 180
88 221
22 156 157
35 65
40 180
147 202 325
174 180
31 106 114
246 285
19 242
8 280 298
46 116
141 144 280
46 90 91
117 193 230
145 167 168
257 299
54 236
169 186
37 64 173
139 216 304
271 279 286
50 51 269
28 183
50 59 130
206 212 295
68 71 168
94 186 313
8 132 292
46 237
13 174 311
25 67 79
26 258
287 299
144 250
35 54 107
28 75
69 76
279 286 292
267 279 298
5 320
57 162 308
197 261
206 214 233
72 266
104 215 280
52 53 124
275 302
83 134 266
25 127
60 85 126
8 291 298
257 279 287
16 78
66 67 155
76 92
62 194
125 250
166 251
52 188 204
37 77 209
165 267 302
9 304
121 180 191
8 286 304
137 138 197
44 261
99 107 176
254 256
48 176 266
105 133
127 151
107 173 176
267 290 298
17 71 86
249 262
71 74 166
268 275
29 82 162
78 219 220
228 261 292
10 111 112
206 243 250
64 216
94 148 168
204 267 286
5 124 177
137 160 198
16 197 198
200 262
30 115 175
107 231 238
214 233 255
131 162
257 264 298
175 205
3 16 30
135 264 298
110 224
297 316
22 111
83 129 177
300 321
212 253 293
38 92
79 93
103 221
225 228 248
44 165 250
240 245 285
144 146 242
8 267 280
80 173
104 216 248
14 55 134
206 222 325
24 278
156 168
73 170
133 221
21 73 170
149 165
4 89 286
79 106
8 271 291
141 149 171
256 286 302
21 101
72 74 159
7 84 209
102 204 257
271 289 292
50 262 302
59 195 319
5 12
183 284
141 267 284
115 116 129
26 71
36 174 177
72 187
15 77 219
216 291 300
82 115 120
21 26 71
19 297
60 69
5 133
15 144 165
51 249
60 82 301
104 112
139 228 248
48 147 183
4 149 286
8 227 234
50 71 74
67 230
8 125 186
53 66
72 79
146 202 241
13 82 134
267 291
245 246 265
46 63
7 35 37
102 182 188
123 246
143 201 264
50 71 195
5 137 320
141 300
36 69 174
104 132 216
60 82
143 257 280
70 74 262
284 300 304
6 47 107
172 259
111 249
37 71
171 300
28 251
140 279 280
148 151 293
32 36 69
38 151 213
238 246
269 313
81 262
117 176 186
10 149 217
17 83 138
262 310
48 74 189
119 163 164
160 262
201 300
25 74
27 114 236
233 252
63 106 113
237 246 285
48 206
16 177 298
59 72
171 313
97 98
21 127 270
121 134 251
99 144
151 152 287
118 157
159 195
46 63 96
12 19 77
198 206 255
147 254 286
224 260
50 67 156
51 119 313
66 88
10 271 304
59 99 182
14 77 231
4 149
3 16 85
121 217 262
31 50 74
48 206 213
8 268
154 322
5 177 216
78 137 219
51 195 200
101 166
54 91
171 201 280
33 206 207
185 265 311
243 286
94 163
140 279
38 268
31 228
12 90 91
151 213 293
82 106 113
140 171
52 58
140 141 254
17 43 297
29 178 180
45 89 111
171 204 298
64 181 263
16 46 110
107 115
55 224 266
37 90 178
204 264 298
68 167 269
216 286 304
41 126 129
43 44 88
66 72 125
193 303
12 228
77 83 177
236 244 251
50 172 319
37 41 178
135 298
42 107
21 193 303
15 16 35
165 250 284
10 11 312
8 234 292
141 234
56 126
116 177
214 256 296
55 266 276
16 30 115
28 64
135 140 141
69 93 185
16 106 110
169 188
10 50 280
48 168 189
88 133 227
103 104 148
83 121
50 119 146
212 256 325
185 208 301
31 93 160
267 268 286
71 94 151
62 183
27 84 106
176 291 315
38 39 320
8 83 257
72 172 186
161 274 282
244 251 263
27 35 106
74 92 106
257 314
147 296 325
48 262 295
83 134
21 39 320
275 304
146 242 243
70 127 193
71 245
147 247 325
57 81
140 143 302
48 213 295
87 106 110
144 286 292
185 266
165 267 304
83 255
244 251 276
94 148 157
146 256 262
50 168 172
166 176 270
71 137
97 125 319
240 260 276
59 159 167
257 264 287
34 255
56 174 185
35 77 190
162 180 192
60 64 311
4 83
17 23 155
177 180 232
137 138 320
27 106 120
71 74 168
170 198 320
158 269 313
10 144 291
170 184 193
85 93 160
42 117 170
242 261
16 35 138
30 115 177
60 77 78
162 265 276
12 107 258
70 71 166
18 223
30 107 178
118 157 282
59 72 117
212 253 295
103 223
228 242 294
22 234
93 106 162
149 275
126 291
238 244 266
76 92 106
55 86 266
94 163 168
15 231
216 221
202 286
93 162 178
66 108 241
111 216 300
206 213 214
130 154
123 134 185
176 270
93 224 238
16 54 285
76 106 162
140 141 201
59 176 187
135 279 298
37 76 106
170 226
227 234 298
82 113
140 264 271
12 46 116
21 38 70
12 54
232 286
99 125 315
58 170
77 183
13 82 123
79 130 193
143 144 271
8 165 284
53 125 179
30 178 192
140 171 201
141 267 286
141 289
26 73
53 176
146 171 284
262 286
11 149 217
70 130 183
71 207 255
63 113
271 291
146 250 284
48 59 301
50 159 189
48 59 72
62 117
177 232 286
86 245
213 286
40 106 107
27 209 220
125 173
77 100 185
8 171 304
171 289
116 124
57 162 244
46 65
8 11 59
8 57 175
42 162 265
92 108 166
102 231 311
163 164 193
227 305
29 175 192
72 202
104 215 216
147 254 262
106 176 316
8 201 304
201 289
252 254
71 89 212
231 260 311
124 125 179
93 160 185
62 74 274
35 65 178
125 186
166 187
180 185 265
11 45 294
171 302
48 179
3 114 175
254 262 295
74 101 102
23 50 67
36 115 120
27 28
46 79 93
104 248
50 94 157
8 70 127
4 17
16 47 69
14 246 285
33 202 249
76 270
65 111 315
52 58 124
71 74 102
134 185 311
59 74
99 186 270
144 146 165
19 77 242
4 104 248
10 165 284
102 108 230
35 37 65
99 107 125
90 326
59 99 292
117 200
147 158 284
143 267 286
202 207 214
59 195
26 38 71
144 146 286
50 146
76 162 244
144 302 304
200 319
93 100 160
131 219
81 91 93
29 208
135 284 297
71 79 193
106 162
59 316
207 214
152 278
22 59 118
147 160 222
22 168
50 158 168
86 236 240
10 11 59
28 57 91
84 265
76 83 220
10 50
15 165
214 222 274
76 100 160
54 93
222 256 262
8 144 267
193 303 322
34 242 243
17 211
264 267 302
214 233 325
198 222
217 261 297
212 213 254
80 94 148
261 289 302
99 169 292
202 206 325
79 163
34 309 310
57 76 162
10 292
54 106
143 165 264
246 276
8 144 280
113 126 166
61 230
16 35 219
21 50
158 284
178 192 232
88 225
107 238
52 302
234 279
60 126
222 262 295
267 268 275
35 69
81 185
172 303
271 290 291
82 134 311
204 292
19 206 223
135 140 143
51 66 168
165 300
88 242 280
141 144 284
299 300
178 239
35 190
241 295
36 83 129
172 195
170 176 187
271 279 290
118 119 313
126 162 208
234 292
41 126
73 102 298
16 69
48 167 168
76 83
140 143 291
137 147 301
105 133 242
172 316
226 293
52 188 195
50 67
162 308
51 61 66
8 70
112 133 292
113 123
32 36 126
212 214 222
212 241 325
62 179 274
16 177 234
62 173 200
20 80
15 85 126
76 77 242
104 132 286
12 106 305
215 286 305
187 193
8 11 248
132 257
44 144
8 291 302
38 70
57 83
51 156 195
8 70 74
140 143 304
149 217 297
63 115 175
10 144 280
83 257
202 214 309
50 72 170
242 250
34 250 284
8 83
51 119 249
214 280 321
35 37 120
55 56 134
11 88
8 10 144
94 157 164
62 319
140 146 171
163 164 274
20 322
71 79 127
104 215 297
20 48 94
147 286 295
122 260 276
267 290 302
24 148
132 149 284
217 218 292
42 77 100
55 86 134
101 102
119 156
105 258
8 144 201
61 72 319
76 162 191
204 267 290
200 266
244 266 276
257 264 302
87 106 246
161 274
14 238 246
66 158
24 92 320
144 280 290
14 55 246
132 149 297
152 166 201
142 153
54 231 238
141 198 320
14 134 246
171 204 234
30 107 301
88 141 149
149 165 217
59 98 148
207 214 293
10 257 304
143 264 298
77 83 113
23 67 155
48 94 163
10 275 321
135 234
29 83 121
5 124
79 110
13 86 123
31 57 160
117 124 176
216 217 261
271 280
82 115
48 59 61
66 72 182
18 223 242
4 112 166
58 172
111 112 302
88 280
26 53 258
34 202 252
8 238 239
48 147 295
37 180 286
35 124
28 100 219
144 173 217
212 213 214
144 296
216 291 304
67 155 156
59 125 200
110 235 240
148 186
143 257 271
5 137
43 88 228
74 152 201
52 74 108
213 214 325
21 148 186
100 160 220
29 57 81
48 59 74
66 158 198
143 171 204
8 111 292
111 112 315
33 48 202
211 294 297
63 236
77 134 185
26 317
141 304
60 106 231
137 219 232
35 77 113
92 119
218 258
60 113 126
13 240
22 145 161
36 59 69
216 242 280
134 237
59 71 98
125 188
160 180 219
253 254 325
235 240 245
34 206 212
23 59 118
126 162 276
248 258
148 320
36 82 174
132 312
176 187 291
22 145 282
81 266
52 62 124
185 323
4 19
171 176 201
10 112 302
86 123 231
71 194
217 248
77 106 220
131 208
29 197
16 32 69
8 140 201
160 198 222
70 71 102
112 262 302
225 228 294
4 261
80 127 193
16 65 138
264 267 291
58 99 125
217 261
123 174 180
165 257 302
10 111 292
279 321
112 292 302
141 198 254
209 262
44 144 250
38 151
79 152
103 280
44 88 89
27 37 90
76 100 162
218 228 261
59 186 195
106 285
147 286
198 214 325
24 99 270
26 79 124
10 160 305
16 137 219
99 169 173
264 267 304
88 141 204
50 102 130
24 108
79 124 193
106 116 131
21 39
112 292 315
177 286
109 134 263
48 127 166
144 217 302
8 143 165
102 257 287
0 101
146 165 284
257 298 304
69 82 162
71 173 193
59 63 74
31 106 107
177 178
17 297 302
121 283
8 280 291
165 289
204 264 302
216 291
17 54 59
76 126 174
16 41 120
116 289
82 235 244
51 157 167
211 297
39 48 162
35 71
81 187
5 137 258
102 291 298
287 292
124 179 230
107 174 260
267 279 291
8 280 304
165 302
57 162 301
24 158 287
206 214 226
140 171 271
71 168 212
12 104 248
125 166 177
71 212 255
71 207 325
132 271 280
44 133
72 179 230
8 98 125
62 187
254 286 295
139 141
119 147 158
52 169 184
8 9 312
48 116 124
264 321
35 40 178
69 82
267 279 304
187 303
36 115 177
36 134 190
76 206
29 131
52 62 179
152 201
17 83 197
16 107 177
102 147 158
187 195
267 290 291
139 250 284
173 183 243
76 185 191
62 200
103 201
249 255
194 319
152 322
163 168 274
36 147
55 160
50 72 172
187 316
22 94 119
4 83 138
12 107 249
47 93 126
19 242 258
12 54 93
3 91
57 91 208
279 280 321
154 260
173 273
36 82 134
8 112 315
267 290 304
85 160
107 176 187
186 212
8 10 267
98 99
107 115 177
1 166
7 69 204
121 123 134
64 100 263
127 278
10 280 304
80 166
66 268
19 211 248
65 106 162
57 219
82 162 276
185 244 311
94 168 274
59 79 124
146 255 256
90 115 177
141 198 201
12 54 106
140 271 302
195 274
195 204 286
144 280 292
126 174
142 155
20 148 168
0 1 154
31 287
8 204 267
77 174
139 268 300
149 279
121 217
8 267 286
55 185 276
59 130 183
52 117
106 134 176
216 225
95 164
241 254 256
17 59 71
226 256 262
111 216 304
130 158
28 110
107 174
162 177 301
104 105
227 234 302
81 121
86 236
81 93 185
107 177 263
53 59
72 73 169
8 225 302
32 121
141 267 290
48 117 162
82 115 126
48 61 230
56 185
16 30 174
74 222 262
125 177
89 196 286
185 191
60 64 115
56 77
254 262 286
162 244
17 146 295
206 250
50 195 200
23 71 117
52 230 249
81 87 245
50 124
14 246 276
173 194
25 67
82 122 263
50 94 269
26 39 166
15 231 237
244 260 263
56 123 185
10 267 286
148 322
24 26 320
116 124 177
13 134
74 147 222
3 28 75
54 77 162
71 74 214
243 254 256
143 286 290
221 248
133 135
35 178 180
71 151 168
144 165 290
103 223 292
34 146 284
54 93 106
26 148 230
22 50 168
8 140
46 93 116
27 35 178
25 80
212 255 293
253 293 295
70 71 212
103 148
222 226 253
135 201 290
59 156 157
54 107 162
244 260 276
196 312
27 85 120
46 79 110
57 244 276
135 280 290
79 127 130
54 86 224
43 218
203 207
143 267 290
1 221
157 186 313
221 261
144 165 303
224 266
31 100
59 119 130
25 322
16 37 41
44 158 258
222 296 325
22 66 125
110 134 283
59 184 232
141 198 256
104 295 296
27 41 90
110 285
160 191 305
59 72 176
201 264 290
165 291 302
86 236 244
19 103
79 154
86 235 285
69 162 174
54 97
135 149 234
148 186 188
28 91 93
50 169 186
163 269
16 137 221
216 227 242
65 111
171 257 302
115 116 177
36 83 107
143 204 304
12 221
86 170
42 100
78 160 185
54 236 238
135 302 304
59 195 259
60 63 107
51 68
234 302 315
147 301
114 124
82 231 235
57 69 126
25 74 222
77 242
24 151 152
177 180
76 244 276
14 122
74 173
165 291
13 174 185
114 245
36 174 238
172 186
212 295 310
204 257 264
177 301
204 298 302
130 226
135 304
88 229
162 178
294 297
13 55
16 106 224
62 176
268 286 300
204 296
26 148 151
50 58
248 302
19 250
54 82 134
51 107 173
113 114
140 254 271
104 294
71 117
169 194
108 148 270
212 241
17 146 242
50 94 95
90 251
66 158 268
141 234 302
20 21 127
139 143
52 169 186
123 244 263
59 194 225
50 71
35 40 180
8 74
21 50 71
8 24 70
52 58 62
222 262
67 156 168
257 264 280
139 264
8 133 242
106 107 258
23 318
0 102 320
35 37 232
145 200
76 100
5 198 202
50 156 168
30 223 225
119 147
94 145 158
107 169 173
143 275
76 162 182
16 32 126
82 162 265
43 44
104 279 286
44 88 133
77 131 162
243 295 325
73 152
33 206 255
162 185 276
17 257
3 93
235 245 285
48 132 204
140 271 291
28 85 91
106 246 285
24 152
214 310 325
101 106
42 107 212
50 183 284
64 224
195 257 286
87 177 238
14 134 237
17 149
75 90
83 115 129
80 168
66 270
55 185 265
8 165 264
48 162 204
79 168 236
110 185 276
59 61 72
166 170 215
244 276
6 36 126
133 216
50 167 168
50 67 230
256 286
140 271 304
63 82 301
88 171 204
79 101
134 244 266
135 279 291
231 235 285
170 219
63 93
20 38 39
50 159 169
100 160
134 237 263
156 157 326
52 117 200
275 304 321
143 144 264
93 120
87 109 238
145 200 274
216 227
72 182
99 106 187
48 94 167
107 176
19 292
62 172 183
60 64
46 166
59 176 193
32 69 107
70 79 130
16 83 174
72 74
197 235 285
12 103 104
102 182
4 216 227
42 81 185
51 94 168
16 115
3 107 115
242 271 292
143 204 264
29 175 185
36 174 185
72 195
144 300
278 300
81 185 311
109 235 240
50 59 72
165 217 289
0 292
60 77
13 231
52 61 173
69 132 174
29 126 185
72 124 230
216 242 271
48 213 222
72 316
78 100 185
125 179
185 193
8 9 248
125 141 177
102 195
33 48 206
56 123 174
13 123
54 59 97
69 76 134
70 71 80
8 125 315
119 168 274
14 121 283
42 231 263
140 286 291
84 86 285
48 201
59 71 102
69 106 134
26 71 157
10 121 234
36 83
121 134 246
71 72 170
16 174 180
117 193
103 258
48 79 127
15 75 113
240 263
81 265 266
177 286 302
212 255 295
19 225 227
74 186 273
140 267 291
76 276
76 83 92
188 194
133 258
16 28 183
144 146 171
105 196
17 83
22 161
80 102
35 37 71
71 319
16 54 91
50 74 167
169 184 193
16 28 75
66 108 168
14 122 238
50 67 164
94 158
109 240 263
8 74 201
16 197 261
71 166 168
24 99
21 94 158
4 17 83
13 55 240
20 48 166
87 246 285
251 263
58 97
61 102
167 269
98 169
10 117 195
60 63 96
107 261 301
234 302 304
14 231 238
143 165 257
12 102
31 115
17 217
77 231
59 292 302
54 81 245
57 76 276
40 46 47
46 100
32 121 231
10 177
59 74 79
137 147 160
81 93 121
171 291 302
88 218
77 178 180
36 76 106
126 244
88 140 141
111 225 302
92 94 158
117 200 230
10 177 195
264 299
116 172
37 71 173
77 134 231
254 256 286
149 165 289
260 301
77 83 185
172 188
204 298 304
267 275 284
72 117 124
162 180
77 162 185
267 286 298
141 242
160 222 262
208 232
37 121
56 134
264 312
157 186
22 176 230
160 191
54 87 251
280 293
137 198 232
104 296
16 183
76 197
71 195 319
62 74 214
67 156 157
62 70
212 295 325
111 191
104 132 279
83 129
124 130
57 126 244
50 94 326
36 87 190
16 75
57 76
177 208 232
97 204 257
59 71 157
227 258
50 156 157
143 264
8 242 258
242 243
113 129
99 194
44 258
99 107 173
112 133
194 202
103 275 280
10 144 165
141 286 292
37 255
162 185 265
190 222 323
212 256
157 320
64 92
10 111 217
275 312
99 315
21 157 320
81 126 162
59 71 170
309 310
10 144 286
207 262
228 261 289
312 315
78 121 288
110 185 265
35 138 178
60 129 263
132 135 234
15 213
59 112 292
101 216
1 278
73 154
54 162 276
0 1 24
66 168 274
91 208
75 200
171 195 286
202 206 252
11 215
175 323
70 79 106
142 146
1 170
26 52 188
62 99 125
144 250 296
38 210
39 142 153
138 160 262
202 281
146 241 325
58 59 125
163 326
213 254 256
216 268 300
156 286
118 145 172
147 183 243
42 170 246
172 313 319
114 115 244
130 270
8 267 290
51 94 157
267 275
269 282 313
46 47
98 176 187
57 81 301
141 284
51 92 269
42 134 185
177 237
37 41 120
15 35 219
28 114
71 254 325
106 134 301
143 257 264
132 171
59 74 147
59 179 200
106 224 231
36 83 177
86 240
59 183 319
42 170
125 141 166
36 76 174
0 173
42 185 244
48 147 301
154 274 282
16 78 219
237 251 263
60 106 224
107 185 212
144 302
92 198 320
15 16 219
171 176
50 59 74
60 308
62 70 150
67 71 168
62 125
254 295
8 59 71
51 158 168
231 311
50 59 195
119 163 269
156 195 286
178 192
57 131
48 311
122 260
27 107 301
4 12
16 107 115
52 125 173
56 76 185
8 140 302
118 262
66 72
8 24 127
126 205 208
43 88
29 190
218 261 297
135 141 267
206 249 255
59 69
4 133
231 324
124 198
10 267 290
173 319
199 202 214
134 236 244
117 195
29 82
214 222 256
234 280 292
171 201 264
4 254
16 165 298
146 256 325
67 157 167
8 144
11 149
55 69 134
171 257 280
103 215 297
147 158
279 314
110 276
58 86
78 83 209
10 160 177
122 191 237
50 157 167
12 116 249
73 101
15 77 137
19 225 242
40 65 315
24 101
72 231 266
216 271
20 48 168
31 106 208
214 226 280
217 261 292
117 186 200
51 183 200
251 265
149 217
139 286 292
8 225 227
140 201 302
52 195 204
10 287
48 147 222
21 153
114 115
111 216 242
140 280 302
23 67 95
42 212
26 67 241
59 292 304
24 152 287
86 87 246
275 279 321
169 172
114 236
12 225
70 166
75 107 123
44 138 158
59 148 151
21 166
56 123
35 54 93
74 177
160 180
66 274 313
140 171 264
77 106 134
140 143 165
207 253 295
125 166 170
31 100 160
60 92 115
204 257 268
35 65 107
199 214 253
23 67
34 252 255
5 198
52 61 230
212 214 325
16 64
35 77
217 218 261
140 143 286
122 194
117 162 182
227 247
287 298
16 96 183
268 286 304
244 251 260
99 183
31 60 64
50 195 259
31 63 106
257 264 271
50 183
50 119 156
77 231 263
8 186
187 188
12 77 242
87 106 107
47 107 162
21 127 322
48 162 182
198 206 307
20 317
54 162 265
17 19
30 107 162
3 106 175
125 184 186
71 255
141 298 304
57 91
132 149 279
35 41 126
20 95 322
165 289 302
270 320
171 264 267
3 205
242 258
46 110 236
92 106 115
17 261
214 280
70 108 166
71 125 187
66 156 158
76 83 162
222 226 325
111 272 300
40 100
204 267 298
66 274
147 255 293
118 145 282
158 198 204
59 79 130
216 218
50 71 168
174 221
67 95
222 256 325
72 173
77 288
144 217 242
30 192 232
271 275
20 24 108
30 185 192
94 151 168
56 57
16 180 219
157 161 274
71 214 255
26 70
107 125 187
130 198 226
144 291
56 178
21 26 70
99 182 186
8 132 225
143 298 304
29 57 76
98 161 187
5 137 198
125 170
86 240 263
16 219 224
85 115 120
13 123 134
74 124
27 35 37
159 168
183 296
76 133
62 74 150
141 299
102 124 182
81 87 238
48 116 172
37 178
97 192
7 27 37
106 134 316
35 253
160 190 222
10 35 37
17 102 258
215 305
267 291 298
240 263 276
166 176 201
117 184
110 123 276
20 21 186
19 149 223
201 299
8 133
8 140 304
122 240 263
28 81 311
147 158 160
92 248
59 71
27 220 301
111 242 271
264 271 284
101 152
54 77
10 218 292
59 192
152 154
50 67 155
81 121 262
264 267 286
43 103
110 134 276
185 276 311
147 160
8 149 258
27 85 126
8 267
149 206
186 273
140 201 291
144 271 291
121 209 262
157 167 269
102 151 287
188 319
104 204 292
50 71 102
144 146 296
12 93
8 144 264
31 106
140 280 291
176 201
87 107 238
102 204 298
112 216
46 91
156 222
82 113 115
50 145 172
40 47
158 268
82 134 174
42 93
59 72 182
106 162 178
84 162 209
51 61
115 177 301
59 63 69
234 260 311
99 106 125
140 280 304
144 171 302
31 91 208
74 166
86 170 246
106 134 237
165 284
178 180 219
279 304 321
137 258 261
145 274 282
213 214 254
257 287
71 168 194
54 224
21 74 166
102 264 298
36 83 113
67 163
12 227
57 83 175
135 297
147 203 255
54 106 134
29 178 192
62 169
65 107 178
24 151 158
204 289
34 206 249
4 216 286
32 37 69
267 279 286
146 284
10 112 218
51 195
60 231 276
16 174
257 300
50 214 261
40 302
169 187
71 80 94
218 225 297
199 295
71 98 148
9 171
8 22 125
34 255 262
164 193
267 286 302
59 71 148
172 313
287 300
59 62 99
71 137 197
171 206 302
165 267 290
144 165 217
138 177
34 206 262
100 185 232
8 286 292
16 114 175
131 137
29 126
139 257
61 72 182
35 116 289
94 157 269
50 74 92
175 301
22 161 168
87 238 265
185 265
55 123 185
121 231 238
138 190
124 255
143 268
56 76 134
62 316
103 275 284
162 180 191
133 196
205 301
8 201
70 80 322
112 258
140 165 302
46 70 166
50 319
50 167 269
129 134 301
43 45 297
270 322
168 274
78 160 220
87 231 238
52 99
29 137 220
72 176 266
59 79 119
42 93 162
119 274
30 107 177
10 234 304
137 160 320
6 32 121
24 158
142 153 154
60 82 276
82 99
101 112
111 272 302
111 225 227
77 169
52 117 193
94 163 167
59 271 302
219 220 288
57 69 174
70 102
121 123 263
216 268 304
148 170
179 274
88 141 267
69 126 174
59 176 186
8 271 292
213 214 309
21 148 170
274 282
216 261 301
86 231
139 144 242
58 169
81 166 170
8 83 177
12 194 215
256 262 296
104 221
48 59 179
202 254 286
143 204 257
72 188
218 242
74 159 201
104 132 204
144 242 250
71 207 254
220 288
198 199 214
151 188
74 92 147
59 74 151
123 126
71 94 313
50 66 189
156 158 274
17 243 250
70 183 193
15 46 237
60 106 107
236 238 244
126 185 244
190 301
83 175
130 183 226
74 189 201
53 59 66
212 241 256
16 221 235
271 272 302
37 180
60 64 231
97 194
52 53 59
69 132
51 61 118
220 301
261 302
102 177 195
83 194 215
61 66 72
66 186 270
48 194
34 296
34 212 253
4 124
103 104 215
22 23 168
229 242
36 76
11 19
291 302
10 35 160
139 204
48 176 201
284 299
36 93 185
42 263 265
102 177 208
233 253
81 121 251
24 166 187
10 271 292
69 76 261
52 99 124
87 106 285
106 148
59 302
250 284 297
177 180 286
140 146
76 106 190
291 300 304
272 302
291 315
57 148
144 271 280
169 184 186
101 154
166 320
59 194
4 258
26 38 70
17 197
21 166 320
83 115 177
94 151
102 204 287
21 94 151
206 213 255
48 187 201
204 234 286
147 158 296
74 102 177
115 126 244
15 35 144
53 186 230
140 280
46 93
102 264 287
12 216
190 222
173 186 270
158 168 274
92 166 320
142 153 222
77 180 219
36 37 107
58 224
70 278
132 216 271
264 292
102 230
116 226 249
47 65
257 268 314
5 297
59 102 147
7 100 209
114 116 124
17 54 285
39 153 320
169 176
36 83 115
26 127
12 229
15 60 106
53 230
60 92 106
218 297
70 170
89 196 215
14 238
146 165
51 156 168
41 60 126
21 170
267 286 291
14 82 134
146 183 284
170 183 226
36 134 174
8 71 127
271 286 292
16 176
71 214 325
62 173 186
88 133 228
13 82 311
160 305
208 224 265
52 74 173
57 69
103 185
140 143 290
267 286 304
48 125 170
213 262 286
143 257
229 297
224 251 263
35 37 106
81 121 185
57 190
65 111 248
198 203 293
34 243
26 39 108
51 167 168
45 248 252
35 77 178
8 279 291
240 311
8 298 304
134 185 244
12 54 77
127 141
133 228 297
195 204 257
30 208
57 82
8 10 22
140 165 291
9 10 312
189 201
48 262
32 107 126
194 316
87 190
1 150
59 147 158
76 162 177
122 191 283
16 32 121
8 82
158 183 197
99 200
140 201
17 71 197
104 216 225
8 82 248
24 26
3 85 120
23 326
21 24 26
50 95 274
99 125 169
17 23
316 319
50 102 169
51 269 313
64 107 263
225 227 242
30 162 223
91 93
257 271 304
80 163
60 77 308
37 90 100
66 68 157
156 158
6 36 121
30 177 238
21 38 166
100 263
144 287 292
264 287 298
158 204
99 106 169
174 185 208
47 107
135 140 171
20 94 158
50 102 182
79 325
135 279 286
111 272 304
235 263 283
77 100 160
223 225
146 243 256
0 153
126 134 174
51 118
83 177 197
135 149 297
50 71 172
207 255 293
10 298 304
111 302 304
197 221 261
213 254 262
144 280 302
41 46
10 238
211 228
271 279
216 302 304
204 257 314
82 115 231
82 134 244
102 177
148 293
90 116 129
0 166
16 110
102 298
48 74 166
28 120
32 37 126
53 59 176
111 234 304
100 160 219
10 73 320
52 58 99
30 238 301
82 115 244
83 177
64 92 115
132 298
62 125 200
14 42 93
8 71 74
50 94 145
1 2 194
94 157 313
271 272 304
69 76 129
20 242
118 155 182
162 185 192
106 107 187
4 5
102 311
243 250
52 53 61
69 134
8 22 74
143 312
156 222 274
252 255
217 234
62 155 200
59 71 97
116 131 177
8 133 292
34 212 255
71 79 168
50 156 326
50 183 200
199 214 325
52 53 182
125 182 186
143 204
267 291 302
212 253 325
54 81 93
16 174 175
152 201 287
16 177 180
106 258
59 183
14 42 227
11 142
147 214 325
178 237 260
222 325
3 16 75
54 93 224
22 156
8 258
66 200 274
228 261
74 214 222
112 315
141 177 302
145 159 189
214 222 262
141 254 256
221 258
100 110 185
137 180 198
51 92 183
105 312
141 256 302
82 246 285
264 267 290
94 119 168
258 261
86 224 231
43 211 242
21 25
139 144 165
154 325
59 72 173
76 92 270
126 244 276
111 225 284
104 204 296
17 133 217
219 220 224
10 36 238
204 267
146 171 206
223 280
173 195 200
28 126 276
35 114 124
76 92 162
69 93 162
238 260 266
21 38
12 218
212 213 255
64 76 92
175 177 180
149 223
60 114
146 206 284
74 166 177
117 124 230
72 124
158 164
175 177 301
10 141 267
35 54 86
19 206 211
8 280 290
112 166 215
74 106 247
197 240
90 114
35 178
135 290 304
50 145 189
67 167
153 170
77 169 183
172 183
8 111 225
70 172
88 133 217
231 238
178 191 237
59 97 192
25 67 71
59 148 157
111 292 300
16 64 224
140 143 279
64 99 173
141 234 286
122 187
77 83 301
62 173
20 176
126 185 301
144 242
121 134 283
158 204 296
206 302
30 76
135 271 304
28 81 236
165 279 291
117 230
198 222 295
140 143 171
71 212 254
125 166 176
180 286
139 248
20 68
71 79 102
105 112
61 72 173
16 299
8 10 11
134 291
291 298 302
79 106 110
257 271 280
8 302 304
5 138 320
8 71
27 84
30 131 162
71 127
57 192
31 85 100
8 10 132
76 205
67 95 155
21 71 127
35 77 180
119 274 282
4 302
35 178 232
36 107 177
16 107 176
50 189
160 320
38 71
72 99 182
165 290 291
106 205
171 201 204
59 130
50 95 155
182 200
8 135 140
19 112 292
80 152
59 124 176
5 198 320
11 111 249
76 133 242
112 262
146 214 325
106 116 172
12 46 93
17 146
8 264 267
204 267 291
52 117 184
202 252 255
147 255 286
24 270
163 269 274
51 107
8 257 264
34 284 296
155 201
143 264 286
144 204 296
177 219
195 273
55 238 246
167 211
144 280 291
134 244 263
5 112
34 133 248
21 195 273
40 106
141 256 262
223 227
25 156 222
32 107
114 244 245
70 106
20 26 39
216 291 292
50 51 195
102 287
176 183 255
74 225
93 238
134 244 276
66 67 68
67 222
114 124 301
130 278
82 134 246
132 287
285 300
104 225
48 59 183
50 66 72
59 164 193
20 21 166
180 220
106 107 176
78 107 185
231 238 246
29 57 82
71 74 79
16 63 175
125 176
166 177
185 190
171 292
10 121 218
85 115 126
51 61 230
206 249
203 255 293
68 163 167
81 87 244
3 30 107
185 311
78 185
124 301
243 252
171 264 302
201 292
35 144 289
66 67
121 183 243
218 261 292
117 161 176
97 319
50 244
22 145
46 47 107
267 291 304
71 303
48 319
76 100 137
52 62 125
64 263
144 165 289
171 204 264
31 55 60
300 302 304
175 185 192
94 119 157
31 57 69
13 55 224
70 193 322
109 134 238
140 144 302
168 212
16 35 75
265 266
30 107 115
149 320
79 119 130
176 194
140 271
91 106 115
102 204 291
51 195 313
132 135 297
17 59 112
257 280 302
51 183 195
70 148
130 199
261 289 292
135 277
176 315
213 286 295
49 186 270
10 282
140 204 302
21 148
14 57 82
215 216 227
58 86 170
130 320
74 159
19 223
257 280
150 154
102 264 291
67 156
217 242 250
76 126 162
212 254 295
135 290
60 69 113
88 215
126 162 185
0 102
126 208 301
106 120 224
77 185 301
227 229
101 112 166
125 218
82 134 301
38 39 70
94 164 168
14 121
44 92 158
126 134 244
160 175
165 290
46 110
240 263 311
98 148 188
90 116
14 82 246
59 62 200
140 247 254
83 113
59 180 192
60 69 126
60 129
27 100 106
119 156 195
267 286 295
208 229
82 115 301
111 296
34 248 252
34 206 255
14 134
41 237
187 291
90 129
222 248
48 132
34 146 325
122 238 265
171 195 257
41 129
4 227 242
122 240 311
117 124
59 119
291 298 304
172 186 273
147 255 262
103 310
27 37 120
216 225 261
212 253
17 243
215 258
40 47 69
186 200
34 212 325
4 196
102 195 257
105 248
42 117 162
50 67 95
8 315
158 183 201
80 154
34 203 212
59 98 125
73 151
86 90
63 107 115
4 112 251
173 184 186
99 125 173
177 208
77 270
140 271 290
19 225 292
24 151
48 166 201
107 177 238
87 177 237
125 179 200
66 156 274
111 216 292
146 199 325
99 106 173
75 113 126
88 149
32 69 93
151 168
51 230
34 133 250
59 179 184
10 73 298
50 159 168
0 24 102
81 109
13 126 185
86 240 245
82 134 235
111 112 292
74 106
266 276
35 114
60 106 208
144 286
70 108
243 250 284
0 278
255 275
111 112 305
23 117
72 117 176
0 170
17 19 242
89 212 218
5 248
8 140 165
256 262 302
16 114
48 167 213
29 57 192
3 107 114
37 173
60 64 224
97 187
84 209 220
146 256 296
23 50 167
236 238
106 128
212 295
22 23 161
124 182
52 53 173
37 121 180
61 72 230
262 264 286
53 59 72
71 89 325
17 197 261
16 114 115
82 162 185
81 87 246
23 251
97 200
103 223 280
246 260 285
36 190
22 50 156
33 202 241
82 246 263
171 195 204
124 176 230
173 195
11 133
219 311
16 114 236
107 129 263
67 156 222
149 217 234
78 308
50 246
36 82
77 83
140 144 291
102 177 322
173 316
60 63 69
15 144
59 187
4 251
45 252
144 165 291
79 101 102
14 42 231
35 37 178
52 147
198 201
1 101
128 142
207 214 325
152 270
48 50 189
46 70 106
102 195 204
59 156 158
109 134 240
228 265
5 17 221
80 101
102 257 264
50 118 172
146 241 256
126 174 208
36 69 76
21 70 322
12 88
99 106 107
278 320
214 222
76 133 191
198 214
27 106 301
117 193 200
21 94 157
216 268
125 158 317
50 145 167
107 246 285
67 145
81 93 107
55 162 308
70 150
135 279
165 171 201
46 113 166
88 204
11 242 250
19 104
170 273
74 166 168
50 146 284
70 206 212
21 150
54 110 235
21 170 273
10 50 140
24 142 320
35 54 77
87 107 246
82 113 123
70 151 168
118 172 182
301 325
23 51
33 281
59 97 183
177 237 263
147 206 255
123 174
21 163
29 57 126
26 241
72 200 266
37 107
76 77 100
264 298
160 177
141 271 280
45 111 227
159 168 189
62 173 179
71 79 93
111 292 304
27 84 100
87 134 190
122 191
109 110 235
106 107 125
34 146 206
50 67 71
27 75
27 35 100
8 24 287
134 236 283
16 174 221
102 119 130
134 174
90 106 129
212 242
148 155 168
275 298
17 146 243
8 112 292
50 168 274
233 253 325
149 217 289
165 267 298
270 304
94 148 151
8 304
99 193
60 126 244
21 50 72
56 185 301
69 162 204
16 75 191
141 171 304
222 256 296
54 93 162
17 245
140 271 279
11 201
27 46 63
140 146 284
117 184 193
22 161 176
270 317
123 185 276
279 291 298
3 85 126
73 153
174 205
28 31 85
67 79
17 258
20 73 92
71 148 168
54 71 93
33 202
20 94 151
86 87 285
12 102 258
46 90 116
10 218
235 244 263
81 93 162
13 126 174
89 218
82 106 162
206 226 255
37 71 93
35 124 255
37 90 106
107 115 301
183 267
79 124 130
59 79 127
112 215 261
158 198 201
143 264 290
10 50 195
144 275
56 162
37 41 106
28 100
21 72 170
280 321
94 158 168
177 181 265
16 111 261
59 225 302
62 98
140 143 204
17 86 285
125 154
77 160 180
17 44 59
60 64 92
37 41
93 131 162
14 57
135 140 298
59 130 186
104 216
50 261 302
271 272 284
198 203 207
16 138 219
71 214 252
242 271 280
72 183
56 175
102 291
74 222 252
16 224
141 262 286
121 220 288
35 63 86
160 180 198
264 298 304
8 22 175
50 119 195
111 271 300
147 198 203
132 291
212 247 325
57 175 177
16 116
81 245
208 286
241 262 325
50 59 302
22 50 145
71 173
111 206 211
48 189
157 274 282
240 251 263
20 127
166 181
45 146 252
9 234
71 183 255
8 238
8 9
132 304
117 182 226
2 194
42 77 134
145 159 169
59 176
54 107 260
275 280 304
138 240
36 107 115
91 128
61 72 124
158 243 296
17 71 245
35 138 219
279 300
64 146
20 39 92
17 71
198 212 295
64 116 131
37 76 129
59 112 225
12 77
3 28
16 137 198
66 313
137 261 301
35 37 180
198 203
13 224 266
101 270
20 24 26
62 214 274
99 287 292
102 158 287
154 318
195 319
63 82 115
214 247 325
42 100 107
186 270
50 102 230
141 254 262
183 201
188 316
147 183 284
59 170 179
12 90
28 36 147
74 151 293
121 262
140 275
44 158 261
10 165
106 125 172
11 103 201
38 70 71
140 291 302
50 145 169
39 48
70 152
58 98
176 319
42 81 107
16 37
21 152
81 166
59 63 66
139 144 292
72 117
264 287
28 276
157 161
162 276
90 116 177
19 227
79 278
37 84 100
137 219
21 273
34 212
213 214
20 48
223 242 280
44 92 270
51 66 270
132 225
264 300
55 246 263
27 64
118 182
32 36 107
24 70 166
51 230 270
91 126 208
82 263 311
26 71 79
92 166
83 117
50 169
280 298 304
14 246
88 103 280
275 287
91 205 208
7 35 209
31 74 106
85 126
30 190
62 179
111 300
52 53 230
36 126
55 246 276
74 101 151
99 182
88 267 280
31 85 93
218 289 292
222 252
115 126
175 177
60 114 115
31 55 106
36 82 113
57 77
32 107 121
158 190 232
71 74 151
50 156 158
175 238 249
94 143 304
22 119 168
66 99 270
99 195
86 236 276
85 260
10 264 275
123 185 265
27 106 224
140 146 165
55 86 236
55 160 185
175 190
3 85 115
10 111 218
82 123 263
51 102 195
99 316
52 204
72 182 186
140 141 171
24 142
10 207
84 193
50 74 102
86 266 276
87 198
169 170 193
116 125 177
100 137
31 37
163 193
144 250 284
121 123 126
149 258
11 242 294
26 70 166
88 140 171
72 159
130 198 199
77 100 263
237 263
126 166
156 274
70 151 212
76 126 208
144 291 298
177 234 302
54 236 283
47 65 126
17 59 292
59 183 186
72 172
48 94 157
179 200 274
176 266
21 72 172
17 19 112
222 248 325
172 259 313
286 300 304
22 125 187
126 162 244
162 223
16 138 221
51 61 102
32 37 121
21 163 303
160 190 208
59 71 79
70 106 172
21 166 170
24 26 70
166 176 187
10 35 144
66 158 313
172 186 319
50 195 313
45 111 297
50 183 195
121 217 234
31 37 107
122 219 311
110 251
287 291 298
10 165 267
72 74 173
106 220 301
171 176 195
231 240 311
177 298 302
36 107 238
12 17 258
28 90 251
50 146 262
59 112 227
48 201 204
31 64 115
77 208
208 232 286
94 119 163
21 94 148
15 60 77
36 76 83
8 165 201
134 244 311
63 86 236
0 153 154
124 130 198
74 90 177
92 94 148
77 220 288
206 226 325
130 186 270
51 157 269
92 94 269
107 113 123
44 228 294
23 59 167
52 62 173
36 82 115
44 144 165
59 242 271
76 162 174
102 119 147
260 265 266
29 81 82
4 166 251
183 195 200
55 160 308
40 100 315
138 177 219
54 106 162
214 222 325
10 275 304
54 71 97
202 206 255
238 260 316
22 125 176
21 26 166
20 94 168
48 200 262
133 242 258
204 268 298
17 211 297
111 271 304
78 107 301
13 231 311
216 271 304
48 206 295
204 302 309
47 93 162
43 45 217
76 106 176
34 249 255
76 83 192
3 30 115
144 165 284
16 183 197
144 146 284
11 89 294
59 225 227
24 166 320
36 69 82
26 151 188
138 160 320
67 71 79
106 125 176
54 91 107
179 230 274
75 107 113
17 297 298
62 70 74
16 120 224
124 194 198
144 300 309
97 125 172
20 21 108
34 206 250
112 302 315
16 177 219
162 185 244
36 126 174
94 269 313
48 166 170
3 16 114
165 267 291
48 193 303
36 107 174
177 180 219
55 134 160
39 70 108
147 160 262
195 259 313
50 280 319
6 36 107
48 97 204
11 228 242
49 71 212
17 221 261
147 262 286
100 137 232
55 60 308
10 11 112
57 69 162
19 206 250
51 157 313
25 74 150
144 291 302
48 59 167
101 112 216
74 159 189
213 214 310
39 48 213
8 175 238
88 216 280
159 189 201
226 280 281
218 261 289
29 81 126
119 163 274
52 173 182
52 124 182
16 90 116
59 72 159
69 82 134
165 291 298
8 57 83
170 193 273
107 177 301
238 260 265
71 98 125
125 176 315
59 63 301
135 271 290
50 140 302
66 67 241
77 78 185
134 176 291
139 141 242
111 284 300
130 199 226
100 129 263
61 72 172
172 195 319
31 60 69
35 37 107
76 106 125
12 19 242
235 244 245
126 166 276
72 74 124
31 92 115
8 292 315
4 196 242
50 51 168
271 284 300
59 271 292
105 133 258
142 146 262
86 121 170
75 113 123
162 244 276
267 298 304
65 75 113
204 257 302
102 152 287
256 262 286
202 214 325
48 200 266
22 23 145
10 66 268
13 123 126
81 126 185
81 231 238
112 221 262
31 37 100
10 121 217
4 35 124
51 102 230
111 242 250
133 135 297
48 99 173
50 195 319
175 185 191
81 82 262
76 83 209
42 107 263
50 71 94
22 176 187
12 111 249
222 248 252
126 185 276
92 217 248
186 195 273
135 271 279
31 63 74
60 64 263
71 72 74
59 71 127
4 35 166
71 72 195
268 300 304
203 207 293
30 175 301
111 162 191
16 175 177
16 54 116
77 78 308
225 242 258
27 37 106
137 174 221
13 240 311
97 106 176
70 80 193
94 148 269
48 166 187
38 70 108
116 125 172
70 212 325
54 97 106
125 172 183
4 5 124
37 41 90
141 166 320
48 195 204
14 121 134
63 113 120
137 138 219
89 133 217
59 71 74
24 70 108
50 156 195
48 157 167
281 302 309
76 162 209
123 237 263
110 134 244
92 167 269
81 107 187
195 257 313
48 53 59
125 170 179
4 196 286
103 215 280
71 206 212
214 222 252
16 115 177
176 186 270
8 74 186
27 46 236
107 114 115
275 279 304
48 59 213
17 44 111
59 117 124
218 289
10 135 304
31 74 90
176 187 201
111 206 250
59 180 301
235 240 276
69 76 174
137 197 221
42 55 185
35 178 209
37 107 178
87 238 246
62 145 200
27 84 220
166 170 176
81 82 185
147 253 325
65 162 178
31 92 106
80 94 168
204 267 268
59 167 213
22 156 168
143 165 284
137 160 301
48 59 147
21 148 151
59 192 232
92 119 147
140 171 302
59 225 301
67 68 71
62 125 179
54 59 71
137 138 221
121 217 218
172 186 195
117 161 274
54 107 246
31 60 115
60 115 126
20 48 127
145 159 168
211 228 297
60 77 113
71 206 214
204 264 267
99 173 270
79 110 236
49 72 202
35 264 289
50 145 168
42 93 224
48 117 193
59 164 225
111 112 227
173 183 195
92 151 248
52 204 264
31 74 92
13 231 240
27 84 209
107 238 249
166 177 181
185 244 276
141 166 177
202 206 226
171 280 304
52 99 173
201 264 321
35 124 230
140 271 280
59 72 99
16 90 177
57 178 208
48 147 262
36 69 132
147 250 284
186 195 319
5 225
206 212 213
32 37 107
8 11 149
151 182 188
133 135 277
137 221 258
21 50 102
94 157 186
158 167 168
147 260 301
147 158 253
225 228 261
16 75 113
34 146 262
158 243 284
172 195 259
29 81 121
13 134 240
16 35 54
84 90 100
76 100 129
126 174 185
156 168 274
10 11 149
88 141 171
171 176 315
121 123 180
36 76 190
48 222 262
125 169 173
206 212 255
86 237 285
198 201 204
50 94 168
254 256 262
198 213 214
11 12 249
13 123 174
77 78 288
27 84 90
123 126 185
170 182 226
103 148 151
13 134 174
22 119 156
8 144 291
50 74 90
140 141 280
111 216 271
28 85 311
10 11 217
46 71 93
140 171 280
12 46 87
102 208 322
112 166 251
66 68 274
83 177 301
169 176 187
20 21 26
