8 140 144
132 268
268 284 287
48 202 213
49 270
50 66 282
35 106
111 206 296
30 180 185
76 107
62 74 124
30 78 174
240 265 283
214 241 256
55 244 260
178 260 265
71 170 172
123 244 283
81 166 276
204 268 284
59 125 182
11 149 201
74 148 293
0 270
33 202 207
126 134 291
160 222
24 26 166
30 131 185
27 107
148 168
65 100 178
107 178 185
144 279 302
21 148 168
224 244 285
31 35 36
48 166
20 21 39
141 204 271
157 158 313
199 214 295
8 83 175
135 204 286
21 48 166
48 74 270
138 180 219
83 160
198 254 256
121 235 263
60 145 168
97 158 172
82 121 126
60 208 224
48 58
10 144 304
92 101
63 113 126
121 231 265
8 284 286
144 165 257
93 107 121
59 147 183
139 141 292
88 103 215
88 204 267
27 120
71 172 194
60 126 276
31 60 106
11 112
81 126 301
131 177
102 140 298
160 190 209
79 80 130
141 201 279
37 100 113
69 134 174
12 93 107
202 207 293
34 281
39 92 108
135 201 257
71 79 151
65 160 178
17 111 294
10 111 248
106 120
37 286
133 223
171 176 291
147 198 206
227 248 297
236 240 251
48 72 173
154 282
108 166
212 241 254
76 78 100
83 138 197
81 110 185
132 135 144
37 160 285
82 123 185
204 290 298
147 160 301
37 107 129
56 76 174
135 143 144
204 267 314
8 140 291
66 145 200
207 254 255
81 121 236
113 148 166
81 107 301
121 224 238
141 284 290
71 157 313
131 190
71 102 148
23 167 168
32 93 121
81 82 244
8 59 302
1 80
53 179 186
102 142 320
48 50 168
45 228 294
93 115 116
78 83 185
149 279 286
41 106 134
48 72 186
48 53 173
108 179
58 62
27 90 178
3 126
133 162 223
214 309
8 272 302
107 258 261
8 10 302
215 242 248
64 75 120
1 24 154
52 173 179
59 66 99
81 137 301
82 126
165 271 290
33 253 255
16 116 129
119 282 313
104 242 292
85 91 126
27 41 178
15 77 113
3 247
58 183
61 125 182
10 201 275
61 188
132 279 286
126 317
143 144 284
231 244 246
92 147 158
4 215 305
149 225 292
146 214 253
74 102 270
15 28 113
38 142 153
53 72 73
95 155 158
81 260 263
21 70 193
77 83 137
22 67 155
93 115 129
214 226 256
3 15 75
213 295 325
11 17 111
100 219 232
55 106 126
267 271 302
11 228 294
88 215 280
14 55 283
0 70
141 177 298
31 93 107
21 80 322
271 304
104 204 279
147 243 325
57 97 192
104 223 292
132 225 292
107 177 285
14 134 283
63 74 106
81 134 245
10 284 286
77 209
124 179 186
146 202 256
178 265 301
176 188
77 137 265
89 104 248
66 230 270
204 264 271
59 61 118
59 102 119
141 144 242
130 158 183
149 206 292
201 271 286
226 253 255
95 199
54 91 93
50 145 159
141 315
203 309 310
260 266
22 67 168
135 267 290
242 243 250
135 165 279
24 98 148
52 59 147
42 309
111 112 218
198 202 310
50 92 269
123 134 224
135 271
202 206 309
9 132
24 73 320
48 170 195
72 179 186
49 230 270
183 204
82 126 162
17 59 227
63 115 120
59 169 186
204 263
171 315
286 290 302
10 140 291
202 214 254
125 173 186
74 153
19 217
170 183 198
243 252 256
143 284 290
123 265 276
48 183 255
8 238 276
70 206 325
37 84 90
93 121 162
10 59 302
183 243 284
132 297 302
20 38
228 294 297
165 217 322
33 202 262
140 267 298
77 106 231
97 125 158
54 110 240
76 121 162
35 253 255
213 325
20 21 94
171 267 286
125 212
111 227 302
11 218 248
103 104 242
83 215
69 280
123 126 174
60 231
55 265 266
86 123 134
86 109 236
44 223
60 231 263
217 289 302
26 124 188
219 224
71 97
76 175
50 52 186
66 125 179
53 66 230
50 159
121 162 220
81 122 237
54 82 235
173 229
85 100 160
112 227 248
252 293
106 114 120
145 167
131 232
16 100 106
4 83 215
48 172 230
13 231 244
34 212 293
87 238 239
144 165 204
22 119 145
50 280
114 236 244
105 216
9 279
55 81 162
74 214 247
99 172
81 121 170
21 50 51
46 96 301
30 301
54 86 246
11 59
57 175
117 226
81 110 240
115 116
7 37 100
41 178 237
135 201 204
36 107 160
50 172
20 92 108
26 73 320
279 280 290
14 42 265
74 114 201
21 50 172
139 291 304
213 310 325
36 40 106
271 280 300
170 173
19 59 227
87 175
20 48 186
24 99 173
122 123 134
105 229
28 110 236
51 155 156
146 198 243
121 191 237
284 292 295
80 148 168
6 36 93
26 52 274
147 310
165 201 286
36 93 238
21 70 127
15 137 219
144 264 280
242 248 286
10 275 279
214 215 297
11 17 45
75 178
17 228 250
122 263 265
95 164 326
172 183 319
214 256
54 81 265
186 194
106 120 126
165 280 286
170 186
103 149 216
206 211 249
1 148
196 242 248
207 253
179 184 186
21 170 186
3 16 126
76 126 185
206 213 295
10 141 171
174 185 301
1 102 142
170 186 188
123 134 266
224 231 265
33 34 249
80 148
36 76 126
76 180 192
236 237 263
8 225 258
26 102 108
23 118 172
143 165 290
75 191
267 280 298
140 271 284
279 302 304
73 92 320
37 41 85
13 244 266
71 125 176
26 53 108
284 287 314
28 65 75
59 61 173
134 244 246
176 179 291
60 82 263
23 145 167
26 154
76 107 185
173 179 186
212 213 293
10 50 66
8 171 264
89 196 242
144 146
89 210
106 162 220
36 57 126
5 216
151 270
170 320
267 287 314
134 260 311
201 257 298
50 71 157
141 262
216 268 291
8 201 264
48 124 255
69 93
132 149
21 102 270
178 265
48 68 94
144 298 304
81 245 265
257 284 298
21 148 157
6 47 69
146 147 250
20 93
35 65 138
268 291 292
12 34 213
101 130 148
206 212 325
148 278
5 229
286 292 295
257 279 304
267 268 314
36 37 160
198 310 325
141 275
19 133 242
107 125 176
139 165
63 113 115
103 104 297
51 94 269
59 125 184
13 123 231
106 129 177
69 106
243 293 325
72 193 273
71 152
225 284 292
93 100 107
77 106 178
213 255 310
98 161 176
70 71 168
103 104
48 168
53 173 182
20 21 270
298 302 304
160 180 190
171 275
201 267 302
135 264 302
157 163 164
50 214
139 289 300
21 48 168
227 248 286
111 271 292
191 192 232
215 280 287
102 107 231
198 203 212
87 134 237
87 175 238
103 225
122 238
101 148 151
76 100 107
21 71 273
83 113 129
82 123 174
76 77 160
78 168
216 271 292
10 69 132
91 107
13 123 244
33 202 222
23 50 161
8 140 280
66 145 189
13 224
25 278
261 289
8 112 218
55 56 160
112 166
60 96 106
50 170 246
22 161 318
175 180 232
141 204 286
216 225 297
4 111
145 168 274
55 81 109
123 126 134
209 220
13 134 231
65 93 126
121 238 283
8 10 291
36 91 126
17 89 133
13 55 86
144 165 272
31 69
171 264 298
31 64 92
170 186 230
80 190
4 254 286
12 292 295
8 165 286
81 121 238
74 79 127
82 121 262
76 83 301
88 104 280
59 79 148
117 170 184
30 177 265
71 206 207
207 247 254
104 196 286
17 133 297
193 252
36 121 126
279 292
133 248 292
17 292
48 50 170
206 248 250
71 169 325
5 221 261
34 214 262
40 69 106
28 85 126
12 17 248
267 271 291
52 249
206 250 296
143 144 165
54 81 91
147 222 255
24 187
37 76 121
170 241
214 222 247
69 82 120
6 36 40
134 238 244
62 145 274
50 183 319
206 243 293
104 242 294
119 195
48 163 168
8 204 291
57 69 82
121 170 246
146 262 296
135 139
198 207 293
140 254
16 90 115
267 295
143 144 286
125 170 187
10 144
8 257 302
59 167 274
132 135 280
49 72
215 227 248
50 118 274
114 201
10 171 290
22 67 157
21 70 195
55 236 238
158 244
135 143 280
8 74 302
33 249
267 271 304
16 183 198
94 119 274
14 55 285
146 206 256
140 201 280
177 195 234
213 247 286
103 149 284
202 206
198 255 310
59 151 158
42 107 260
46 106 107
107 260 285
86 237 276
86 260
14 134 285
146 199 253
10 22 59
8 143 257
165 286 290
146 243 296
55 87 236
19 206
10 217 234
149 289 292
52 61 74
43 88 133
121 185 244
65 93
82 262
137 198
51 158
149 292 297
251 260 263
19 227 242
50 145 161
48 117 186
202 226 253
26 101
144 322
139 216 268
278 322
206 254 256
190 209
28 147
8 127 141
57 85 160
19 44 242
14 237 238
206 256 302
21 130 158
226 309 310
132 204
32 37
8 57 82
95 322
132 289 292
255 311
46 87 107
62 145
46 106 120
7 209
132 292 297
139 144 284
144 171 291
26 71 166
226 253
55 82 134
3 35 126
264 279
286 290 304
35 54 71
229 258
202 214 256
54 106 231
130 158 198
107 123 185
206 302 310
50 94 172
71 86
123 276
65 84 106
51 230 249
264 291 298
10 59 304
133 149 258
153 155
41 90 100
257 286 291
150 156 274
42 131 162
34 280 295
121 162 209
202 247 325
21 127 166
144 242 292
117 169 200
54 82 224
10 112 315
143 279 298
86 123 244
13 266
62 70 183
137 198 320
22 118 313
118 282
52 74 147
140 143 264
54 237 283
15 46
146 247 256
78 100 220
166 215
103 292 295
180 198 232
12 87 107
257 290 302
74 101 130
23 50 95
247 325
48 49 270
214 280 281
17 18 295
30 175 177
71 99
213 222 309
76 177
62 279
23 71 154
22 282 313
8 59 225
240 285
53 124 173
23 161 313
48 176 230
93 107 178
21 108 166
69 174
17 215 287
37 107 173
215 228
275 279
107 113 126
196 215
50 58 124
217 262 322
233 282
4 166 215
145 169
34 213 254
145 161 168
202 262 286
81 110 121
17 227 297
29 82 126
111 292
59 102
4 166
55 109 263
105 218
124 231
206 248 292
22 50 313
17 105
41 106 178
48 72 230
289 298
198 207 214
199 202 247
35 37 93
123 185 244
86 134 244
52 62
57 177
76 190
50 74 189
69 162 185
80 148 157
43 242
4 196 215
87 285
34 243 254
14 122 260
27 220 224
171 204 302
50 62 71
43 133 228
81 265 301
78 83 121
135 143 201
182 293
214 215 286
8 177
279 280 292
8 10 238
48 222 295
37 255 286
55 160 285
171 257 313
81 82 301
87 177
40 65
10 204 280
3 16 115
16 121 180
251 285
8 298
59 72 200
74 214 262
206 223 248
16 35 113
10 264 267
54 134 238
82 174 301
141 144 165
218 289 297
59 66 156
64 107 129
80 106 173
8 141 290
143 165 279
207 214 253
15 107 113
16 28 110
10 257 264
79 119 168
59 172 259
56 134 185
207 254 325
88 215 216
16 81 121
141 144 286
141 177 234
226 254 295
238 276 301
101 317
216 304
29 76 78
104 149 279
100 137 220
36 55 69
135 315
52 117 169
81 276 301
121 188
80 150
15 35 65
102 257 313
54 134 251
280 289 300
109 251 285
10 320
109 122 134
51 92
206 247 295
110 244 276
21 186
59 151 213
54 134
143 264 271
146 213 243
197 221 235
50 51 167
235 251 260
10 59 117
141 143
12 258
36 55 82
89 212
8 143 204
15 16 65
41 100 106
83 138
138 180 197
74 318
135 140 279
225 258
201 280 284
8 291 304
16 180 197
0 153 320
68 274
16 84
71 94 168
29 57 162
202 254 262
52 170 193
54 77 107
7 35
38 39 108
162 323
59 125 173
10 217 302
280 315
59 74 127
86 246 285
165 204 291
24 102 152
141 201 257
139 275
8 171 279
70 212
37 77 107
206 295 325
66 179 230
107 174 178
206 207 212
143 165
17 19 225
133 242 248
77 162 220
34 255 293
111 248 297
48 183 204
50 94 119
131 160 185
24 70 92
74 150 222
16 97
87 236 237
81 226
82 231 285
143 171 298
48 49
20 21 151
204 284 296
97 170
141 143 144
34 146 242
34 206 293
72 125 141
59 125 186
93 126 162
53 230 274
26 148 188
70 92 108
201 264
8 98
50 95
260 263 276
12 17 103
159 267
11 103
147 214 286
30 175 232
71 154
28 81 276
86 106 224
225 242 297
257 264 304
34 243 296
76 77 270
17 245 285
201 267 304
135 264 304
21 48 170
147 226 296
27 60 85
302 309 310
99 176 187
75 123 126
213 222 256
117 162
135 298 302
103 227
249 281
15 114
16 75 106
59 157
51 158 269
4 221
34 146 255
143 299
53 73 74
22 94 145
70 71 183
59 71 313
34 212 242
10 143 204
50 125 182
40 47 107
16 37 120
267 271 280
57 82 185
63 114 301
135 279 302
98 125
157 269 282
106 245
126 166 317
59 170
206 262 295
8 204 280
50 186 313
183 226 255
147 160 305
61 125 173
106 137 258
124 198 214
102 287 298
75 114
57 91 126
28 219 236
238 244 283
125 170 176
20 80 168
38 232
8 257 291
16 17 299
21 172 195
48 50 172
8 177 298
77 308
89 133
35 106 116
107 187
112 302
50 118 155
16 78 107
23 51 118
134 238 246
141 165 171
34 295 310
36 160 177
144 171 267
58 187
199 206 262
146 202 247
29 97 192
15 35 120
165 264 291
202 253 254
93 131 185
198 207 295
121 243
176 179
48 222 255
46 69
28 64 311
37 64 126
76 126 134
11 59 112
30 102 106
72 73 74
46 69 106
116 249
52 264
0 74
253 254
59 61 230
81 86 87
134 263 316
48 170 186
76 177 301
216 217 289
183 195
66 67 95
112 242 292
141 198
225 227 297
36 160 190
72 98
144 171 280
43 227 294
119 164 274
55 82 123
146 183 247
37 77
8 248 312
133 217 297
140 279 286
149 216 304
14 93
79 102 124
107 123 174
139 242 286
183 316
237 251 285
198 222 256
202 226 255
7 140 257
135 275
51 94 313
47 162
107 160 177
93 278
137 138 258
62 70 172
90 209
140 286 302
217 218 228
77 78 160
138 178 219
81 93 224
204 271 291
190 209 219
139 144 286
226 255
76 77 83
173 176 187
146 262
165 275
64 224 263
118 163
26 124 179
16 174 191
135 290 291
208 322
26 39 71
14 82 231
10 177 298
94 164 274
9 149
183 204 296
107 160 190
74 278
215 217
124 176 255
107 113 115
214 253 325
121 180 265
71 72 73
145 158
140 267 302
34 213 243
233 253 295
236 276
71 80 193
131 162 178
83 219
20 130 270
248 286
37 153 170
71 101
54 86 237
16 165
177 208 322
48 117
16 63 107
79 101 127
43 133 217
121 244 263
55 260 276
37 65 178
87 245 246
46 63 236
268 292 304
16 100 110
84 100 220
135 141 302
35 60 106
50 284
23 274 313
125 154 166
8 287
31 69 106
12 17 292
30 305
106 114 245
82 276 301
86 134 246
52 64
12 102 107
60 82 120
243 295 296
80 106 162
9 216 248
54 110
238 265 276
59 225
174 175
35 178 219
33 206 226
82 123 244
35 90 106
35 71 93
171 204 304
74 225 302
10 160 320
48 72 124
8 121 300
37 60 113
8 74 225
16 197 285
5 17 138
175 185 232
71 125 154
195 234
140 298
126 134
61 176 230
56 134 174
16 81 110
271 280 304
255 267 275
140 165 280
76 83 129
93 113 129
55 86 109
125 186 212
147 243 250
175 178 192
243 284 295
206 213 286
77 134
17 242 297
89 294 297
66 241
16 35 115
54 134 240
35 138 160
37 76 178
98 193
47 84 107
60 63 120
74 130 270
14 266 283
169 184 230
218 228 289
238 246 276
134 238 301
146 158 296
165 201 290
11 45 111
144 264 284
132 216 289
71 148 151
123 180 265
69 107 126
52 108 230
55 224 285
299 304
12 248 295
215 227 305
170 193 195
37 106 178
48 117 230
193 322
76 107 176
43 227 228
52 59 193
55 60 69
21 193 322
102 140
97 170 257
162 191
88 242
48 124 125
140 141 286
280 289 302
147 222 325
79 193
47 65 107
34 202 214
244 260
279 290 298
71 94 157
271 291 304
35 86
21 79 193
16 69 126
55 57 185
123 231 324
147 301 325
8 111 133
235 260 311
70 80
267 280 302
0 21
20 176 186
280 304
88 242 297
95 161 274
140 171 286
103 216 223
16 298 299
77 185 220
202 226 310
213 250
162 204
74 320
148 269
0 142
118 269 274
222 262 325
201 280 286
59 148 186
48 202 206
121 276 311
107 114 301
48 59 157
7 37
240 265 276
3 65 126
144 271
144 286 298
204 322
7 140 204
123 244 276
9 312
10 195 286
30 131 178
27 100
165 302 304
201 275 292
10 217 304
151 166
206 214 254
21 322
77 106 169
94 157 168
73 74 108
24 102 154
186 313 319
77 78 107
71 80 127
241 325
53 274
59 117 176
141 204 264
111 215
4 89
3 35 75
81 238 266
317 320
59 180 232
9 204
17 19 227
206 223
151 287
34 255 295
25 148
48 255 311
217 234 304
3 28 35
83 138 177
111 206 302
50 52 124
92 94
60 78 107
204 284 298
4 210
144 165 250
97 172
234 298 302
11 105
263 311 316
102 140 291
93 160 162
216 223 242
289 292 300
134 246 285
37 100 106
153 154 320
35 77 209
53 124 230
141 143 267
20 70 166
17 248 292
22 119
78 121 191
114 120 236
51 119 158
57 82 174
160 190 323
135 298 304
60 115 231
103 229
53 61 66
52 62 99
59 159
144 146 250
31 60
172 186 313
76 162 208
242 280
165 264 267
5 124 198
8 257 280
137 162 265
64 107 173
15 237
235 240
133 229
216 225 301
141 143 280
17 54
8 149 225
34 214 253
50 172 259
24 92 108
14 55 263
135 279 304
86 235 245
60 115 244
103 242
123 276 311
1 194
106 247
10 37 160
50 269 313
14 134 263
15 77 106
58 176
211 228 294
16 46 63
13 122 265
8 165 290
271 289 300
286 299
47 84 162
10 135
55 86 285
133 242
212 254 256
35 84 100
135 143 271
11 17 104
110 235 244
80 157 168
8 132 234
14 55 276
60 77 231
27 46 114
57 76 126
231 235 311
117 124 193
138 160 178
109 235
103 149 275
140 264 290
8 227 242
21 79 127
39 70 166
81 134 238
76 126 244
53 74
83 93 113
135 143
36 76 185
143 144 290
286 312
198 199
33 226 249
225 302
65 84
132 135 284
114 205
172 176 230
31 106 190
12 194
130 186
48 124 301
76 133 297
113 115 129
198 320
19 89
48 189 201
51 270
74 92 167
31 57 190
271 310
104 133
183 197
0 24 142
95 313
71 212 325
103 267 280
74 108 148
4 286 312
34 295 325
21 51 270
204 271 280
10 284 292
86 240 285
66 179 274
102 208
36 57 185
71 73 166
133 242 292
33 226 262
240 263 285
224 246 285
36 83 93
10 59 66
10 279 298
108 148 230
158 261
55 82 246
72 186 195
13 257
140 286 304
95 326
50 52 58
77 78 162
202 212 214
20 152
171 286 292
52 59 274
97 106
55 109
147 214 222
135 271 280
264 291 302
81 283
20 49 270
7 204 257
45 88 228
240 276
54 107 285
17 111 221
135 292 302
51 158 313
111 162
143 279 302
24 39 166
85 109
148 157 186
141 284 325
102 107 169
111 206 249
107 175 177
84 100 209
135 141 291
146 233 325
92 270
185 232
48 188 204
103 104 248
72 125 319
99 144 292
37 107 285
195 234 286
8 276
204 286 291
52 53
76 181
51 68 167
102 124 230
120 224
23 117 274
106 107 231
210 227 286
106 110 236
171 257 304
135 141 304
102 151 188
18 297
107 238 246
10 204 271
8 144 165
50 155 182
289 302
22 187
228 292
115 175 301
66 230
67 79 163
10 69
81 244 246
214 222 293
24 99 287
59 227
16 116 177
17 298 302
8 144 286
23 59 282
76 162 276
6 16 107
102 158 204
107 123
186 187
65 126
170 179
121 237 238
149 242 280
40 69
147 202 214
91 178 205
15 60 113
23 95 326
171 291 315
5 17 261
76 106 236
76 180 185
6 46 107
37 76 180
27 106 220
34 202 203
98 195
84 106 107
72 170 172
165 284 290
174 190
246 295
177 195
28 75 113
204 298
144 264 286
52 59 74
267 280 291
50 51 158
121 300
111 304 315
52 200
98 316
258 305
141 144 290
5 88
63 66
104 292 295
102 264 320
174 311
76 107 178
81 134 185
8 125 141
10 50 59
158 166 261
10 141 177
201 204 280
3 114 115
26 67 157
33 34 255
57 178 205
8 132 302
70 102 195
19 44 59
132 144 280
264 275 279
74 80
60 145
59 130 158
134 235 311
16 78 177
66 158 270
134 238 316
52 170 184
82 231 263
36 69 129
54 55 110
202 212 256
74 159 168
202 203 207
28 85
74 201
148 150
140 254 286
56 174 180
55 110 134
206 226 253
130 183 193
234 311
14 42
94 158 274
59 148 188
250 255
150 317
55 121 185
135 257 279
71 94 172
141 268
107 125 169
56 160
50 59 274
124 173 186
13 123 224
74 214
151 182 293
54 82 162
122 265 276
280 319
44 45 88
212 214 241
60 231 311
46 96 107
177 181 263
71 145
225 261 301
21 151 168
139 279
111 217
138 320
171 268
104 228 242
55 56
151 212 293
69 76 107
41 46 237
103 218
10 218 248
19 105 149
226 325
202 256 325
74 124 173
50 99
201 268
50 58 62
20 74 166
8 24 98
60 244 263
26 108 241
107 208 301
289 292 302
76 236
117 274
12 93 102
9 216 292
92 217
133 218
74 179 230
215 287
8 135 279
27 236
13 134 224
60 107 113
8 10 284
78 137 174
48 295
34 226 252
27 37 41
29 82 185
69 120 126
66 157 313
107 238 301
4 225
78 174
93 107 129
135 171 201
8 204 271
185 265 266
281 302 310
10 280 321
16 197 221
8 19 225
140 234
87 231 260
8 165 279
115 177
216 229
111 217 304
69 106 120
21 172 186
64 131
17 285
34 214 255
8 135 292
206 213 222
37 60 170
35 106 107
267 271 284
107 178
14 55 265
216 300 302
145 159 167
69 82 113
290 299
87 236
54 59
14 134 265
31 75
8 264 298
199 206 253
16 137 183
50 51 92
121 234
8 19 238
140 247
143 144 279
271 289 302
17 217 297
160 198 320
137 178
171 257 264
12 115 116
1 317
84 106 162
106 169 187
251 263 285
279 284 298
17 298
121 137 183
176 291
80 317
18 103 223
23 42 117
66 156 195
60 82 311
1 142 154
49 186
69 82 126
165 271 298
183 186
6 36 46
290 312
29 76 137
50 90 326
125 158 183
81 134 240
177 216 286
83 93 115
89 258
223 258
118 119 145
65 315
59 148 230
76 107 125
20 26 70
33 222 253
33 255
33 34 202
59 74 173
271 312
35 264
119 156 158
172 269
63 74 114
125 194
9 248
83 197
10 135 171
10 140 286
8 201 204
54 106 224
13 86 276
59 102 127
66 95 282
65 100 107
35 116 124
21 74 148
63 69 120
100 178 185
45 88 217
125 315
82 263 283
9 140
12 106 258
126 162 174
117 169 193
143 279 291
10 165 171
217 262 302
234 292 302
104 148
71 200
28 81 93
34 89
8 133 312
20 154
111 227 297
41 100 178
37 121 209
83 162 177
24 26 108
44 218
217 289 297
8 304 315
69 76 162
87 134 285
82 244 283
71 79 80
92 151
10 177 302
99 144 173
28 60 276
14 231
160 285
215 221
143 279 304
5 138 177
212 214 309
212 255 310
234 292 315
30 175
50 52 302
76 83 107
248 250 297
112 248 302
12 258 261
69 106 162
171 206 284
64 173
23 172
270 278
22 176
158 204 287
111 284 292
74 147 252
12 17 54
16 54 106
50 176 230
76 185 276
280 286 292
145 161 282
8 175 177
71 193 195
13 55 134
171 201 290
53 124 179
53 184 230
60 224 231
59 101 130
74 124 241
243 296
76 162 265
50 172 195
83 129 134
115 244 245
112 227
79 80 193
1 130
86 224 251
71 206 255
48 64 116
147 202 203
86 122 240
87 237 251
8 291
22 168 274
80 130
37 178 180
31 85 91
45 133 228
60 115 301
21 80 130
202 241
147 305
73 127
141 171 291
16 176 230
42 93 131
156 168 326
22 119 274
255 293 295
132 216 280
198 202 226
94 186
34 203 309
57 137 301
140 302
107 125
179 230
95 282 313
21 94 186
36 65 107
58 125
141 242 292
42 117
8 74 121
162 182
79 130 148
54 134 244
227 286 305
59 79 101
26 74 270
29 76 192
71 94 148
202 254
52 170 173
204 300
36 132 174
102 106 258
35 54 106
271 284 292
14 224 263
279 286 291
76 219 236
280 295
141 144 292
59 102 169
268 298 314
200 230 274
210 286 305
86 246 265
111 272 284
260 316
134 237 238
82 235 263
81 238 244
295 310
83 131
138 180 190
8 234 315
206 212 307
33 310
71 73 102
36 76 134
143 271 280
51 66 68
137 138
22 118 119
227 242 248
35 90
169 319
202 254 255
7 257
52 170 186
137 265 301
76 137 180
102 166 322
216 268 286
48 179 186
148 152
32 37 93
5 103
59 102 182
65 100 162
178 260
8 24 74
16 198
134 190
244 263 283
34 252
125 141
180 185 220
111 206
37 77 100
146 183 198
122 238 283
187 201
8 140 141
247 252
151 278
74 147 173
54 235 285
131 160 178
77 78 219
144 149 297
143 171 291
165 290 298
135 234 297
180 198
144 286 302
185 276
102 278
143 279
22 50 119
160 219
230 241 262
20 79 270
44 89 133
107 162 174
84 86
24 102 158
134 246 276
48 163
78 100 160
20 101
257 267 302
37 77 113
268 291 300
21 48 163
143 171
54 82 285
127 163
44 45 211
25 152
11 217
44 165
63 120 126
67 170 241
65 111 162
16 91 107
29 82 174
309 325
144 267 302
166 276
97 176
143 292
171 264 280
8 242 286
242 271
140 144 146
35 180 190
20 74 168
131 174
79 80 127
103 112
39 73 92
139 294
73 169
59 271
19 77 210
141 143 271
4 104 216
64 120
59 147 301
110 236
10 234 315
227 248 294
48 72 170
8 225
21 166 168
214 247 286
16 35 40
42 212 309
8 10 286
213 222 262
84 220
17 103 292
121 209 220
221 225
45 228
144 165 267
31 64
91 115
77 180
111 133 191
102 287 291
50 158 244
8 121 238
75 107
30 225 301
8 19 227
107 231 263
66 230 241
111 300 304
13 224 240
59 71 319
144 303 322
235 244
106 169 176
279 287
298 300
176 200 266
17 287
58 59
9 292 302
5 17 197
7 84 100
272 284
216 300 304
34 147 203
102 127 130
82 123
87 109 134
147 252
125 158 172
119 158 274
37 69 76
106 173 187
21 73 74
8 9 10
15 35 113
82 120 126
65 75
63 231
82 244
83 177 219
149 225 289
202 309
50 118 269
43 44 45
87 246 260
59 183 213
50 62 145
212 213 222
58 72
109 235 244
202 206 293
70 130 193
281 309
94 119 269
113 115 120
146 165 250
169 193 230
137 301
84 106 285
183 188
36 37 76
132 225 289
8 111 300
125 183
59 169 170
86 240 276
57 160 208
15 16 113
165 171 298
15 35 126
14 86
146 242
22 74 168
178 180 190
33 226 253
202 213 309
52 170 241
141 312
278 317
77 190 209
180 208 286
0 80
147 203 226
151 212
116 129 177
271 300 304
71 80 173
7 204
132 225 302
204 271 284
48 311 316
177 216 301
104 248 295
213 309
171 312
15 16 126
27 60 120
55 87 244
71 73 170
74 150
165 268
104 258
87 236 285
137 197 198
50 52 170
141 325
125 317
82 263 285
183 201 284
171 204
125 141 315
157 269
262 322
48 74 201
133 225 248
59 157 186
234 292 304
85 100
43 228 242
122 240 276
14 93 238
48 188 195
121 134 263
59 193 230
201 204
59 124 130
71 94
76 185 265
135 271 284
30 106 301
46 87 236
217 292 304
62 274
7 37 84
13 55 123
21 71 94
141 171 267
55 82 263
92 153
212 218
74 124 230
50 67 168
88 103 267
226 252 255
30 177
34 213 249
271 280 284
86 106 285
140 146 247
81 82 283
29 82 121
18 248 295
106 172
59 97
171 206 286
144 165 201
8 280
99 169
63 114 120
111 242 297
8 10 112
45 133 217
98 173
144 271 304
203 226
60 82 113
53 61 125
141 171 280
144 165 322
35 71 86
166 251 276
99 292 315
10 143 144
48 72 117
13 122 311
216 227 248
202 206 214
247 252 293
71 172 259
112 229
198 232
146 165 171
216 286
149 242 271
172 195 313
175 178 185
171 292 302
29 185 232
102 166 177
121 170
77 137 183
8 225 242
225 227
47 84 100
60 63 113
10 73
21 121 170
50 280 302
60 82 126
147 307
54 116
100 232
16 69 106
8 144 290
135 171 271
57 174 185
79 119 163
74 241 252
86 244 245
0 1
284 287 298
231 263 311
46 71 79
170 183
86 224 266
53 72 125
162 174 185
50 62 200
8 111 234
12 90 116
34 214 325
121 170 188
48 61 62
201 204 271
15 35 60
56 134 301
121 183
18 103 280
193 200 230
51 94 119
51 173 183
140 141 279
57 76 185
54 87 134
47 65 100
279 290 291
149 206 223
267 287 298
202 256
207 255 262
36 69 120
67 68
36 55 185
204 302
80 266
138 197 240
231 244 311
36 134 185
52 61 124
140 171 279
257 313
238 260 301
160 209 219
21 73
169 200
10 59 112
16 83 138
174 177 191
198 213 255
174 185 311
123 134 276
81 238 246
88 248
107 261
234 302
139 141 144
59 74 230
68 269
66 67 156
8 70 71
66 158 274
143 171 280
34 133
139 149
144 286 291
166 215 261
111 218 292
160 208
148 154
112 133 302
121 180 192
27 93
233 255 295
77 78 100
244 263 285
76 174 185
225 261 292
146 147 247
50 59 157
127 152
5 138 221
161 163 318
111 248 292
66 155 282
217 234 297
81 126 166
76 106
217 218 289
34 146
107 125 173
12 258 305
10 177 238
10 144 290
50 90
33 202 206
27 106
50 130 158
63 120 236
81 226 262
147 173 243
54 86 285
225 284 289
222 281
52 62 200
261 292 302
147 286 305
55 60
132 280
25 154
257 279 314
30 232
84 209
40 302 315
161 163
166 278
144 292 297
216 271 289
17 155
86 90 251
51 118 313
63 114 175
183 247 296
42 77 231
71 193 252
32 93 107
12 93 106
110 134 236
59 273
46 70 71
48 72 172
22 125
66 168
40 46 106
79 107
107 175 249
76 83 177
170 193 230
30 191 305
161 176
100 126 162
48 64 173
83 121 192
86 231 240
16 137 174
82 185 244
57 82 301
84 90 209
146 198 295
52 125
76 78 220
83 117 194
20 38 166
24 108 166
6 69 93
18 248
42 107 123
89 218 242
48 50 167
279 289
197 240 285
130 166
76 134 236
204 234 257
22 94 274
69 107 174
88 141 280
112 297
147 222 252
140 201 264
28 147 183
4 242 286
71 206 325
198 214 293
81 109 238
29 180 185
86 240 265
8 264 302
54 71 245
30 93 160
16 46 69
15 35 115
121 238
218 248 292
267 292
48 124 173
286 305
10 217 218
201 280 321
156 195
158 198 232
81 162 185
107 246 263
100 137 162
76 126 129
48 94 186
233 295 325
76 129 134
135 257
74 247
183 255 267
148 170 186
111 234 315
77 180 190
162 276 301
81 134 244
4 286 305
198 213 310
44 250 297
74 173 270
90 100 209
81 238 301
15 16 115
9 10
56 123 180
181 265
148 317
202 233 253
79 102 119
33 226 255
76 265 301
151 322
107 126 174
241 252
76 107 129
58 316
50 51 230
11 250 294
151 168 212
222 243 252
199 295 325
8 111 315
122 134 283
70 262
185 212
146 183 255
97 99
14 86 224
202 214 253
118 158
8 71 98
178 209
16 221 261
178 239 260
26 108 166
121 122 134
48 99
87 106 177
125 319
52 186 200
23 42
284 312
22 50 176
10 121 132
107 160 185
57 126 208
132 280 297
31 55 69
17 104 211
145 153
21 74 273
83 185 192
132 289 302
217 258
62 155
134 260
57 205 208
20 158
64 129 263
264 279 298
17 89
74 230 241
74 101 127
35 37 77
71 325
16 54 97
78 137 220
76 174
26 108 179
263 266
60 78 168
16 28 81
87 251 285
171 204 286
50 67 170
177 180 191
51 102 158
50 172 186
46 107 301
94 164
71 86 245
85 115
112 218
247 296 325
271 280 286
178 190 209
71 74 127
37 232 286
133 277
10 204 264
35 90 209
105 215
41 134 237
36 115
25 222
138 177 180
52 59
34 249 295
54 86 245
14 55 82
34 147 247
60 82 115
27 37 100
265 288
11 111 218
17 223
111 133 248
45 217 297
183 198 243
71 166 187
50 102 140
58 71 86
48 166 168
134 240 285
10 111 315
57 83 177
10 143 267
206 248 302
28 36 57
17 242 292
57 76 174
60 63 115
23 51 168
95 119
265 301
204 291
69 126 134
257 302
20 24 70
35 85 120
174 177 180
172 194
158 296
16 115 116
70 183
174 180 185
206 254 295
135 312
234 291
280 289 297
5 202
74 166 201
177 195 286
267 268 287
69 82 185
20 79 127
174 178 260
16 97 183
287 302
199 206 325
182 184 186
10 22 111
81 166 251
134 244 245
132 135
74 166 322
299 312
257 315
107 114 175
7 140
54 55 224
26 153
109 110 134
20 79
39 92
38 39 213
18 103 295
130 183 186
20 130 186
234 304
143 149
21 39 92
198 199 295
5 215
48 183 188
52 74 186
16 81
111 206 284
16 138 197
26 274
70 317
80 130 193
134 176 316
59 125 170
166 187 201
280 312
27 35 120
176 201 291
95 161 282
66 186 230
11 211 249
141 262 264
21 317
20 92
204 257 298
55 81 82
127 154
247 256
111 248 294
48 183 201
71 259
17 71 89
36 59 147
34 213 293
51 68 94
290 298 302
83 113 115
18 103
50 92
204 287 298
171 264 271
113 148
21 50 92
22 66 67
107 162 178
160 190 197
24 39
84 90
15 219
48 167
175 208
34 243 293
59 117 184
68 94 157
104 228 248
154 270
31 160 190
112 227 302
25 156
66 157
14 42 77
81 240 283
11 221
17 71 102
59 173 200
107 175 238
147 158 243
268 291
76 100 106
54 107 238
205 208
191 244 283
31 55
91 106
137 183 198
50 72 195
204 267 302
48 71 94
76 180 220
227 297 298
217 218
10 117
222 296
53 61 182
237 245 263
13 224 231
170 198 226
16 75 224
69 106 113
71 313 319
78 288
251 263 265
45 111
12 54 116
3 114
237 238 260
140 144 271
50 125 179
214 297
76 125 176
50 102 195
1 24 142
38 108
24 173
37 76 107
69 82 106
235 244 283
147 243
21 38 71
104 242 280
163 193 303
114 175 301
149 289
72 169 170
59 130 193
93 128
119 146 147
125 170 173
68 71
279 291
50 95 313
279 284 291
37 41 126
42 55
170 172 186
4 42 227
88 171
6 46 47
141 177 286
63 114
271 292
140 204 271
37 120 126
28 100 110
8 141 234
12 297
51 92 167
48 163 167
141 256 286
116 125
146 262 295
176 230 270
82 248
49 71
17 54 245
38 142 154
22 67 156
139 144 149
124 193 230
16 85 120
71 101 102
60 69 82
44 111 248
148 170 188
140 264 298
77 183 197
18 242 280
103 267 275
36 55 134
153 249
104 248 286
45 88 89
125 187
35 63 106
146 284 296
83 190
101 102 127
202 233 255
6 40 107
266 311
238 249
71 72
158 258 261
63 69 113
82 244 263
20 26
125 169 176
56 208
52 53 74
34 280 281
94 269 274
74 262
41 85
51 107 249
143 279 284
16 28
60 263 311
52 58 125
217 218 225
216 242 292
225 294 297
16 17 83
35 60 77
198 213 325
166 201
55 123 134
245 265
260 266 276
36 91
202 214 255
46 79 107
42 185 276
158 160 197
34 203
166 322
20 186 270
73 150 274
78 209
10 135 298
134 174 311
54 93 116
185 265 301
284 314
54 244 285
173 217
71 206
60 244 311
107 263 285
216 223 292
110 123 185
48 222
78 100 219
47 107 126
99 144 287
107 129 177
30 106 305
121 251 263
76 176
106 177 285
214 241 325
62 99 186
1 2
81 122 238
27 90 100
74 79 168
76 297
81 91 107
145 161 167
7 37 209
35 41 90
90 129 177
106 176
10 111 304
59 101
27 41 100
105 217
106 220 224
124 230
129 134 263
17 104
31 50 90
168 236
88 171 267
134 236 276
280 286 298
54 107
238 246 260
14 231 246
4 286
89 248 286
202 222 226
37 41 60
202 253 293
57 91 178
272 300 304
88 105
17 112 292
16 81 107
231 235 240
227 294 297
74 262 302
133 292
169 173 176
177 298
77 131
59 119 274
88 171 280
46 60 96
162 175
139 165 250
236 237 251
98 190
148 170 230
70 79 193
69 82 174
37 180 232
119 249
177 190
66 195 319
132 216 286
10 275 280
12 248 292
257 304
17 54 71
182 226 293
148 153 155
56 126 185
292 298
86 121 263
267 275 292
271 298 304
224 237 246
177 237 285
22 74 106
74 75
26 157 274
59 148 170
59 179 274
183 247
165 284 298
52 170 179
143 171 271
81 134 301
287 304
16 113 129
264 320
121 183 188
52 58 59
185 191 192
23 145 168
53 258
204 257 287
175 177 219
122 238 276
74 317
94 158 269
61 99 319
48 255 295
16 83
169 325
48 186 195
121 234 311
144 268
248 325
202 214 310
10 112 248
11 89
30 102
134 196
267 298 302
20 94
199 325
94 164 326
64 100
11 149 312
62 125 173
44 158
204 291 298
30 223
95 274 282
57 97
34 213 295
290 298 304
97 169
216 271 280
59 147 173
22 50 125
76 162 192
83 175 177
21 50 94
30 115
289 292 297
12 107 261
103 105
81 244 283
231 240 276
48 169
139 287
106 110
171 234 286
82 123 283
31 37 85
36 280
111 133 292
35 37 255
30 115 301
81 170 226
15 113
142 154
161 167
235 263 285
59 156
22 59 187
275 280 284
280 281 302
31 57
36 93 160
171 264 286
106 258 305
94 148 186
78 220 288
16 17 285
77 177 301
110 134 240
1 70
174 227
50 62 125
211 242 297
111 133 305
48 72 176
195 286
267 271 279
8 19 112
46 63 301
107 173
206 250 284
140 141 204
8 10 292
131 301
165 271 280
235 244 285
16 97 106
14 134 260
58 173
121 170 234
149 291
75 113
90 177 178
15 35 106
10 264 321
123 185 311
53 125 182
5 17
63 86 93
10 132
140 171 204
50 118 262
135 149 312
158 232
144 204 322
52 59 124
70 172 183
86 245 263
3 15 65
40 69 107
202 206 286
281 302
179 291
20 94 186
174 175 191
134 235 240
83 121 209
183 188 204
56 76
165 171 291
15 16 106
146 243 284
10 195 204
57 76 244
112 133 227
35 138
141 267 302
48 64 311
82 263 265
190 197
102 313
262 302
20 70 71
74 222 274
0 73
59 102 230
16 17
87 260 285
16 83 197
35 107 178
95 155 282
121 132 234
20 21 71
37 76
165 286 291
52 53 184
4 35 138
125 173 176
89 212 242
60 208
170 183 188
27 114 120
72 193 195
238 251
16 138
97 158 204
10 59 292
119 156 274
29 77
71 212 214
218 272
12 103 248
46 91 106
6 93
118 119 274
72 125 182
33 202 252
50 58 99
25 79
8 112 248
16 40 69
104 111 296
240 251 285
97 188 204
23 154
55 109 238
140 279 298
22 50 59
236 240 283
71 316
17 197 285
65 84 107
198 203 255
26 39 70
267 284 314
20 270
6 106
144 165 302
59 101 112
215 216
22 50
214 215 261
99 270
158 160 320
4 226 254
217 262
10 35 69
134 240 263
73 150 168
264 279 302
251 260
51 102 270
106 137 178
7 90 209
71 72 193
14 42 134
57 137 162
280 286 287
60 82 106
141 254 271
29 82 235
29 81 276
124 198 255
8 165
56 134 160
214 233
61 102 230
23 154 274
248 292 302
17 89 297
93 113 115
41 85 120
134 240 276
64 181
87 237 246
10 36 132
20 166 168
80 94 151
31 50 92
228 289
76 106 220
81 107 238
47 84 93
10 66
29 197 235
72 176 230
143 165 267
21 79 166
155 161
17 298 299
12 112
52 64 173
99 169 187
16 30 107
171 280 298
93 185
52 184
1 24 320
216 292
41 126 134
114 244
155 282
16 28 219
5 137 138
175 178 191
158 287
8 111 227
56 126 174
64 76 107
271 279 280
201 204 264
61 125
8 225 248
47 65 93
178 185 232
123 185
48 147 243
8 141 291
36 69 113
109 263 283
56 131
42 100 263
111 218 272
27 120 236
29 30 192
154 166 317
169 193
260 311
137 147 183
204 298 314
48 168 194
33 34 252
74 148 151
36 76 129
10 321
47 106 107
206 247 296
16 78 174
111 292 315
134 260 301
62 188
202 212 253
48 116 125
104 280 295
9 69
129 134
60 263
121 180 185
141 271 304
48 49 71
151 152
186 195 313
213 214 286
50 214 280
31 63 114
81 93
202 226 309
180 301
213 249
146 252 256
8 171 267
126 185 208
165 272 303
69 204
21 72 273
70 206 262
16 85
48 266
48 125 187
144 267 284
199 206
6 40
97 158
106 126 162
257 291 304
48 266 311
71 86 170
65 84 162
94 157 167
76 220
198 203 310
222 274
16 17 261
34 243 284
10 292 302
4 88
36 40
70 168 212
30 225
29 126 276
103 215
71 74 173
225 228 242
22 161 187
92 322
68 94 269
0 1 142
93 107 113
18 280 295
143 287
12 17 104
74 186 230
180 232 286
20 71 94
110 236 240
10 292 315
133 215
64 115
22 118
50 125 170
48 71 206
255 268 275
167 213
30 238
103 228
15 115
35 71 255
36 174
77 175
121 218
69 113 120
66 282
123 180 185
10 121
133 228
141 165 267
8 177 286
20 92 166
35 84 86
78 83 177
135 143 257
139 149 242
144 217 250
33 226
65 178
132 135 149
139 228 242
117 184 230
54 285
21 108
145 158 168
212 213 325
123 231 244
72 73 170
72 73
57 160 190
223 242
123 134 311
213 226 325
106 176 187
21 72 73
53 125 184
76 133 162
184 287
34 202 255
76 242 297
157 161 282
146 213 286
218 248
16 30 175
135 140 201
192 232
185 192 232
227 228 242
21 121
53 73
58 188
37 65
116 129
102 166 251
107 174 208
26 53 274
178 180 185
165 250
225 301
46 70
47 106 162
13 122
66 72 319
64 173 229
141 267 304
48 117 176
10 279 284
226 255 293
17 149 257
21 26 320
10 112 292
52 74 124
104 132
29 57 97
71 80 168
46 106 110
134 240
59 71 101
20 21 73
122 134 276
206 249 252
60 64 129
83 194
206 207 255
229 248
271 292 300
27 63 120
132 315
71 72 169
159 189
35 153
141 320
10 177 286
34 143 280
59 62 173
54 93 107
183 204 284
54 244 276
107 160 178
0 317
10 112 305
8 141
178 323
17 104 204
63 106 120
16 261
103 149
59 79
226 256
55 109 240
112 225 302
104 228 294
264 279 291
236 240 285
54 82 106
118 164
83 92 115
71 89
59 127 130
16 177 197
58 62 125
45 88 227
221 262
44 258 261
92 148
59 200
4 35
215 218
144 302 309
132 149 234
248 250 294
134 240 265
92 269
10 204 257
257 280 304
30 107 238
8 275
63 114 115
111 242 292
38 154
16 100 219
50 280 284
16 17 221
8 141 267
59 213
133 162
48 50 94
31 114
17 216
99 169 176
34 203 293
81 121 283
195 204 234
236 251 285
63 114 236
271 280 292
84 162
225 297 302
59 79 193
0 1 102
105 221
50 172 313
82 106 120
74 214 252
80 127
16 183 230
34 147 253
221 258 261
138 160 219
21 80 127
141 254 286
8 141 280
201 257 264
55 57 160
146 158 284
17 229
177 181
52 147 173
76 134 176
19 238
272 284 300
140 201 204
231 235 244
57 81 137
148 168 269
22 156 274
68 130
213 214 262
169 182
172 187
177 302
94 304
29 83 192
61 124 125
6 46 106
146 171
14 231 263
16 97 176
16 138 177
5 137 261
72 141
109 263 285
52 59 302
204 297
47 84
57 76 301
165 280 291
79 193 322
65 138
132 234 280
169 195
16 64 120
16 110 236
12 248
8 111 242
24 151 287
12 103 292
234 297
0 130
74 79
255 262 295
59 74 225
52 74 179
21 74 79
169 316
50 52 99
141 254
51 200 230
74 154 318
139 144
202 212 255
50 72
10 217 292
132 141
151 154
30 93
206 233 255
74 121 262
204 257 291
22 111 234
52 204 302
13 311
116 124 125
206 211
71 252
160 185 220
134 260 316
268 271
52 169 200
78 177 219
204 287 291
111 133 162
187 319
196 248 286
66 145 168
46 79 166
37 65 100
25 67 222
137 197 261
43 45
26 66 230
10 292 304
141 286 304
125 154 317
46 47 69
53 59 274
59 124 301
81 240 276
135 257 291
69 76 106
217 218 297
171 271 280
103 217
62 99 124
10 144 298
78 160
107 169 187
25 270
29 160
76 100 220
63 96 301
134 185 276
133 217
62 71 183
119 282
141 198 204
58 59 124
144 204 300
3 107
50 125 172
63 175 301
66 156 168
24 166
37 76 100
230 271
235 244 276
21 24 166
147 243 293
141 198 325
153 156 222
286 287
53 125 173
65 106 178
24 287
4 215 286
202 293
59 184 193
106 169 173
279 284
16 60 107
215 248 286
8 135 291
48 94 168
237 238 266
3 120
102 158 258
36 63 113
107 177
52 241
214 247 296
206 253 293
63 107
82 120
140 204 264
290 298
165 271 284
111 225 248
16 83 175
26 188
87 177 265
183 188 195
139 144 250
15 77 107
77 190
73 169 170
8 267 302
8 165 291
74 121
170 230 241
79 236
286 300
209 249 262
21 74 121
26 80
135 267 271
17 292 295
203 226 293
262 293
16 30 177
33 241
107 190
60 78
32 69 121
10 257
148 151 168
63 120
72 124 231
50 140 146
71 80 157
81 137
16 36 113
122 134 265
11 12 111
116 131
12 213 249
59 158 274
248 250
46 301
71 86 93
151 317
70 74 150
104 242
137 190
213 214 222
177 208 286
74 127 270
63 69 106
202 212 310
4 11
104 132 225
16 85 126
102 317
70 262 322
60 91
25 70
151 212 213
90 199
54 86 93
119 156 157
177 197 285
39 153
125 193
111 258
55 82 126
23 145
103 104 223
69 261
271 292 302
27 35
149 289 297
27 35 60
60 231 244
158 160 190
50 140 280
90 91
117 194
29 81
74 108 270
16 17 197
48 94
279 287 298
10 135 291
160 197 285
21 48 94
50 140
37 60 77
129 177 263
15 106 137
60 85 311
21 50 140
54 86 106
132 289 297
82 121 283
103 151
132 292 302
20 153
22 106 187
235 240 263
80 173 193
65 93 160
28 57 85
158 201 204
50 74 168
70 92 166
212 218 242
92 183 198
112 227 242
72 141 143
71 212
53 61 230
135 284 304
87 175 177
123 174 185
206 252 255
8 105 225
16 107 261
76 176 270
22 175
48 206 222
74 214 241
99 173 176
82 99 106
12 103
17 218
93 106 224
94 172
125 212 218
28 57 219
65 114
21 94 172
60 82 231
57 81 126
53 176 230
29 192 232
71 206 254
3 16 107
13 126 134
77 100 113
156 157 274
36 76 107
98 183
84 285
10 299
47 65 84
20 38 108
54 245 246
40 178
12 116
42 224
111 112 133
121 288
13 82 185
8 19 292
28 60
88 111
38 154 320
280 281
60 82 244
40 178 180
137 232
69 129 134
16 111 221
242 243 286
58 124
271 279 284
295 296
106 115 126
280 289 292
57 162 185
51 313
63 175
202 253
14 231 265
45 89 133
165 284 291
81 192
143 171 264
72 143
248 286 302
89 312
10 141 286
204 299
15 16 165
104 280 286
214 255 309
81 245 246
206 293 295
62 71
134 176
20 49 71
138 190 197
42 134 265
14 82 263
20 74
48 61 72
143 144
275 300
6 40 47
77 107 263
140 143 298
23 145 282
123 244 266
72 172 195
134 174 238
27 90
132 143
52 74 302
14 121 231
16 197
100 160 185
225 261 289
139 267
146 233 247
3 35 65
64 93
187 200
132 264
21 50 195
81 240 265
71 254
97 172 319
111 206 292
59 173 182
67 230 241
122 219
149 217 304
214 241 252
64 93 131
180 197
92 313
140 302 304
107 169 176
103 223 242
21 48 270
22 50 118
76 162 185
222 252 256
59 124 182
102 119 158
263 316
225 261 302
8 133 258
19 105 258
62 71 172
3 16 28
17 83 215
151 158 287
27 224
107 173 187
25 151
11 216
112 218 248
78 137 162
15 106
125 177 195
147 262 295
119 163
31 50
22 230
144 250 297
30 93 131
75 93
121 209
8 165 267
10 112
244 266 283
94 163 164
110 236 244
216 217
111 217 292
73 168
10 257 298
93 107 238
144 204 302
110 235
89 112
87 121 238
154 278
8 19 105
11 229
77 209 219
26 70 71
24 168
54 276
45 227
31 63
114 115 245
75 106
8 267 291
8 165 280
54 134 285
162 177 185
42 93 185
51 92 270
68 157 167
35 84 90
59 227 242
71 125 212
82 122
290 300
0 170 173
16 83 177
5 137 197
81 126
141 177
12 292
50 71 72
57 69 76
12 194 225
158 284 296
267 289
245 246 263
275 279 280
123 244
52 230 241
144 303
17 292 297
56 190
85 109 260
89 242 286
198 202 293
262 295
55 87 109
85 120 126
51 66 230
15 106 113
108 179 230
211 249
206 214 286
109 238
183 187
67 241
12 305
72 319
125 182
106 113 148
60 64 120
16 219 236
248 252
214 255 256
146 241
247 293
35 144
95 195
107 125 212
139 201
20 21
97 204
37 71 255
59 97 158
60 93
22 145 168
14 93 224
199 253 325
48 204
89 133 248
177 178 237
125 195
22 106 176
226 247
3 35 120
17 83 257
140 279 291
271 292 304
141 280 304
236 240 276
8 24
27 37
8 112 133
52 193 200
71 80
65 84 100
73 74 274
310 325
280 304 321
202 212 325
125 316
74 80 173
34 143 284
226 255 310
76 197 261
145 168 189
144 242 286
21 303 322
121 224 263
99 124 182
177 238 301
8 59 98
212 325
65 93 162
198 212 310
219 220
46 63 107
43 223
144 271 290
17 103 104
30 174 175
27 37 84
103 201 292
30 177 180
152 166
243 284
171 195 234
26 73 74
46 79 236
236 251 276
112 215
50 102 124
35 41 85
235 285
30 177 301
106 116 125
152 287
206 248 286
77 113
8 279
224 231 235
16 54 107
215 242 286
60 77 263
20 80 94
98 172
10 59
53 61 124
90 115 129
171 201 291
114 116
12 105
135 171 257
4 112 215
198 202 214
171 280 291
112 228
140 141 144
141 144 267
106 125 187
20 71 166
35 71 206
100 110
26 124
64 76 100
141 242 280
80 94 157
201 204 257
61 118
88 221
57 162 174
275 284 292
22 156 157
40 180
174 180
137 180 232
8 111 112
89 248 294
89 104 286
8 280 298
46 90 91
200 230 262
145 167 168
257 299
37 64 173
139 216 304
50 51 269
28 183
50 59 130
94 186 313
13 174 311
267 268 284
54 110 265
42 55 82
26 258
227 248
287 299
56 126 301
144 250
183 201 204
35 54 107
66 313 319
69 76
28 75
5 320
57 162 308
135 144 271
206 214 233
72 266
52 53 124
275 302
25 127
257 279 287
16 78
76 92
202 254 256
62 194
67 68 168
143 171 279
125 250
166 251
111 315
52 188 204
144 286 290
37 77 209
165 267 302
9 304
137 138 197
44 261
99 107 176
54 246 260
147 252 293
254 256
48 176 266
105 133
127 151
107 173 176
17 71 86
59 173 184
29 30
268 275
6 46
10 111 112
228 261 292
206 243 250
64 216
94 148 168
94 95
5 124 177
137 160 198
16 197 198
200 262
30 115 175
71 148
214 233 255
55 69 82
257 264 298
175 205
110 224
10 36 59
297 316
22 111
83 129 177
300 321
38 92
79 93
103 221
230 262
225 228 248
44 165 250
228 242 292
240 245 285
144 146 242
8 267 280
80 173
38 213
14 55 134
206 222 325
24 278
73 170
133 221
86 109
21 73 170
4 89 286
50 125 176
28 57 276
17 43 242
121 237 283
141 149 171
21 101
196 242 286
7 84 209
74 148 186
271 289 292
50 262 302
47 100 162
59 195 319
5 12
141 149 292
183 284
72 187
15 77 219
48 94 172
106 231 237
19 297
5 133
15 144 165
51 249
104 112
271 289
139 228 248
4 149 286
15 28 219
292 300 304
8 227 234
72 79
225 294
7 35 37
268 284 314
123 246
202 310
5 137 320
141 300
36 69 174
292 304 315
93 126 185
60 82
198 199 226
70 74 262
284 300 304
16 106 176
124 125 177
172 259
224 235 263
111 249
37 71
171 300
52 53 179
140 279 280
121 134 238
96 126
148 151 293
38 151 213
238 246
269 313
59 169 292
10 149 217
50 59 319
17 83 138
121 162 192
262 310
88 103 242
160 262
201 300
25 74
27 114 236
233 252
59 99 169
48 206
16 177 298
20 21 79
59 72
171 313
250 284 296
264 279 284
97 98
21 127 270
121 134 251
8 11 312
99 144
151 152 287
118 157
159 195
112 218 292
50 140 284
122 276
12 19 77
198 206 255
106 190 208
139 216
224 260
66 88
59 99 182
14 77 231
6 69 121
3 16 85
121 217 262
31 50 74
8 268
154 322
5 177 216
8 19 149
78 137 219
51 195 200
101 166
76 160 209
54 91
171 201 280
58 59 62
207 254 295
140 279
38 268
16 81 91
73 168 274
53 74 173
134 224 263
31 228
151 213 293
140 171
52 58
140 141 254
17 43 297
45 89 111
171 204 298
64 181 263
16 46 110
37 85 100
204 264 298
68 167 269
216 286 304
215 227 286
61 118 182
213 214 255
41 126 129
53 74 186
198 214 226
21 48
66 72 125
16 83 113
34 89 133
39 70 92
67 164
193 303
81 93 126
12 228
89 215 227
37 41 178
15 16 35
21 193 303
82 106 126
165 250 284
10 11 312
140 141 267
77 162 177
225 228
233 247 325
123 180
16 69 107
56 126
214 256 296
28 64
8 11 112
88 140 267
16 106 110
169 188
10 50 280
204 257 271
171 234
88 133 227
103 104 148
83 121
162 185
50 119 146
212 256 325
176 291 315
8 83 257
138 178
72 172 186
149 271 289
244 251 263
27 35 106
74 92 106
238 301
34 242
8 279 290
92 183
66 157 158
48 262 295
48 193 195
14 263
146 242 243
132 271 289
70 127 193
71 245
174 260 311
135 257 271
134 301
185 266
55 82 185
144 286 292
83 255
94 148 157
146 256 262
206 325
59 124 173
37 65 93
50 168 172
71 137
97 125 319
240 260 276
59 159 167
257 264 287
34 255
35 77 190
22 106 125
60 64 311
4 83
17 23 155
60 224 263
22 50 230
177 180 232
137 138 320
27 106 120
135 257 284
59 173 186
170 198 320
85 93 160
206 243 252
42 117 170
242 261
16 35 138
30 115 177
57 82 276
60 77 78
12 107 258
24 173 270
237 238 246
59 72 117
66 156
49 186 212
103 223
137 183 197
93 106 162
149 275
126 291
76 92 106
244 283
15 231
216 221
59 184 186
59 274
10 257 302
111 216 300
121 137 162
130 154
82 120 224
123 134 185
214 296
93 224 238
76 106 162
7 84 90
40 46 107
59 176 187
37 76 106
227 234 298
140 264 271
12 46 116
216 261 302
232 286
99 125 315
58 170
144 173
8 264 290
79 130 193
143 144 271
8 165 284
53 125 179
117 170 182
141 267 286
242 271 286
141 289
26 73
247 256 296
146 171 284
21 26 73
70 130 183
11 149 217
63 113
146 250 284
48 59 301
50 159 189
48 59 72
62 117
177 232 286
213 286
40 106 107
77 100 185
37 60
55 82 106
171 289
116 124
74 127
57 162 244
79 102 107
46 65
137 183
21 74 127
48 59 193
198 203 226
92 108 166
102 231 311
144 201 290
163 164 193
227 305
29 175 192
72 202
106 176 316
201 289
252 254
71 89 212
231 260 311
93 160 185
48 179
166 187
180 185 265
9 248 302
3 114 175
50 59 200
254 262 295
74 101 102
6 40 106
27 28
46 79 93
20 74 79
104 248
48 202 255
8 70 127
76 160 185
4 17
10 135 284
284 300
36 126 134
27 63 236
33 202 249
31 55 57
65 111 315
76 270
52 58 124
99 186 270
4 138
19 77 242
144 146 165
55 109 235
10 165 284
36 82 185
71 313
90 326
59 99 292
225 289 302
17 43 44
147 158 284
225 228 292
217 250 297
234 280 297
59 195
144 146 286
50 146
15 65 75
76 162 244
200 319
131 219
51 68 269
81 91 93
29 208
135 284 297
235 276
134 240 260
71 79 193
106 162
59 316
152 278
61 102 106
10 11 59
28 57 91
33 34
84 265
76 83 220
10 50
214 222 274
15 165
54 93
147 284
222 256 262
34 242 243
193 303 322
264 267 302
6 32 69
198 222
17 89 294
217 261 297
261 289 302
99 169 292
202 206 325
198 207 212
57 76 162
10 292
54 106
246 276
113 126 166
46 107
141 144 271
216 289
21 50
16 83 115
15 60 107
172 182
88 225
107 238
52 302
234 279
10 305
222 262 295
267 268 275
81 185
172 303
48 61 173
16 113 115
17 44 133
59 72 319
176 230
33 48 255
19 206 223
51 66 168
165 300
280 287
88 242 280
46 120
299 300
178 239
241 295
202 226 293
202 203 309
147 226 255
16 69
48 167 168
76 83
137 147 301
105 133 242
172 316
120 126
52 188 195
160 198
206 284 296
8 70
113 123
13 185
112 133 292
212 214 222
212 241 325
45 111 248
62 179 274
15 85 126
76 77 242
16 107 175
104 132 286
12 106 305
231 263
14 265
215 286 305
187 193
132 257
44 144
57 83
8 70 74
140 143 304
146 247 296
6 121 126
180 190
83 257
235 240 311
202 214 309
202 255 310
50 72 170
8 83
34 250 284
51 119 249
214 280 321
55 56 134
26 124 230
11 88
62 319
140 146 171
20 322
104 215 297
92 198
20 48 94
64 99
11 111 248
122 260 276
36 37
65 93 100
24 148
34 254 295
107 115 175
132 149 284
42 77 100
134 316
217 218 292
104 223 242
76 162 191
198 207 254
74 79 101
244 266 276
257 264 302
34 284 295
14 238 246
26 52 74
66 158
255 309 310
14 55 246
170 215
29 276
152 166 201
75 106 120
142 153
53 74 230
141 198 320
14 134 246
8 264 279
71 259 313
88 141 149
207 212 247
216 223
114 175
77 83 113
78 83 174
48 94 163
20 26 38
10 275 321
24 142 154
29 83 121
126 185
19 59
5 124
79 110
77 107 177
174 175 177
13 86 123
271 280
216 217 261
183 213 247
48 59 61
8 125 177
4 112 166
58 172
111 112 302
26 53 258
93 129
8 238 239
123 237
37 180 286
28 100 219
14 263 265
144 173 217
144 296
216 291 304
146 171 286
110 235 240
148 186
5 137
74 152 201
52 74 108
213 214 325
21 148 186
140 264 286
29 57 81
66 158 198
86 237 263
143 171 204
122 134 260
171 291
111 112 315
149 216 289
247 286
206 248
63 236
8 57 177
26 317
141 304
180 232
144 309
92 119
35 77 113
218 258
252 256
36 59 69
216 242 280
125 188
171 304
140 279 284
22 50 274
126 162 276
235 240 245
248 258
148 320
146 247
132 312
0 102 142
176 187 291
71 73
22 145 282
21 71 73
52 62 124
185 323
4 19
10 135 286
171 176 201
10 112 302
86 123 231
59 124 230
118 269
36 40 69
217 248
131 208
216 223 280
10 165 286
54 81 107
158 160 198
160 198 222
103 267
70 71 102
112 262 302
225 228 294
34 146 295
16 65 138
21 92 108
59 182 184
58 99 125
123 174 180
59 184 230
10 111 292
8 141 143
279 321
141 198 254
112 292 302
50 269
27 90 209
44 144 250
79 152
27 37 90
218 228 261
6 36 69
106 285
104 204 297
26 79 124
10 160 305
21 73 108
198 202 207
16 137 219
99 169 173
14 224 231
52 170
50 102 130
24 108
271 280 289
216 289 300
106 116 131
53 179 230
10 111 305
21 24 108
112 292 315
177 286
48 127 166
8 143 165
121 162
102 257 287
0 101
146 165 284
257 298 304
71 173 193
59 63 74
206 310 325
72 125
177 178
89 294
17 297 302
109 240 285
121 283
8 280 291
204 264 302
174 208 301
17 54 59
213 222
76 126 174
16 41 120
141 242 286
116 289
82 235 244
88 227
180 197 198
39 48 162
35 71
165 284 286
5 137 258
76 121 180
92 94 167
53 125
146 199 295
107 174 260
8 280 304
57 162 301
13 174
24 158 287
51 200
59 74 101
71 168 212
52 184 186
12 104 248
76 107 174
10 50 284
160 308
132 271 280
44 133
8 98 125
62 187
119 147 158
59 169 230
48 116 124
8 9 312
48 74 127
69 82
187 303
36 115 177
54 87 260
36 134 190
27 85
99 107 169
202 249 255
76 206
29 131
224 244 263
194 198
104 215 286
152 201
16 107 177
22 23 118
102 147 158
17 83 197
139 141 149
187 195
8 112 302
121 238 246
173 183 243
76 185 191
249 255
194 319
152 322
124 173 182
36 147
76 162 180
55 160
50 72 172
187 316
22 94 119
76 219
4 83 138
20 71 80
45 88
21 48 157
12 54 93
16 60 78
3 91
57 91 208
154 260
173 273
20 74 270
8 112 315
85 160
54 260 285
107 176 187
186 212
16 81 137
98 99
107 115 177
132 149 286
121 237 263
1 166
7 69 204
158 167 269
119 158
10 69 121
36 160
21 166 270
64 100 263
127 278
80 166
66 268
19 211 248
57 219
141 254 325
94 168 274
90 115 177
141 198 201
165 204 322
195 274
195 204 286
126 174
142 155
50 159 167
12 46 107
40 107
0 1 154
31 287
77 174
51 155 200
121 217
55 185 276
267 271
59 130 183
17 112 227
106 134 176
53 74 124
111 216 304
37 64 100
130 158
28 110
107 174
59 66 319
104 105
227 234 302
145 158 167
81 93 185
107 177 263
99 125 319
72 73 169
89 215 286
77 160 190
15 35 107
8 225 302
32 121
52 59 125
243 250 296
74 222 262
57 126 174
148 188
125 177
89 196 286
111 242
185 191
60 64 115
56 77
146 284 286
17 146 295
206 250
227 242 297
198 222 243
23 71 117
52 230 249
48 176 193
50 124
14 246 276
74 252
173 194
82 122 263
71 183
76 261
15 231 237
3 35 115
244 260 263
206 207 254
107 160 285
148 322
147 198 226
8 19
116 124 177
19 112 227
13 134
134 236 240
3 28 75
29 78
221 248
133 135
55 82 244
144 165 290
34 146 284
54 93 106
52 125 182
22 50 168
25 80
253 293 295
222 226 253
15 35
135 201 290
59 156 157
196 312
10 248 286
27 85 120
46 79 110
57 244 276
54 86 224
206 222 252
43 218
203 207
77 219 220
144 290 298
58 62 124
1 221
157 186 313
22 59 230
144 165 303
88 227 297
31 100
25 322
44 158 258
16 37 41
222 296 325
22 66 125
198 213
20 71 148
59 184 232
110 134 283
48 64 99
104 295 296
110 285
160 191 305
226 247 255
34 214 293
59 72 176
19 103
79 154
86 235 285
54 97
148 186 188
28 91 93
50 169 186
171 204 291
140 280 298
163 269
16 137 221
31 36 37
171 280 286
26 53 73
198 226
204 264 291
65 111
77 107 113
216 280
216 289 302
146 214 286
53 74 179
224 238 246
12 221
86 170
135 291
42 100
15 16 28
78 160 185
88 216
36 57 91
146 165 286
86 87 134
51 68
35 60
147 301
8 141 279
114 124
57 69 126
25 74 222
77 242
24 151 152
177 180
76 244 276
28 57
138 197 221
74 173
165 291
13 174 185
114 245
67 170
172 186
204 257 264
204 298 302
177 301
20 26 108
130 226
88 229
294 297
151 248
242 280 286
212 310 325
62 176
50 164 326
153 155 156
202 212 241
204 296
26 148 151
50 58
248 302
74 186
19 250
51 107 173
113 114
140 254 271
21 74 186
169 194
170 173 186
20 71
119 145 158
212 241
122 238 266
17 146 242
21 102 140
90 251
135 257 264
50 200 262
66 158 268
202 212 254
20 21 127
139 143
10 144 271
123 244 263
59 194 225
35 40 180
8 74
48 49 72
8 24 70
52 58 62
222 262
282 313
139 264
50 230 262
162 180 185
17 111 261
106 107 258
23 318
160 323
28 60 85
117 182 183
76 100
5 198 202
10 144 284
170 184 186
10 204 298
30 223 225
107 169 173
143 275
76 162 182
16 32 126
216 248 286
43 44
44 88 133
204 279 291
73 152
33 206 255
112 225 248
17 257
3 93
22 106
48 132 204
28 85 91
59 242 292
106 246 285
101 106
53 179 274
50 183 284
64 224
195 257 286
28 36 91
17 149
176 186 230
75 90
224 231 285
80 168
66 270
34 203 226
110 185 276
48 162 204
59 61 72
166 170 215
77 219 288
133 216
193 230
140 271 304
88 171 204
79 101
135 279 291
169 193 200
231 235 285
170 219
230 270
63 93
82 106
50 159 169
16 78 83
125 172 319
147 202 254
156 157 326
59 172 182
93 120
48 59 173
146 214 233
48 94 167
75 224
107 176
60 64
46 166
151 182
271 284
107 260 263
53 61
197 235 285
10 135 143
42 81 185
10 286 312
225 289
104 228
227 242 286
48 59 186
81 244
242 271 292
53 182
36 174 185
72 195
144 300
204 284 314
278 300
81 185 311
17 250 297
50 59 72
0 292
129 177
74 241
21 72 195
227 298 302
69 132 174
16 235 285
147 247 252
216 242 271
48 213 222
72 316
185 193
27 107 178
8 9 248
125 141 177
102 195
56 123 174
33 48 206
15 106 231
206 252
54 59 97
69 76 134
8 125 315
202 212 309
134 276 301
16 107 113
119 168 274
149 284 289
233 247
206 214 296
73 74 150
84 86 285
48 201
59 71 102
135 201 279
69 106 134
26 71 157
20 21 74
10 121 234
21 130 270
71 72 170
83 138 219
103 258
82 126 276
15 75 113
240 263
59 101 102
52 125 184
33 202 255
50 158 269
244 245 263
177 286 302
52 124 188
19 225 227
74 186 273
76 276
76 83 92
110 236 283
188 194
133 258
16 28 183
144 146 171
105 196
17 83
194 198 202
154 317
80 102
198 212 307
35 37 71
71 319
214 254 256
16 28 75
66 108 168
17 204
4 89 215
10 132 234
8 74 201
16 197 261
59 182 188
57 276
24 99
65 100
4 17 83
31 57 85
206 252 254
17 45 217
251 263
58 97
34 214 295
61 102
165 291 304
167 269
19 105
98 169
10 117 195
107 261 301
34 293 295
183 213
202 226
234 302 304
31 115
17 217
77 231
59 292 302
54 81 245
57 76 276
40 46 47
46 100
32 121 231
10 177
59 74 79
45 89 227
137 147 160
52 59 169
88 218
71 73 74
36 76 106
126 244
10 298
88 140 141
28 31 57
10 177 195
52 59 61
264 299
116 172
50 92 183
37 71 173
149 165 289
238 283
169 183
16 83 121
172 188
204 298 304
267 275 284
52 59 182
52 53 108
223 242 292
206 247 286
208 232
160 222 262
56 134
264 312
157 186
22 176 230
160 191
206 307
280 293
21 157 186
137 198 232
20 74 127
104 296
16 183
71 195 319
67 156 157
62 70
62 74 214
14 123 263
20 73
111 191
104 132 279
57 126 244
6 40 46
13 134 185
36 87 190
145 189
57 76
177 208 232
97 204 257
59 71 157
227 258
8 242 258
242 243
113 129
99 194
99 107 173
112 133
202 309 310
194 202
10 111 217
37 255
10 144 165
141 286 292
212 256
157 320
64 92
22 59 274
275 312
99 315
21 157 320
102 130 158
10 144 286
166 261
207 262
312 315
228 261 289
104 242 248
206 248 325
8 242 271
78 121 288
158 183 204
35 138 178
60 129 263
132 135 234
15 213
1 278
73 154
10 257 284
0 1 24
66 168 274
99 125 176
133 292 302
75 200
108 148
202 206 252
11 215
4 166 261
24 154
175 323
70 79 106
142 146
1 170
26 52 188
55 57 82
139 268 291
144 250 296
91 93 126
52 108
38 210
39 142 153
10 111
138 160 262
81 137 162
202 281
146 241 325
58 59 125
99 106 176
163 326
107 121 238
59 72 125
216 268 300
156 286
21 98
42 170 246
114 115 244
130 270
139 268 304
15 16 85
8 267 290
267 275
269 282 313
46 47
57 81 301
201 280 304
126 276 301
51 92 269
177 237
37 41 120
15 35 219
28 114
71 254 325
74 230
132 171
59 179 200
140 264 279
59 183 319
42 170
50 59 182
36 76 174
0 173
16 78 219
81 246
10 59 271
53 184
107 185 212
144 302
35 77 106
92 198 320
15 16 219
76 137 220
171 176
48 74 173
60 308
22 74 274
62 70 150
8 112 227
48 172 186
254 295
121 236 283
50 59 195
156 195 286
206 254
250 297
57 131
117 182
90 178 209
48 311
122 260
4 12
10 135 279
48 74 186
61 72 125
56 76 185
242 286 292
36 129 134
118 262
25 71
8 24 127
126 205 208
216 242 286
121 122 238
29 190
22 106 175
4 133
124 198
262 264 302
173 319
35 37 60
117 195
225 289 297
29 82
214 222 256
240 265
171 201 264
4 254
16 165 298
146 256 325
67 157 167
183 198 213
11 149
55 69 134
103 215 297
147 158
50 262
110 276
58 86
10 160 177
196 215 286
12 116 249
144 290 302
73 101
12 91
15 77 137
150 222 274
30 93 185
121 263
24 101
106 125 173
72 231 266
216 271
206 252 256
214 226 280
87 237 238
58 99
261 289 297
8 225 227
52 195 204
34 147 243
144 271 302
31 57 208
10 287
21 153
114 115
59 170 193
140 280 302
199 206 295
23 67 95
16 46 107
198 202 213
59 292 304
202 206 212
24 152 287
140 141 143
48 59 230
169 172
12 225
70 166
171 291 304
93 178 185
75 107 123
84 162 220
44 138 158
140 171 264
81 301
207 253 295
125 166 170
60 92 115
204 257 268
52 59 184
23 67
34 252 255
46 236
45 227 297
149 275 284
16 64
35 77
122 194
117 162 182
227 247
287 298
16 96 183
244 251 260
214 255 310
99 183
32 36 121
31 60 64
123 311
50 195 259
55 110 123
135 204 257
77 231 263
8 186
41 134
187 188
12 77 242
180 185
74 80 106
102 230 270
6 32
47 107 162
78 137
213 262 295
21 127 322
48 162 182
29 57 276
20 71 73
20 317
66 157 168
17 19
23 59 71
297 302
3 106 175
141 298 304
57 91
37 76 77
132 149 279
59 173 183
20 95 322
270 320
3 205
242 258
46 110 236
35 138 180
92 106 115
174 208
10 257 286
17 261
202 206 254
214 280
70 108 166
71 125 187
86 263 285
66 156 158
76 83 162
34 133 242
147 226
40 100
201 204 298
52 64 99
8 267 279
212 222 309
144 284 296
158 198 204
59 79 130
11 103 149
216 218
174 221
67 95
222 256 325
30 192 232
271 275
206 293 325
57 185 276
147 243 296
56 57
61 172
70 74 127
93 102 107
107 125 187
279 284 287
130 198 226
92 217 322
56 178
21 72 186
8 132 225
134 244 283
104 111
183 213 255
29 57 76
98 161 187
81 236 240
5 137 198
125 170
16 219 224
27 35 37
271 272 300
76 133
224 246 263
62 74 150
141 299
102 124 182
133 135 292
48 116 172
37 178
48 176 186
7 27 37
106 134 316
23 50 172
36 134 238
141 262 302
160 190 222
37 100 126
111 248
57 126 301
215 305
55 87
240 263 276
166 176 201
117 184
110 123 276
74 168 274
20 21 186
224 246
284 297
50 130
19 149 223
121 162 191
201 299
8 112 242
21 50 130
121 224 251
97 158 319
29 192
35 41 60
147 158 160
92 248
9 248 312
27 220 301
10 121 238
110 265
111 242 271
97 183 204
225 228 289
101 152
10 218 292
59 192
152 154
93 107 160
35 180 232
74 79 151
43 103
48 194 202
110 134 276
26 52 124
63 107 175
135 143 291
27 85 126
8 267
149 206
80 106
206 253 325
157 167 269
102 151 287
21 186 273
188 319
50 71 102
144 146 296
12 93
42 244 276
176 201
112 216
231 263 285
46 91
156 222
29 76 276
147 173
40 47
135 143 304
139 149 289
144 217 297
135 284
42 93
59 72 182
102 107
106 162 178
84 162 209
51 61
59 151 182
100 219
59 63 69
234 260 311
0 142 154
99 106 125
158 160
140 280 304
31 91 208
74 166
86 170 246
55 224 265
8 280 286
165 284
214 255 286
279 304 321
137 258 261
257 287
12 227
70 168
139 216 292
52 59 173
22 74 318
54 106 134
49 230
29 178 192
62 169
65 107 178
24 151 158
204 289
42 227
104 132 149
4 216 286
42 81 244
74 179
60 244
10 112 218
146 284
59 102 158
8 71 125
257 300
50 214 261
40 302
169 187
199 295
71 98 148
9 171
61 66 125
164 193
242 280 292
280 291 304
172 313
287 300
202 212 247
171 206 302
144 165 217
138 177
9 292
33 249 255
100 185 232
16 114 175
131 137
139 257
212 247
52 53 125
134 160 185
96 301
48 49 186
35 116 289
50 74 92
175 301
55 123 185
124 255
143 268
56 76 134
10 280 286
83 92 162
62 316
67 95 164
162 180 191
133 196
133 248 250
205 301
222 247 252
112 258
11 104 242
26 52 179
46 70 166
160 178 185
50 167 269
129 134 301
270 322
104 286 295
168 274
78 160 220
52 99
29 137 220
72 176 266
59 79 119
74 102 230
42 93 162
119 274
30 107 177
3 15 35
137 160 320
202 206 256
6 32 121
24 158
135 279 284
142 153 154
82 99
101 112
122 237 238
111 225 227
48 50 262
45 217
77 169
8 225 284
66 68 168
59 271 302
10 298 302
219 220 288
57 69 174
70 102
216 268 304
107 169
148 170
88 141 267
227 234 297
213 214 309
216 261 301
139 144 242
58 169
8 83 177
81 166 170
12 194 215
10 286 305
104 221
48 59 179
72 188
218 242
56 180
10 135 257
104 132 204
8 201 290
71 207 254
220 288
198 199 214
151 188
212 293 325
71 94 313
36 37 65
17 243 250
156 158 274
84 86 265
70 183 193
15 46 237
125 172
126 185 244
190 301
29 78 137
130 183 226
74 189 201
41 178
240 263 265
16 106 285
212 241 256
16 221 235
16 121
224 246 265
240 265 311
37 180
60 64 231
123 244 311
97 194
52 53 59
121 162 180
69 132
261 302
102 177 195
20 74 186
35 255
111 250
4 124
229 242
36 76
27 63 114
15 106 237
247 296
11 19
139 204
48 176 201
284 299
36 93 185
183 198 204
102 177 208
24 166 187
10 271 292
69 76 261
72 99 125
52 99 124
87 106 285
71 74 101
59 302
134 224 238
250 284 297
177 180 286
140 146
291 300 304
76 106 190
57 148
144 271 280
101 154
4 258
17 45 89
21 166 320
83 115 177
8 19 258
27 41 85
48 187 201
42 82
63 82 120
140 204 298
147 158 296
59 170 184
286 291 300
115 126 244
15 35 144
140 280
79 270
74 79 166
216 286 292
86 87 237
106 125 177
31 57 91
216 289 297
21 79 270
102 264 287
12 216
10 141 144
190 222
158 168 274
225 292 302
142 153 222
141 144 149
123 174 311
21 157
134 238 283
34 89 242
58 224
70 278
264 292
102 230
116 226 249
88 103
74 168
5 297
165 286
59 102 147
114 116 124
17 54 285
213 214 256
72 170 273
54 110 134
26 127
12 229
15 60 106
53 230
218 297
70 170
89 196 215
103 151 248
146 165
106 177 178
146 183 284
76 77 107
42 81 246
146 286
280 286
36 134 174
16 176
206 295 296
23 71
88 133 228
160 305
275 292
208 224 265
52 74 173
16 40 107
57 69
103 185
54 121 134
119 145 274
213 262 286
34 146 213
229 297
224 251 263
74 230 270
71 125
57 190
65 111 248
125 166 187
45 248 252
240 311
8 279 291
64 100 126
127 141
195 204 257
30 208
57 82
8 10 22
9 10 312
194 316
87 190
1 150
143 165 171
76 162 177
202 255 309
53 73 274
16 32 121
99 200
47 100 126
81 126 276
50 95 274
99 125 169
316 319
57 91 205
51 269 313
64 107 263
198 214 256
12 46 91
225 227 242
30 162 223
91 93
80 163
93 102
37 90 100
66 68 157
30 177 238
144 287 292
158 204
264 287 298
37 41 100
47 107
238 239 260
79 325
74 130 186
111 272 304
29 185 276
0 153
83 177 197
59 271 304
10 298 304
41 46
10 238
211 228
48 147 173
95 282
204 257 314
52 59 230
83 137 138
148 293
0 166
225 284
16 110
48 62
16 129 177
148 230 270
48 74 166
28 120
292 297 302
111 234 304
10 73 320
52 58 99
185 191 232
30 238 301
82 115 244
17 204 297
35 63 93
83 177
206 286 302
14 77
84 93 162
146 242 286
64 92 115
146 233
132 298
27 35 41
48 49 230
14 42 93
17 104 295
178 185
1 2 194
271 272 304
69 76 129
71 195 259
160 222 323
20 242
240 245
106 107 187
4 5
204 268 314
102 311
243 250
52 53 61
69 134
8 22 74
143 312
48 74 179
16 65 111
156 222 274
12 91 115
45 227 248
34 213 214
62 155 200
52 53 182
206 248 252
54 81 93
212 253 325
291 304
152 201 287
122 266
16 177 180
106 258
56 160 185
59 183
16 107 121
78 209 220
132 280 286
13 122 276
14 42 227
11 142
71 193
133 227 248
178 237 260
222 325
59 304
141 143 304
54 93 224
22 156
8 258
202 255 256
74 214 222
22 66 230
112 315
272 304
141 177 302
178 185 191
214 222 262
141 254 256
74 102 166
221 258
59 170 173
100 110 185
137 180 198
105 312
224 263
3 35
231 244 263
58 99 124
135 284 298
86 224 231
21 25
139 144 165
3 106 247
94 274
154 325
59 72 173
76 92 270
59 176 230
126 244 276
49 202 212
104 204 296
59 170 186
111 225 284
17 133 217
219 220 224
146 171 206
223 280
198 202 206
173 195 200
28 126 276
35 114 124
76 92 162
34 202 293
51 173
238 260 266
21 38
12 218
177 285
64 76 92
77 100 107
175 177 180
60 114
77 107 231
74 166 177
54 110 244
204 271 304
158 164
175 177 301
50 59 230
19 206 211
8 280 290
220 224
112 166 215
74 106 247
90 114
67 167
153 170
76 107 160
70 172
26 71 73
111 112 248
88 133 217
102 124
21 130 186
222 262 296
111 292 300
16 64 224
140 143 279
64 99 173
122 187
287 291
53 124
126 185 301
72 172 176
10 195 257
158 204 296
206 302
99 176
216 292 300
30 76
30 175 192
165 279 291
140 143 171
71 212 254
125 166 176
20 68
71 79 102
8 279 280
55 82 283
74 179 186
105 112
50 176
222 243 296
17 104 242
16 299
134 291
20 49 186
81 170 187
14 77 263
35 41 106
109 110 244
79 106 110
27 84
57 192
31 85 100
8 10 132
76 205
35 77 180
119 274 282
4 302
119 145 168
16 107 176
28 60 311
16 60 64
78 121 162
26 73 108
76 106 126
50 102 158
38 71
230 241
16 17 138
165 290 291
106 205
171 201 204
59 130
182 200
21 92 270
80 152
198 226 255
214 233 247
20 71 79
231 240 263
5 198 320
33 206 252
135 171 291
76 133 242
112 262
176 193 230
106 116 172
216 280 292
236 244 283
55 60 82
201 204 291
52 117 184
51 107
137 147
34 284 296
155 201
215 216 280
144 204 296
177 219
19 248 250
195 273
214 286
107 160
167 211
5 112
255 267 314
34 133 248
21 195 273
66 155 168
43 44 133
216 261 292
40 106
206 213 325
223 227
102 166
25 156 222
32 107
137 160
145 158 274
54 55 134
114 244 245
216 291 292
102 287
176 183 255
74 225
93 238
77 107 178
66 67 68
48 59 62
67 222
114 124 301
64 231 263
17 44 297
130 278
132 287
285 300
48 59 183
76 126
141 292
48 64
59 164 193
202 212 293
20 21 166
53 179
180 220
144 297
106 107 176
48 74 168
33 202 226
35 86 106
113 166
30 131
29 57 82
16 63 175
125 176
185 190
171 292
212 293
10 121 218
59 157 274
31 160 208
118 269 313
17 104 297
52 74 230
57 126
102 124 188
68 163 167
81 87 244
3 30 107
53 184 186
124 301
243 252
35 144 289
66 67
121 183 243
124 125 182
9 10 248
134 238
218 261 292
117 161 176
50 244
46 47 107
22 145
195 234 257
71 303
225 289 292
48 319
55 123 244
64 263
171 204 264
31 55 60
198 226 310
74 186 270
31 57 69
70 193 322
109 134 238
135 143 284
140 144 302
168 212
27 106 178
144 271 284
160 177 285
149 320
176 194
43 89 133
91 106 115
102 204 291
87 110 236
198 212
51 195 313
16 111 191
188 204
8 141 144
59 319
48 50 200
70 148
77 107
130 199
261 289 292
176 315
10 282
216 217 304
140 204 302
215 216 227
286 291 304
58 86 170
170 186 273
50 92 167
42 81 224
19 223
150 154
260 285
76 126 162
198 213 222
158 274
60 69 113
126 162 185
33 34 226
126 208 301
146 206 286
106 120 224
227 229
101 112 166
125 218
74 247 252
160 175
126 134 244
37 71 170
51 66 158
165 290
46 110
240 263 311
27 60
98 148 188
35 180
34 262 295
92 162
140 247 254
39 70
206 254 286
55 235 285
83 113
74 293
60 129
132 234
111 292 302
10 59 213
208 229
119 156 195
227 242
45 88 133
10 144 257
111 296
34 248 252
206 207 295
41 237
187 291
216 292 302
30 78
222 248
48 132
64 76
149 275 292
36 59 125
66 125 319
14 77 265
146 247 286
144 267 271
291 298 304
103 310
257 264 279
27 37 120
216 225 261
135 264 279
122 260 266
215 258
40 47 69
76 185 192
217 304
4 196
102 195 257
119 146
105 248
42 117 162
226 247 296
50 67 95
8 315
158 183 201
121 192
80 154
76 83 265
80 106 190
73 151
59 170 230
45 89
86 90
4 112 251
91 205
177 208
139 149 216
48 71 193
24 151
48 166 201
107 177 238
87 177 237
59 72 230
66 156 274
125 183 319
26 52
111 216 292
88 149
151 168
51 230
158 198 320
10 73 298
50 159 168
206 296 325
13 126 185
144 165
111 112 292
28 219
14 55
10 286 298
81 86 170
266 276
32 36 37
137 162
144 286
243 250 284
0 278
57 126 162
4 248 286
60 63
111 112 305
72 117 176
0 170
55 69
89 212 218
96 107
5 248
132 289
34 255 310
256 262 302
16 114
29 57 192
3 107 114
102 124 177
227 297
6 69
37 173
60 64 224
106 107 178
71 170 193
84 209 220
97 187
173 182
12 91 106
29 174
106 128
188 195 204
124 182
37 121 180
43 45 211
202 214 233
55 82
23 50 59
132 302
71 89 325
250 294
48 62 173
16 114 115
95 274 313
76 100 126
58 62 99
135 141 143
23 251
97 200
103 223 280
246 260 285
21 48 79
91 126
52 125 170
22 50 156
36 190
33 202 241
124 176 230
173 195
36 87 134
219 311
11 133
107 129 263
121 224 246
236 251
67 156 222
48 200
8 177 302
62 150 274
50 246
173 316
143 144 171
48 62 186
60 63 69
15 144
72 176 193
59 187
4 251
135 143 165
52 147
198 201
1 101
128 142
135 201 291
152 270
102 195 204
34 214 281
202 241 325
228 265
80 101
144 271 286
60 63 82
202 212
126 174 208
36 69 76
12 88
140 280 286
180 192 232
140 257 302
278 320
267 314
214 222
76 133 191
198 214
204 264 279
27 106 301
21 94 157
216 268
125 158 317
67 145
114 115 175
55 87 134
135 279
46 113 166
138 158 160
268 287 298
19 104
10 284
54 106 116
74 166 168
50 146 284
16 78 137
21 150
54 110 235
10 50 140
77 100 219
204 271
15 16 137
111 218 248
171 279 291
70 151 168
82 113 123
301 325
16 83 107
33 281
123 174
111 250 294
297 298 302
76 77 100
81 185 244
14 123
78 107 121
206 293
45 111 227
53 182 184
50 170 186
71 79 93
180 185 191
139 216 300
83 115
147 226 247
71 101 148
111 292 304
27 84 100
87 134 190
122 191
15 65
78 121
106 107 125
50 59
160 190
27 75
113 115
27 35 100
104 295
8 24 287
216 292 304
16 174 221
102 119 130
81 311
8 279 284
212 242
275 298
50 168 274
8 290 298
48 255
270 304
94 148 151
99 193
60 126 244
21 50 72
69 162 204
76 261 297
141 171 304
26 52 53
222 256 296
54 93 162
10 234 286
300 304
11 201
81 240 263
140 146 284
74 262 322
22 161 176
270 317
225 248 294
123 185 276
304 315
3 85 126
73 153
174 205
28 31 85
67 79
17 258
264 287 291
71 148 168
54 71 93
133 162 191
33 202
47 100
86 87 285
132 149 289
118 145 158
235 244 263
73 274
235 263 276
225 227 248
141 149
81 93 162
13 126 174
82 106 162
17 88 89
37 71 93
35 124 255
183 267
158 198 201
59 79 127
112 215 261
146 213 262
72 170
10 50 195
144 275
56 162
28 100
21 72 170
112 166 261
77 107 169
271 272
10 290 298
16 111 261
59 225 302
62 98
17 86 285
125 154
37 41
60 64 92
17 44 59
107 285
36 76 160
59 130 186
187 201 291
50 261 302
22 118 145
271 272 284
198 203 207
16 138 219
242 271 280
143 171 304
72 183
56 175
116 226
102 291
28 113
74 222 252
57 85 126
126 134 301
212 214 256
93 121 238
16 224
111 234 297
45 89 294
39 166 320
166 168
160 180 198
35 63 86
81 238 283
10 135 144
147 198 203
132 291
53 59 61
212 247 325
57 175 177
16 116
81 245
208 286
50 59 302
216 271 300
22 50 145
53 59 182
71 173
160 190 219
236 240
111 206 211
146 147 284
252 254 256
20 127
240 251 263
166 181
9 234
71 183 255
8 238
132 304
117 182 226
29 121 192
22 145 274
3 28 65
26 108 148
81 170 246
97 183 188
161 187
73 74
54 107 260
275 280 304
138 240
16 107 114
91 128
158 243 296
81 121 246
17 71 245
135 201 280
26 52 108
279 300
64 146
17 71
140 141
37 76 129
35 41 178
214 222 255
12 77
6 16 69
3 28
16 137 198
35 37 180
137 261 301
104 216 286
198 203
59 66 230
135 284 291
59 200 230
101 270
62 214 274
10 111 284
174 260
10 37 69
45 146
99 287 292
203 226 309
55 134 235
102 158 287
195 319
6 46 69
50 102 230
141 254 262
183 201
54 231 285
21 186 270
188 316
147 183 284
28 36 147
74 151 293
77 219
140 275
44 158 261
17 19 44
106 125 172
139 242 292
234 297 298
216 289 292
125 158 319
271 304 315
0 1 320
70 152
58 98
176 319
50 59 102
10 286
21 152
227 247 286
134 260 266
59 63 66
76 107 261
139 144 292
72 117
89 286
264 287
102 106 231
198 202 212
28 276
157 161
19 227
79 278
216 286 300
37 84 100
82 283
21 273
213 214
198 213 226
74 173 186
139 216 289
52 59 170
76 137 261
223 242 280
44 92 270
51 66 270
111 248 250
169 292
35 63
111 250 296
264 300
27 64
118 182
12 77 107
24 70 166
51 230 270
165 279 284
76 185
91 126 208
83 117
280 298 304
206 212 293
14 246
275 287
91 205 208
85 126
30 190
34 213 262
37 100 178
111 300
52 53 230
33 249 252
59 97 319
31 85 93
218 289 292
222 252
175 177
1 24
60 114 115
97 257
8 177 238
17 104 248
57 77
76 276 301
158 190 232
59 117 274
8 141 177
119 145 282
175 238 249
94 143 304
55 81 185
204 267 271
99 195
85 260
10 264 275
140 146 165
55 160 185
81 244 263
175 190
10 111 218
82 123 263
51 102 195
71 148 157
99 316
52 204
140 141 171
24 142
140 146 286
10 207
84 193
87 198
169 170 193
116 125 177
163 193
144 250 284
44 144 297
34 147 284
88 140 171
143 264 279
50 95 282
130 198 199
77 100 263
71 148 170
198 202 254
88 140
126 166
66 156 157
137 261
156 274
70 151 212
23 51 313
158 320
76 126 208
177 234 302
17 59 292
215 216 286
59 183 186
72 172
122 266 276
17 19 112
222 248 325
172 259 313
286 300 304
147 284 296
20 21 38
22 125 187
29 78 121
50 59 170
126 162 244
162 223
151 293
104 218
93 102 106
123 231
16 138 221
63 69 82
199 226
144 290
56 177
81 185 301
51 61 102
44 59
17 204 292
70 106 172
80 151 168
166 176 187
35 77 107
75 178 191
214 233 282
110 251
48 50 59
106 220 301
171 204 257
231 240 311
6 69 106
177 298 302
172 195 273
57 276 301
12 17 258
28 90 251
50 146 262
20 38 71
48 50 72
36 160 185
48 201 204
31 64 115
77 208
208 232 286
257 287 298
54 106 107
21 38 108
10 284 298
45 89 217
125 169 187
74 90 177
16 83 219
92 94 148
0 142 153
76 126 276
236 238 283
92 94 269
111 211 249
71 137 183
25 150 222
111 284 296
199 262 295
16 47 107
28 60 64
44 228 294
118 282 313
76 100 185
210 227 305
15 65 113
44 144 165
76 180 191
29 81 82
15 65 126
4 166 251
183 195 200
55 160 308
48 72 266
143 271 284
214 222 325
54 71 97
202 206 255
147 243 284
22 125 176
50 59 159
65 138 178
268 291 304
111 227 248
57 126 276
133 242 258
25 150 156
289 297 302
37 170 173
71 80 148
216 271 304
21 48 72
48 206 295
16 177 285
47 93 162
76 106 176
27 37 60
30 93 162
55 56 185
10 213 286
10 37 60
135 143 279
16 183 197
87 177 285
291 292 304
257 268 287
59 225 227
148 151 188
146 241 262
14 57 77
48 163 193
106 125 176
234 297 302
54 91 107
10 59 195
36 55 160
59 169 200
17 297 298
36 134 160
137 138 160
65 100 126
124 194 198
144 300 309
97 125 172
84 86 90
16 177 219
21 48 127
13 123 311
122 238 260
8 290 291
48 193 303
79 106 107
12 133 248
48 173 186
207 226 262
27 106 107
8 74 127
195 259 313
48 97 204
54 71 86
118 157 269
11 228 242
49 71 212
20 148 151
64 76 131
55 60 308
15 35 77
8 141 315
19 206 250
54 106 285
51 157 313
142 153 155
216 261 289
101 112 216
35 86 90
82 126 244
51 102 107
17 111 297
65 100 315
81 82 126
16 121 234
162 185 191
159 189 201
226 280 281
16 17 298
37 100 129
207 247 255
119 163 274
144 165 286
52 124 182
185 276 301
41 129 134
59 72 159
59 156 274
124 177 301
8 57 83
88 89 133
125 176 315
130 158 320
257 298 302
20 24 166
50 140 302
66 67 241
66 125 182
115 175 177
30 78 137
16 17 111
134 176 291
235 240 285
111 284 300
130 199 226
81 240 245
76 106 125
126 166 276
183 195 204
225 248 302
59 271 292
142 146 262
204 257 302
6 40 69
21 48 50
50 58 59
10 66 268
81 126 185
81 231 238
112 221 262
22 118 274
31 37 100
10 121 217
51 102 230
133 135 297
141 143 171
48 99 173
92 106 162
56 126 134
255 268 314
138 160 190
16 78 121
22 176 187
222 248 252
126 185 276
92 217 248
51 173 270
90 91 115
31 63 74
60 64 263
111 206 248
4 35 166
204 300 309
30 175 301
111 162 191
16 175 177
213 222 325
77 78 308
71 183 197
137 174 221
97 106 176
16 121 183
16 107 285
243 284 296
121 170 183
56 76 126
70 80 193
137 178 232
16 28 113
60 114 244
38 70 108
116 125 172
240 245 265
17 89 217
54 97 106
4 5 124
138 158 320
21 26 38
141 166 320
23 145 172
58 86 224
74 247 293
48 195 204
111 211 297
16 69 261
42 81 170
63 113 120
228 289 292
48 157 167
76 162 209
93 162 185
46 70 79
21 48 186
141 280 286
92 167 269
76 125 182
104 242 286
195 257 313
4 196 286
92 148 269
214 222 252
8 74 186
169 186 200
140 298 302
38 39 166
8 74 320
17 44 111
10 195 234
29 235 276
144 300 302
50 170 172
218 289
31 74 90
176 187 201
111 206 250
235 240 276
214 280 286
69 76 174
102 124 231
91 126 205
107 178 260
82 123 126
74 230 262
30 93 102
143 165 284
137 160 301
161 176 187
165 217 250
29 83 220
59 225 301
67 68 71
180 185 232
34 146 247
137 138 221
8 57 276
121 217 218
19 149 206
14 246 265
130 193
26 73 274
102 195 313
79 110 236
50 164 168
207 253 254
16 41 85
42 81 93
104 248 294
125 173 182
125 176 187
35 264 289
42 93 224
59 164 225
111 112 227
21 26 108
57 126 205
173 183 195
54 110 236
74 252 293
92 151 248
52 125 200
52 204 264
64 120 224
13 123 185
80 148 151
14 77 134
16 28 91
40 65 100
41 85 126
107 238 249
264 279 321
214 222 296
171 280 304
214 222 309
59 230 271
140 271 280
64 76 126
76 242 261
36 69 132
30 93 238
147 250 284
212 293 295
140 247 286
5 225
151 182 188
133 135 277
147 158 253
225 228 261
16 75 113
17 23 71
99 176 315
78 121 209
84 90 100
76 100 129
8 74 177
88 141 171
27 37 178
10 37 286
171 176 315
3 120 126
42 81 82
64 76 181
121 123 180
36 76 190
48 117 182
125 169 173
20 26 73
74 79 270
250 294 297
198 201 204
112 133 248
59 102 130
198 213 214
73 74 168
111 250 284
13 123 174
257 290 298
204 300 302
27 84 90
111 250 297
123 126 185
27 35 90
53 124 182
70 92 183
121 263 283
215 286 287
57 82 126
19 59 225
6 32 93
133 227 297
224 231 263
140 141 280
231 235 263
140 171 280
12 46 87
216 280 286
52 59 200
206 281 302
169 176 187
224 263 285
20 21 26
