8 140 144
247 255
132 268
268 284 287
48 202 213
49 270
50 66 282
111 206 296
30 180 185
76 107
62 74 124
30 78 174
240 265 283
214 241 256
55 244 260
178 260 265
71 170 172
123 244 283
81 166 276
204 268 284
59 125 182
11 149 201
74 148 293
0 270
33 202 207
126 134 291
160 222
24 26 166
27 107
30 131 185
65 100 178
107 178 185
144 279 302
21 148 168
224 244 285
31 35 36
48 166
254 271
20 21 39
141 204 271
157 158 313
199 214 295
8 83 175
135 204 286
21 48 166
48 74 270
138 180 219
83 160
198 254 256
121 235 263
60 145 168
48 183 213
97 158 172
82 121 126
60 208 224
48 58
10 144 304
92 101
63 113 126
121 231 265
8 284 286
144 165 257
93 107 121
59 147 183
139 141 292
88 103 215
88 204 267
71 172 194
60 126 276
31 60 106
81 126 301
131 177
102 140 298
160 190 209
79 80 130
42 55 244
141 201 279
37 100 113
69 134 174
12 93 107
48 179
87 107
135 201 257
141 204 284
71 79 151
284 286 291
65 160 178
17 111 294
10 111 248
171 176 291
147 198 206
227 248 297
236 240 251
48 72 173
154 282
212 241 254
76 78 100
83 138 197
81 110 185
132 135 144
37 160 285
82 123 185
204 290 298
147 160 301
135 143 144
37 107 129
56 76 174
88 204 280
8 140 291
66 145 200
204 267 314
207 254 255
173 187
81 121 236
113 148 166
81 107 301
121 224 238
71 157 313
131 190
71 102 148
23 167 168
32 93 121
81 82 244
8 59 302
165 257 271
1 80
53 179 186
102 142 320
48 50 168
45 228 294
93 115 116
78 83 185
149 279 286
41 106 134
48 72 186
48 53 173
108 179
27 90 178
133 162 223
214 309
8 272 302
107 258 261
8 10 302
215 242 248
64 75 120
1 24 154
52 173 179
59 66 99
78 162 185
81 137 301
290 304
165 271 290
147 255
33 253 255
16 116 129
119 282 313
104 242 292
85 91 126
27 41 178
15 77 113
3 247
58 183
10 201 275
75 123
61 188
35 180 219
132 279 286
126 317
143 144 284
231 244 246
92 147 158
4 215 305
149 225 292
146 214 253
15 28 113
38 142 153
53 72 73
95 155 158
81 260 263
21 70 193
77 83 137
22 67 155
3 15 75
213 295 325
11 17 111
100 219 232
55 106 126
267 271 302
11 228 294
88 215 280
14 55 283
0 70
141 177 298
31 93 107
21 80 322
104 204 279
147 243 325
57 97 192
81 134 245
107 177 285
14 134 283
63 74 106
124 179 186
146 202 256
178 265 301
176 188
77 137 265
89 104 248
66 230 270
204 264 271
59 61 118
59 102 119
141 144 242
130 158 183
167 168 269
149 206 292
143 201 279
201 271 286
226 253 255
95 199
54 91 93
50 145 159
141 315
203 309 310
15 28 126
135 267 290
242 243 250
135 165 279
24 98 148
130 193
42 309
111 112 218
198 202 310
50 92 269
123 134 224
9 132
59 158 172
202 206 309
24 73 320
135 271
48 170 195
72 179 186
35 40
82 126 162
17 59 227
63 115 120
59 169 186
135 165 171
204 263
171 315
286 290 302
202 214 254
125 173 186
74 153
19 217
165 271
170 183 198
27 41
243 252 256
143 284 290
123 265 276
48 183 255
8 238 276
70 206 325
37 84 90
10 59 302
62 74 179
34 202
183 243 284
132 297 302
20 38
104 215 242
165 217 322
33 202 262
140 267 298
61 66 99
77 106 231
99 124 186
97 125 158
54 110 240
76 121 162
35 253 255
20 21 94
171 267 286
111 227 302
11 218 248
103 104 242
69 280
123 126 174
55 265 266
86 123 134
86 109 236
44 223
60 231 263
217 289 302
26 124 188
76 175
50 52 186
66 125 179
53 66 230
121 162 220
81 122 237
54 82 235
173 229
85 100 160
112 227 248
106 114 120
145 167
131 232
236 285
16 100 106
4 83 215
48 172 230
13 231 244
34 212 293
106 175
87 238 239
144 165 204
22 119 145
105 216
114 236 244
50 51
9 279
55 81 162
74 214 247
99 172
81 121 170
21 50 51
46 96 301
30 301
54 86 246
11 59
117 226
55 160 162
7 37 100
41 178 237
36 107 160
20 92 108
26 73 320
8 175
279 280 290
14 42 265
74 114 201
21 50 172
139 291 304
213 310 325
36 40 106
271 280 300
170 173
19 59 227
20 48 186
24 99 173
122 123 134
105 229
28 110 236
109 236 285
51 155 156
146 198 243
121 191 237
284 292 295
80 148 168
6 36 93
26 52 274
165 201 286
36 93 238
21 70 127
15 137 219
144 264 280
242 248 286
75 178
214 215 297
11 17 45
4 89 248
17 228 250
122 263 265
95 164 326
172 183 319
54 81 265
186 194
106 120 126
170 186
103 149 216
206 211 249
1 148
196 242 248
3 16 126
21 170 186
179 184 186
76 126 185
206 213 295
10 141 171
174 185 301
1 102 142
170 186 188
123 134 266
224 231 265
33 34 249
36 76 126
76 180 192
236 237 263
8 225 258
26 102 108
6 36 106
23 118 172
143 165 290
67 71
75 191
267 280 298
140 271 284
279 302 304
73 92 320
37 41 85
13 244 266
81 185 265
71 125 176
26 53 108
284 287 314
28 65 75
59 61 173
134 244 246
176 179 291
60 82 263
23 145 167
26 154
76 107 185
10 50 66
8 171 264
89 196 242
144 146
89 210
106 162 220
36 57 126
5 216
151 270
170 320
267 287 314
134 260 311
201 257 298
50 71 157
141 262
35 93 116
144 267
216 268 291
8 201 264
132 149
21 102 270
144 279 291
48 68 94
144 298 304
238 316
81 245 265
257 284 298
21 148 157
178 265
6 47 69
146 147 250
20 93
35 65 138
12 34 213
101 130 148
206 212 325
148 278
5 229
74 106 177
286 292 295
257 279 304
267 268 314
36 37 160
135 257 286
141 275
19 133 242
107 125 176
139 165
63 113 115
103 104 297
143 284
51 94 269
59 125 184
13 123 231
106 129 177
8 140 267
243 293 325
72 193 273
144 279 304
71 152
93 100 107
77 106 178
213 255 310
98 161 176
70 71 168
267 298 314
198 206 325
20 21 270
160 180 190
171 275
50 214
135 264 302
157 163 164
139 289 300
227 248 286
111 271 292
191 192 232
99 106
106 114 175
215 280 287
102 107 231
198 203 212
87 134 237
87 175 238
103 225
101 148 151
76 100 107
21 71 273
83 113 129
82 123 174
76 77 160
78 168
34 146 253
216 271 292
10 69 132
91 107
284 290 291
33 202 222
23 50 161
66 145 189
25 278
261 289
8 112 218
55 56 160
112 166
60 96 106
50 170 246
22 161 318
175 180 232
162 180 220
141 204 286
216 225 297
48 50 157
4 111
145 168 274
20 39 71
3 115
8 135 286
108 168
123 126 134
13 134 231
65 93 126
36 91 126
17 89 133
13 55 86
207 295
144 165 272
171 264 298
31 64 92
284 290 304
170 186 230
80 190
4 254 286
12 292 295
74 79 127
82 121 262
60 77 106
76 83 301
88 104 280
59 79 148
8 59 304
117 170 184
30 177 265
71 206 207
207 247 254
104 196 286
193 252
36 121 126
279 292
31 190
48 50 170
206 248 250
71 169 325
5 221 261
135 143 267
34 214 262
40 69 106
28 85 126
12 17 248
107 185
8 272 304
206 250 296
52 249
143 144 165
54 81 91
147 222 255
140 201 267
37 76 121
24 187
170 241
69 82 120
6 36 40
74 102 151
134 238 244
50 183 319
206 243 293
104 242 294
134 237 285
121 170 246
146 262 296
135 139
198 207 293
140 254
16 90 115
267 295
143 144 286
125 170 187
244 311
10 144
8 257 302
59 167 274
132 135 280
49 72
215 227 248
50 118 274
114 201
10 171 290
141 165 290
21 70 195
55 236 238
158 244
8 74 302
16 183 198
94 119 274
14 55 285
50 157 158
146 206 256
140 201 280
177 195 234
59 74 167
213 247 286
103 149 284
183 193
198 255 310
42 107 260
107 260 285
46 106 107
59 151 158
86 237 276
86 260
16 36 121
14 134 285
146 199 253
10 22 59
8 143 257
146 243 296
10 201 290
102 204
10 140 280
19 206
214 255 262
10 217 234
149 289 292
52 61 74
43 88 133
121 185 244
137 198
82 262
123 263
51 158
149 292 297
251 260 263
16 64 75
48 117 186
26 101
21 51 158
144 322
139 216 268
278 322
206 254 256
190 209
28 147
33 262
8 127 141
57 85 160
140 284 291
14 237 238
206 256 302
21 130 158
226 309 310
132 204
8 57 82
132 289 292
95 322
255 311
46 87 107
62 145
7 209
139 144 284
55 82 134
3 35 126
264 279
286 290 304
35 54 71
229 258
202 214 256
54 106 231
130 158 198
107 123 185
206 302 310
50 94 172
71 86
123 276
65 84 106
51 230 249
264 291 298
42 134 231
133 149 258
153 155
41 90 100
37 209
150 156 274
42 131 162
157 274
34 280 295
121 162 209
202 247 325
144 242 292
21 127 166
117 169 200
54 82 224
10 112 315
143 279 298
62 70 183
137 198 320
22 118 313
52 74 147
93 100 162
140 143 264
54 237 283
34 325
42 82 162
78 100 220
166 215
103 292 295
180 198 232
12 87 107
257 290 302
74 101 130
48 49 270
214 280 281
17 18 295
30 175 177
71 99
213 222 309
62 279
23 71 154
8 59 225
223 248 292
23 161 313
48 176 230
22 23 318
21 108 166
69 174
17 215 287
37 107 173
215 228
275 279
107 113 126
196 215
50 58 124
7 90 100
217 262 322
233 282
4 166 215
145 169
34 213 254
48 79 270
145 161 168
202 262 286
106 177
59 102
4 166
55 109 263
165 267 279
105 218
124 231
22 50 313
17 105
48 72 230
289 298
50 158 183
88 149 280
198 207 214
16 35 100
52 62
57 177
76 190
50 74 189
69 162 185
80 148 157
43 242
4 196 215
87 285
34 243 254
53 124 186
14 122 260
27 220 224
171 204 302
50 62 71
43 133 228
78 83 121
135 143 201
214 215 286
8 177
279 280 292
51 118 155
48 222 295
37 255 286
171 257 313
55 160 285
81 82 301
87 177
40 65
8 298
51 155 158
59 72 200
74 214 262
206 223 248
16 35 113
10 264 267
54 134 238
82 174 301
284 292 297
218 289 297
141 144 165
244 245
64 107 129
80 106 173
54 121
8 141 290
143 165 279
15 107 113
16 28 110
10 257 264
237 266 283
177 191
3 75
79 119 168
59 172 259
56 134 185
207 254 325
48 71 176
88 215 216
141 177 234
255 267 286
226 254 295
170 188
238 276 301
101 317
216 304
20 24 73
29 76 78
104 149 279
100 129
100 137 220
36 55 69
135 315
52 117 169
15 35 65
121 188
80 150
102 257 313
54 134 251
140 141 284
109 251 285
34 202 212
109 122 134
10 320
51 92
206 247 295
110 244 276
35 84
59 151 213
54 55 106
143 264 271
146 213 243
197 221 235
83 137 220
50 51 167
235 251 260
28 81
279 286 298
144 279 280
140 171 284
72 124 186
10 59 117
141 143
12 258
231 237 276
36 55 82
8 143 204
15 16 65
102 151
74 318
135 140 279
201 280 284
16 180 197
0 153 320
68 274
16 84
71 94 168
29 57 162
44 242 248
52 170 193
54 77 107
38 39 108
162 323
17 88 204
59 125 173
10 217 302
280 315
59 74 127
86 246 285
21 320
24 102 152
141 201 257
48 157
139 275
254 262
20 95
39 108
8 171 279
70 212
171 264
206 295 325
206 207 212
201 286 304
143 165
107 174 178
17 19 225
133 242 248
34 255 293
48 183 204
50 94 119
131 160 185
217 234 302
74 150 222
24 70 92
81 226
82 231 285
143 171 298
20 21 151
204 284 296
71 170 176
97 170
34 146 242
26 148 188
34 206 293
72 125 141
53 230 274
8 201 279
157 163 274
141 143 144
82 265 283
8 98
260 263 276
12 17 103
74 114 124
159 267
11 103
147 214 286
30 175 232
71 154
119 157 313
28 81 276
86 106 224
225 242 297
257 264 304
34 243 296
204 279 302
20 108
76 77 270
17 245 285
201 267 304
135 264 304
21 48 170
147 226 296
27 60 85
302 309 310
99 176 187
75 123 126
141 257 286
117 162
135 298 302
103 227
249 281
15 114
51 158 269
4 221
34 146 255
143 299
53 73 74
22 94 145
84 106
70 71 183
59 71 313
34 212 242
59 117 200
10 143 204
20 39 73
40 47 107
16 37 120
57 82 185
63 114 301
98 125
157 269 282
54 55
126 166 317
206 262 295
204 290 302
147 160 305
8 204 280
50 186 313
183 226 255
61 125 173
106 137 258
124 198 214
102 287 298
75 114
57 91 126
28 219 236
238 244 283
38 232
20 80 168
16 17 299
21 172 195
48 50 172
141 165 279
8 177 298
77 308
206 292 295
66 186
107 187
16 78 107
23 51 118
134 238 246
141 165 171
23 95 161
36 160 177
144 171 267
58 187
10 201 279
29 97 192
165 264 291
15 35 120
121 243
93 131 185
198 207 295
179 184
46 69
8 257 304
28 64 311
76 107 121
37 64 126
76 126 134
11 59 112
30 102 106
72 73 74
23 95 282
116 249
33 241 262
52 264
0 74
59 61 230
81 86 87
134 263 316
48 170 186
124 186 230
76 177 301
183 195
66 67 95
112 242 292
141 198
225 227 297
36 160 190
72 98
43 227 294
119 164 274
146 183 247
55 87 238
15 16 120
8 248 312
133 217 297
140 279 286
149 216 304
101 102 130
14 93
79 102 124
107 123 174
139 242 286
183 316
237 251 285
50 71 214
198 222 256
202 226 255
86 121 224
7 140 257
135 275
51 94 313
47 162
107 160 177
93 278
137 138 258
62 70 172
90 209
140 286 302
217 218 228
77 78 160
81 93 224
8 125 218
190 209 219
37 90
23 155
76 77 83
173 176 187
257 290 291
146 262
165 275
64 224 263
159 201
118 163
16 174 191
208 322
10 177 298
167 269 274
92 147
9 149
183 204 296
107 160 190
74 278
215 217
124 176 255
107 113 115
214 253 325
71 72 73
145 158
236 276
233 253 295
71 80 193
54 237 285
131 162 178
171 267 290
83 219
254 262 325
248 286
20 130 270
50 158 172
37 153 170
71 101
54 86 237
16 165
177 208 322
82 121 185
48 117
8 59 227
111 217 234
16 63 107
79 101 127
43 133 217
55 260 276
87 245 246
85 120
46 63 236
268 292 304
271 280 291
140 165 267
84 100 220
135 141 302
50 284
10 248 312
289 300
125 154 166
8 287
12 17 292
106 114 245
30 305
82 276 301
52 64
12 102 107
103 295
60 82 120
243 254 295
243 295 296
9 216 248
59 225
35 178 219
33 206 226
174 175
35 90 106
171 204 304
74 225 302
10 160 320
8 121 300
59 119 156
8 74 225
16 197 285
5 17 138
61 176 230
71 125 154
14 224 246
126 134
195 234
56 134 174
16 81 110
271 280 304
255 267 275
93 113 129
125 186 212
54 231
213 293 325
8 141 171
147 243 250
175 178 192
243 284 295
206 213 286
17 242 297
89 294 297
54 236 251
16 35 115
35 138 160
98 193
47 84 107
60 63 120
169 184 230
218 228 289
143 201 204
265 266 276
146 158 296
165 201 290
144 264 284
132 216 289
123 180 265
69 107 126
52 108 230
55 224 285
140 141 165
299 304
165 280 290
10 201
12 248 295
215 227 305
170 193 195
37 106 178
193 322
76 107 176
52 59 193
55 60 69
21 193 322
102 140
97 170 257
162 191
88 242
43 89 294
48 124 125
140 141 286
280 289 302
34 202 214
132 204 292
149 234 292
244 260
51 94
279 290 298
43 44 228
271 291 304
71 94 157
35 86
21 79 193
16 69 126
55 57 185
123 231 324
147 301 325
8 111 133
132 216 302
222 255 309
204 309
70 80
0 21
20 176 186
88 242 297
95 161 274
135 144 279
140 171 286
103 216 223
16 298 299
77 185 220
213 250
123 134 283
162 204
74 320
148 269
118 269 274
201 280 286
222 262 325
59 148 186
121 276 311
48 59 157
201 279 290
7 37
3 65 126
144 286 298
204 322
7 140 204
123 244 276
42 260
10 195 286
22 155 168
30 131 178
201 275 292
165 302 304
27 100
10 217 304
151 166
135 144 292
77 106 169
21 322
73 74 108
71 80 127
186 313 319
77 78 107
158 274 313
111 215
4 89
82 235 285
81 238 266
3 35 75
317 320
59 180 232
9 204
206 223
151 287
222 243 325
25 148
217 234 304
83 138 177
30 180 191
50 52 124
111 206 302
214 241 262
144 267 298
204 284 298
60 78 107
118 155 158
144 165 250
97 172
107 174 301
234 298 302
147 198 307
11 105
264 286 290
263 311 316
102 140 291
216 223 242
134 246 285
48 172
204 279 304
35 77 209
106 113
141 143 267
21 48 172
20 70 166
78 121 191
114 120 236
81 237 283
51 119 158
196 215 242
57 82 174
160 190 323
60 115 231
103 229
52 62 99
144 146 250
8 284 292
204 290 291
39 108 166
172 186 313
31 60
76 162 208
242 280
165 264 267
8 140 284
206 223 292
137 162 265
64 107 173
15 237
235 240
111 217 302
18 242
133 229
216 225 301
141 143 280
17 54
8 149 225
50 172 259
54 81 82
14 55 263
86 235 245
34 254 325
60 115 244
1 194
106 247
10 37 160
50 269 313
206 243 284
204 290 304
14 134 263
15 77 106
58 176
66 99 319
211 228 294
8 165 290
271 289 300
17 112 242
286 299
47 84 162
10 135
55 86 285
126 174 301
133 242
26 79
35 84 100
135 143 271
11 17 104
55 87 106
102 158 270
110 235 244
80 157 168
8 132 234
14 55 276
198 307
60 77 231
140 201 271
27 46 114
57 76 126
231 235 311
79 127
117 124 193
138 160 178
109 235
140 264 290
8 227 242
21 79 127
39 70 166
76 126 244
146 158 243
83 93 113
10 140 271
36 76 185
286 312
198 199
47 65 162
46 71
65 84
132 135 284
201 271 279
114 205
172 176 230
31 106 190
130 186
135 264
236 246 263
48 124 301
165 217 302
76 133 297
19 89
48 189 201
74 92 167
31 57 190
271 310
104 133
183 197
0 24 142
71 212 325
103 267 280
74 108 148
4 286 312
86 240 285
146 202 262
102 208
36 57 185
71 73 166
48 124 193
35 100 178
133 242 292
125 173 179
36 115 126
33 226 262
240 263 285
13 265 276
224 246 285
217 225 297
36 83 93
108 148 230
10 59 66
267 284 304
158 261
199 262
259 313
72 186 195
119 164 168
105 149 258
13 257
206 214 309
140 286 304
28 81 91
216 242 297
50 52 58
77 78 162
202 212 214
20 152
97 106
147 214 222
264 291 302
81 283
76 121 276
7 204 257
26 39 73
45 88 228
17 111 221
51 158 313
135 292 302
111 162
72 172 273
141 143 201
143 279 302
85 109
140 267 304
148 157 186
111 206 249
107 175 177
84 100 209
146 233 325
63 96 126
185 232
48 188 204
236 263 283
99 144 292
195 234 286
204 286 291
280 286 290
76 181
51 68 167
120 224
23 117 274
106 107 231
207 293 295
210 227 286
106 110 236
112 225
171 257 304
102 151 188
18 297
8 144 165
50 155 182
251 276
289 302
22 187
228 292
115 175 301
200 230
67 79 163
214 222 293
8 59 242
24 99 287
48 97 183
20 48 71
174 177
59 227
17 298 302
8 177 234
135 171 267
76 162 276
6 16 107
158 183 296
59 119 158
102 158 204
107 123
186 187
17 103 248
20 71 176
42 107 185
133 297
149 242 280
147 202 214
91 178 205
15 60 113
23 95 326
40 69
76 106 236
6 46 107
10 264 271
102 188 204
98 195
27 106 220
34 202 203
84 106 107
72 170 172
174 190
246 295
8 218 248
177 195
242 248 292
144 264 286
28 75 113
204 298
50 51 158
121 300
111 304 315
52 200
98 316
258 305
5 88
63 66
222 248 295
102 264 320
81 134 185
8 125 141
10 50 59
158 166 261
311 316
10 141 177
201 204 280
3 114 115
102 142
26 67 157
57 178 205
8 132 302
70 102 195
19 44 59
264 275 279
74 80
60 145
134 235 311
201 257 291
66 158 270
134 238 316
36 69 129
26 39
48 117 124
202 212 256
28 75 126
74 159 168
202 203 207
267 280 304
76 137 178
28 85
21 26 39
74 201
148 150
140 254 286
65 100 160
144 279 284
43 294 297
50 66 156
56 174 180
146 147 243
55 110 134
141 264 304
89 196 248
234 311
111 271 272
146 198
94 158 274
48 183 195
147 206 295
250 255
150 317
135 257 279
59 118 282
141 268
107 125 169
10 177 234
56 160
124 173 186
151 182 293
222 252 255
54 82 162
280 319
44 45 88
212 214 241
60 231 311
46 96 107
177 181 263
206 214 256
71 145
59 99 124
21 151 168
194 215
139 279
6 107 126
111 217
171 268
104 228 242
8 149 201
55 56
25 150
76 185 208
69 76 107
41 46 237
103 218
48 53
10 218 248
226 325
19 105 149
202 256 325
50 99
201 268
50 58 62
20 74 166
8 24 98
107 162 185
76 236
26 108 241
107 208 301
117 274
289 292 302
60 263 276
139 292
9 216 292
92 217
133 218
17 43
215 287
27 236
13 134 224
60 107 113
8 272 284
8 10 284
34 226 252
27 37 41
29 82 185
268 298
79 148 151
4 225
185 265 266
281 302 310
41 106 237
16 197 221
8 19 225
140 234
87 231 260
158 201 284
207 212 253
60 244 276
115 177
216 229
111 217 304
14 238 265
59 282
64 131
17 285
41 106 129
37 60 170
35 106 107
43 89 217
8 165 171
14 55 265
170 234
36 65 160
290 299
147 250
53 72 176
206 243 286
14 134 265
31 75
8 264 298
199 206 253
158 183 243
16 137 183
50 51 92
302 309
8 19 238
140 247
143 144 279
271 289 302
46 60
160 198 320
137 178
171 257 264
12 115 116
1 317
84 106 162
106 169 187
109 236 238
121 137 183
176 291
80 317
18 103 223
141 279 304
23 42 117
66 156 195
60 82 311
1 142 154
134 235 245
49 186
165 271 298
183 186
6 36 46
290 312
47 69 162
50 90 326
29 76 137
125 158 183
81 134 240
177 216 286
83 93 115
89 258
223 258
4 216 242
65 315
144 201 298
76 107 125
20 26 70
33 222 253
33 34 202
60 92
226 249 252
59 74 173
271 312
35 264
119 156 158
172 269
63 74 114
125 194
77 160 220
9 248
8 201 204
146 253
59 102 127
65 100 107
71 79
21 74 148
63 69 120
100 178 185
125 315
9 140
12 106 258
126 162 174
0 320
8 300 304
10 165 171
8 11 201
217 262 302
234 292 302
104 148
59 74 186
71 200
28 81 93
140 143 257
144 149 242
34 89
8 133 312
20 154
111 272
37 121 209
202 214 262
83 162 177
100 106 137
44 218
8 304 315
69 76 162
217 292 302
71 79 80
99 144 173
28 60 276
14 231
160 285
215 221
183 198 226
177 185 265
5 138 177
143 279 304
212 255 310
234 292 315
106 114 115
28 35 219
8 10 218
50 52 302
112 248 302
12 258 261
59 282 313
23 172
236 263 285
64 173
210 227
270 278
22 176
158 204 287
37 93 160
74 147 252
12 17 54
106 114 236
50 176 230
76 185 276
280 286 292
145 161 282
8 175 177
225 242 248
13 55 134
171 201 290
53 124 179
53 184 230
10 171 204
74 124 241
50 167
76 162 265
50 172 195
83 129 134
59 119 147
115 244 245
11 104 211
140 165 271
51 167 269
1 130
86 224 251
71 206 255
48 64 116
147 202 203
243 284 286
87 237 251
17 111
10 201 204
59 72 193
37 178 180
65 106 126
31 85 91
45 133 228
60 115 301
147 305
73 127
16 176 230
42 93 131
156 168 326
255 293 295
37 69 129
132 216 280
16 46 120
34 203 309
102 204 322
10 11 201
107 125
146 253 295
179 230
198 243
141 144 279
115 245
216 297
147 243 254
58 125
141 242 292
42 117
162 182
36 76 121
54 134 244
227 286 305
60 96 301
244 251
201 257 280
76 126 301
177 197
204 300
36 132 174
102 106 258
14 224 263
76 219 236
198 256
59 102 169
268 298 314
200 230 274
210 286 305
86 246 265
111 272 284
22 274 282
260 316
295 310
83 131
8 234 315
206 212 307
33 310
36 76 134
143 271 280
137 138
227 242 248
35 90
169 319
202 254 255
7 257
26 270
141 257
76 107 301
109 244 251
158 197
102 166 322
216 268 286
148 152
5 103
59 102 182
65 100 162
144 279 286
178 260
8 24 74
16 198
183 213 226
50 66 158
134 190
244 263 283
213 254
125 141
180 185 220
111 206
146 183 198
82 235 276
122 238 283
69 121 162
187 201
8 140 141
206 214
151 278
74 147 173
131 160 178
77 78 219
144 149 297
165 290 298
135 234 297
180 198
185 276
102 278
143 279
22 50 119
160 219
124 176 193
230 241 262
20 79 270
44 89 133
243 296 325
84 86
24 102 158
134 246 276
20 101
65 160 162
54 82 285
127 163
139 292 300
25 152
11 217
44 165
141 257 279
217 322
67 170 241
65 111 162
82 121 123
16 91 107
29 82 174
309 325
166 276
97 176
143 292
171 264 280
242 271
140 144 146
35 180 190
200 274
54 246 285
131 174
79 80 127
103 112
139 294
73 169
59 271
71 79 148
19 77 210
141 143 271
4 104 216
110 236
10 234 315
227 248 294
140 144 267
8 225
21 166 168
102 177 298
4 227 286
17 18 248
16 35 40
42 212 309
29 162 180
84 220
268 300
221 225
4 227
26 38 39
144 165 267
31 64
91 115
77 180
111 133 191
102 287 291
50 158 244
75 107
107 231 263
207 212 255
133 227 228
111 300 304
13 224 240
59 71 319
144 303 322
106 169 176
241 254 262
279 287
86 121
298 300
66 182 200
176 200 266
8 218 292
141 143 284
17 287
58 59
9 292 302
5 17 197
7 84 100
69 126 185
216 300 304
82 123
87 238
147 252
29 76 126
125 158 172
8 204 286
23 155 168
106 173 187
21 73 74
8 9 10
50 51 94
93 131 178
267 290
65 75
83 177 219
237 245 285
272 302 304
149 225 289
87 246 260
59 183 213
58 72
281 309
201 264 267
70 130 193
170 172 195
202 206 293
69 107 185
94 119 269
113 115 120
6 106 107
146 165 250
143 257 279
169 193 230
67 71 170
16 106 175
84 106 285
38 70 166
132 225 289
59 169 170
57 160 208
17 44 88
15 16 113
165 171 298
146 202 253
52 117 230
15 35 126
181 263
146 242
52 170 241
141 312
199 253
278 317
102 320
77 190 209
180 208 286
70 262 325
0 80
151 212
116 129 177
271 300 304
26 74 230
7 204
132 225 302
48 311 316
177 216 301
171 312
15 16 126
55 87 244
74 150
165 268
79 102 130
104 258
50 94 167
87 236 285
107 126 185
137 197 198
50 52 170
42 55 162
103 201 280
14 82 224
125 317
183 201 284
171 204
125 141 315
262 322
133 225 248
14 237 246
59 157 186
234 292 304
48 68 157
85 100
43 228 242
122 240 276
14 93 238
50 52 62
48 188 195
20 39 108
22 50 66
59 124 130
76 185 265
71 94
135 271 284
30 106 301
46 87 236
217 292 304
48 186 270
29 97
13 55 123
141 171 267
92 153
20 48 49
212 218
157 282
50 67 168
88 103 267
30 177
35 190 209
34 213 249
271 280 284
140 146 247
81 82 283
29 82 121
106 172
8 59 112
18 248 295
59 97
29 81 162
171 206 286
144 165 201
99 169
63 114 120
111 242 297
8 10 112
45 133 217
144 271 304
98 173
60 82 113
53 61 125
104 196 215
141 171 280
144 165 322
35 71 86
166 251 276
99 292 315
10 143 144
48 72 117
13 122 311
216 227 248
202 206 214
247 252 293
107 114
79 127 270
112 229
198 232
146 165 171
55 69 162
255 267 268
216 286
149 242 271
172 195 313
171 292 302
31 37 160
29 185 232
102 166 177
121 170
77 137 183
225 227
83 265 266
47 84 100
60 63 113
21 121 170
10 73
147 307
54 116
155 168
36 69 107
79 119 163
86 244 245
74 241 252
0 1
284 287 298
231 263 311
46 71 79
170 183
54 237
86 224 266
224 238 265
162 174 185
236 244 263
50 62 200
8 111 234
170 195 234
121 170 188
48 61 62
123 134 263
121 183
193 200 230
51 94 119
54 134 246
51 173 183
57 76 185
10 315
34 293 325
149 206 223
183 243
202 256
8 141 298
67 68
144 264 290
204 302
80 266
138 197 240
71 207 212
231 244 311
280 297
36 134 185
257 313
238 260 301
10 59 112
16 83 138
144 149 165
174 177 191
174 185 311
123 134 276
88 248
50 119 158
107 261
267 268 298
68 269
8 70 71
143 171 280
34 133
144 264
166 215 261
111 218 292
148 154
27 93
233 255 295
133 191 305
134 246 265
76 174 185
146 147 247
130 198 320
141 204 257
21 158 320
127 152
5 138 221
146 202
161 163 318
66 155 282
217 234 297
81 126 166
67 170 230
76 106
217 218 289
34 146
107 125 173
12 258 305
10 177 238
144 267 291
204 284 291
50 90
27 106
50 130 158
63 120 236
31 60 92
81 226 262
54 86 285
225 284 289
222 281
78 100 162
52 62 200
76 77 265
261 292 302
147 286 305
132 280
25 154
66 155
257 279 314
40 302 315
166 278
4 216
17 23 59
34 146 250
216 271 289
17 155
144 292 297
86 90 251
11 111
51 118 313
63 114 175
147 255 295
55 86 265
71 193 252
110 134 236
59 273
46 70 71
21 70 166
48 72 172
22 125
86 245 246
196 215 248
66 168
40 46 106
79 107
107 175 249
53 61 72
170 193 230
30 191 305
161 176
100 126 162
48 64 173
83 121 192
35 85 160
16 137 174
57 82 301
84 90 209
146 198 295
74 79 124
76 78 220
83 117 194
42 107 123
89 218 242
48 50 167
279 289
86 123
135 143 264
197 240 285
206 213 226
130 166
121 123 276
204 234 257
76 134 236
22 94 274
69 107 174
88 141 280
112 297
134 244 285
140 201 264
117 124 186
28 147 183
4 242 286
71 206 325
48 59 71
81 109 238
8 264 302
54 71 245
30 93 160
15 35 115
140 257 280
286 305
10 217 218
201 280 321
156 195
158 198 232
107 246 263
119 313
100 137 162
76 126 129
35 84 106
76 129 134
135 257
74 247
146 206 253
206 256 286
32 69 126
148 170 186
146 250 296
16 106 177
111 234 315
255 295
162 276 301
8 227 248
4 286 305
198 213 310
44 250 297
90 100 209
74 173 270
52 200 230
203 212 255
81 238 301
146 202 255
9 10
56 123 180
181 265
148 317
202 233 253
79 102 119
151 322
76 265 301
51 155
107 126 174
241 252
50 145 158
260 265
133 149 242
76 107 129
58 316
20 24
17 44 211
50 51 230
151 168 212
60 96
199 295 325
52 179 184
55 121 123
8 111 315
63 96 106
122 134 283
70 262
185 212
37 85
245 263
76 77 78
97 99
14 86 224
202 214 253
118 158
8 71 98
16 221 261
238 260
178 239 260
48 99
16 177 191
87 106 177
198 206 256
125 319
52 186 200
138 258
23 42
284 312
10 121 132
107 160 185
57 126 208
132 280 297
31 55 69
17 104 211
145 153
21 74 273
83 185 192
132 289 302
217 258
103 216 297
62 155
57 205 208
64 231 311
254 325
20 158
64 129 263
124 182 186
264 279 298
236 263 276
14 122 123
50 158 167
74 101 127
35 37 77
16 54 97
78 137 220
26 108 179
214 254 262
60 78 168
16 28 81
87 251 285
284 325
171 204 286
50 158
50 67 170
177 180 191
51 102 158
66 99 125
46 107 301
71 86 245
21 50 158
247 296 325
29 220
178 190 209
37 232 286
133 277
35 90 209
105 215
41 134 237
17 102
36 115
138 177 180
35 37 90
34 249 295
54 86 245
34 147 247
50 74 186
60 82 115
29 137 180
23 51 155
11 111 218
17 223
110 185
183 198 243
156 157 158
272 300 302
71 166 187
50 102 140
58 71 86
170 172
50 146 183
48 166 168
10 111 315
21 170 172
57 83 177
28 36 57
206 248 302
149 234
17 242 292
94 119 313
98 188
60 63 115
23 51 168
95 119
64 311
144 264 279
204 291
267 280 284
28 65
52 193
69 126 134
207 212 325
81 86 245
13 265 311
82 301
216 301
257 302
20 24 70
37 106 173
149 242 286
35 85 120
5 197 198
174 177 180
158 296
16 115 116
234 291
280 289 297
5 202
74 166 201
177 195 286
20 79 127
174 178 260
16 97 183
86 251 263
287 302
81 166 251
35 115 120
123 266 276
57 85 91
132 135
165 280 298
63 301
299 312
257 315
107 114 175
7 140
54 55 224
26 153
109 110 134
20 79
38 39 213
130 183 186
143 149
20 130 186
17 146 250
5 215
48 183 188
16 81
111 206 284
16 138 197
39 213
144 267 280
70 317
80 130 193
134 176 316
8 302 315
166 187 201
280 312
27 35 120
214 253 254
176 201 291
95 161 282
66 186 230
11 211 249
141 262 264
21 317
54 265 276
20 92
204 257 298
157 326
54 82 276
127 154
48 183 201
17 71 89
36 59 147
51 68 94
20 21 148
83 113 115
50 92
204 287 298
171 264 271
10 60 69
34 250 296
113 148
21 50 92
79 127 193
160 190 197
84 90
48 167
175 208
34 243 293
68 94 157
104 228 248
215 280
50 72 74
154 270
139 292 304
31 160 190
25 156
14 42 77
11 221
17 71 102
59 173 200
107 175 238
76 100 106
119 168
205 208
191 244 283
31 55
91 106
137 183 198
210 286
83 129 301
50 72 195
107 121 123
48 71 94
227 297 298
217 218
10 117
13 224 231
59 66 195
237 245 263
222 296
71 313 319
16 75 224
110 240
3 114
237 238 260
26 67 71
50 102 195
1 24 142
101 127
235 244 283
21 38 71
163 193 303
149 289
61 176
72 169 170
59 130 193
93 128
119 146 147
147 255 310
125 170 173
82 235
68 71
146 214 241
174 238
50 95 313
42 55
36 63 120
170 172 186
4 42 227
88 171
214 310
6 46 47
43 88 227
141 177 286
264 280 321
63 114
37 120 126
260 311 316
28 100 110
53 72 182
42 107 246
8 141 234
138 178 190
86 246
16 36 107
51 92 167
12 297
48 163 167
141 256 286
144 171 264
8 264 304
77 197
116 125
176 230 270
225 297
82 248
197 198
17 54 245
156 158 168
38 142 154
158 243
139 144 149
135 165 267
124 193 230
12 34 133
16 85 120
67 155 168
60 69 82
119 168 269
17 225 248
148 170 188
77 183 197
18 242 280
81 134 246
36 55 134
8 111 304
103 267 275
153 249
104 248 286
125 187
146 284 296
83 190
4 216 248
101 102 127
48 183 243
50 94 158
51 157
238 249
71 72
158 258 261
63 69 113
135 267 291
146 147 183
20 26
125 169 176
56 208
171 195
94 269 274
34 280 281
94 95 158
74 262
44 92 248
41 85
51 107 249
143 279 284
60 263 311
52 58 125
217 218 225
48 213 243
225 294 297
16 17 83
198 213 325
166 201
55 123 134
260 266 276
36 91
202 214 255
0 102 154
46 79 107
158 160 197
55 121 246
34 203
63 69 126
166 322
73 150 274
35 178 190
78 209
54 93 116
134 174 311
198 243 325
284 314
14 224
54 244 285
13 265
173 217
71 206
164 168
216 223 292
110 123 185
48 222
158 190 197
135 141 286
99 144 287
107 129 177
30 106 305
121 251 263
106 177 285
214 241 325
62 99 186
1 2
243 256 325
27 90 100
52 169
74 79 168
139 291 292
76 297
81 91 107
145 161 167
7 37 209
90 129 177
105 217
27 41 100
106 220 224
31 50 90
8 284
168 236
88 171 267
59 72 186
224 231 240
33 48
280 286 298
121 251 276
4 215 227
4 286
165 303 322
89 248 286
202 253 293
57 91 178
272 300 304
82 185 301
88 105
52 182
16 81 107
231 235 240
83 177 265
74 262 302
133 292
169 173 176
177 298
77 131
1 154 320
46 60 96
162 175
54 134 237
139 165 250
236 237 251
98 190
148 170 230
69 82 174
37 180 232
119 249
177 190
267 280 286
12 248 292
257 304
17 54 71
45 89 248
183 197 198
182 226 293
148 153 155
100 137 219
56 126 185
197 235 240
86 121 263
292 298
224 237 246
177 237 285
74 75
165 284 298
76 121 192
143 171 271
84 86 106
287 304
158 190
37 129
264 320
42 244
102 258
121 183 188
185 191 192
23 145 168
81 91
53 258
204 257 287
35 65 126
175 177 219
74 317
16 83
169 325
48 186 195
121 234 311
180 191
144 268
29 78 220
248 325
124 176 186
10 112 248
14 121 238
30 102
24 102 151
134 196
20 94
94 164 326
201 267 290
132 271
62 125 173
204 291 298
30 223
57 97
165 290 304
290 298 304
228 261 297
97 169
204 268 287
50 94
22 50 125
83 175 177
12 17 102
24 39 108
21 50 94
30 115
12 107 261
103 105
81 244 283
48 169
139 287
34 243 295
106 110
171 234 286
31 37 85
121 162 276
36 280
111 133 292
66 99 182
8 218
35 37 255
30 115 301
8 10 279
81 170 226
15 113
142 154
161 167
184 186 230
59 156
22 59 187
275 280 284
280 281 302
31 57
36 93 160
106 258 305
110 121
94 148 186
16 46 47
78 220 288
60 96 107
8 59 292
77 177 301
87 110
110 134 240
1 70
174 227
14 238 260
135 286 304
144 204 309
177 232
211 242 297
237 283
111 133 305
256 296
195 286
255 268 286
8 19 112
141 279 286
46 63 301
107 173
131 301
10 11
70 79 127
16 60 224
121 170 234
58 173
149 291
75 113
90 177 178
146 202 233
34 202 253
63 86 93
10 132
88 140 204
26 102 151
140 171 204
50 118 262
135 149 312
14 263 266
158 232
144 204 322
70 172 183
3 15 65
59 172 313
40 69 107
281 302
179 291
20 94 186
79 124
48 170 172
174 175 191
54 231 265
15 16 106
57 76 244
21 74 130
35 138
48 64 311
34 89 325
135 267 280
102 313
262 302
158 172 183
74 222 274
19 206 292
0 73
42 231 260
206 214 293
87 260 285
89 133 242
20 21 71
34 253 325
165 171 304
52 53 184
264 267
83 192
4 35 138
125 173 176
60 208
170 183 188
72 193 195
238 251
16 138
97 158 204
16 174 177
29 77
71 212 214
218 225 261
6 93
12 103 248
46 91 106
143 279 286
50 58 99
234 292 297
44 92
8 112 248
16 40 69
104 111 296
42 55 276
97 188 204
39 162
23 154
36 93
55 106
71 316
17 197 285
65 84 107
26 39 70
267 284 314
6 106
59 101 112
34 146 296
224 265
69 162
22 50
214 215 261
99 270
4 226 254
217 262
59 71 125
6 69 126
73 150 168
251 260
106 137 178
7 90 209
71 72 193
14 42 134
57 137 162
54 81 121
215 242 280
46 63 114
280 286 287
121 251 265
60 82 106
29 82 235
29 81 276
183 226 296
8 165
56 134 160
140 284
214 233
61 102 230
23 154 274
248 292 302
41 85 120
280 290 298
20 48 176
64 181
20 166 168
10 36 132
87 237 246
31 50 92
80 94 151
149 225
228 289
201 264 302
76 106 220
81 107 238
47 84 93
60 63 106
10 66
142 222
29 197 235
88 104 215
59 151 188
21 79 166
143 165 267
155 161
54 55 81
12 112
158 166
52 64 173
76 134 174
16 30 107
171 280 298
93 185
52 184
41 126 134
114 244
16 28 219
5 137 138
175 178 191
158 287
56 126 174
8 292 302
64 76 107
66 195 200
201 204 264
61 125
88 228
8 225 248
79 80 322
51 157 168
47 84 106
178 185 232
123 185
202 249
36 69 113
76 129 301
56 131
50 51 155
111 218 272
42 100 263
165 303
280 290
29 30 192
154 166 317
169 193
137 147 183
204 298 314
292 300
48 168 194
74 148 151
135 140 267
36 76 129
43 88 297
10 321
62 188
217 225 228
48 116 125
28 311
9 69
129 134
55 246 285
60 263
113 123 126
16 175 191
48 49 71
226 295 310
186 195 313
50 214 280
31 63 114
206 233 253
102 140 264
35 206
81 93
180 301
213 249
165 272 303
69 204
42 185 212
70 206 262
144 149 292
103 248 295
48 125 187
135 234 292
203 207 212
144 267 284
6 40
97 158
60 276
48 266 311
71 86 170
65 84 162
222 274
16 17 261
177 178 191
146 147 253
34 243 284
4 88
48 74 262
121 162 265
70 168 212
103 215
71 74 173
225 228 242
168 172 194
106 220
22 161 187
68 94 269
0 1 142
34 146 243
143 287
31 190 208
11 104
74 186 230
180 232 286
59 66 186
20 71 94
110 236 240
133 215
64 115
48 71 206
255 268 275
167 213
74 177 302
281 309 310
103 228
34 226 249
35 71 255
29 174 185
12 46
77 175
121 218
66 282
10 121
35 160 219
133 228
141 165 267
8 177 286
20 92 166
35 84 86
78 83 177
177 234
237 285
50 125 183
37 85 160
49 186 230
117 184 230
139 228 242
73 298
147 247
29 76 121
53 72 173
145 158 168
51 92 158
72 73 170
72 73
57 160 190
223 242
123 134 311
106 176 187
102 204 264
286 298
53 125 184
76 133 162
184 287
34 202 255
149 225 284
59 79 151
157 161 282
141 165 280
212 254 255
16 30 175
50 59 71
21 121
132 225 284
60 106 113
53 73
58 188
116 129
102 166 251
107 174 208
22 157 161
165 250
46 70
47 106 162
64 173 229
141 267 304
26 320
48 117 176
218 261
8 171 201
135 165 271
17 149 257
21 26 320
50 59 313
22 157 282
237 263 283
10 112 292
21 130 148
51 269
66 95 158
29 57 97
71 80 168
46 106 110
146 147 295
206 249 252
60 64 129
83 194
206 207 255
229 248
271 292 300
27 63 120
146 250
132 315
71 72 169
159 189
35 153
117 176 193
141 320
34 143 280
10 177 286
59 62 173
13 123 276
0 317
10 112 305
8 141
178 323
17 104 204
71 197
16 261
140 267 290
63 106 120
71 102 169
119 156 168
48 213
59 79
226 256
55 109 240
158 172 319
118 164
83 92 115
71 89
147 173 183
45 111 211
122 283
16 177 197
221 262
44 258 261
92 148
4 35
144 165 304
121 244 251
215 218
144 302 309
94 157
24 98
132 149 234
248 250 294
21 24 98
257 280 304
264 279 304
217 261 289
55 134 246
8 275
13 134 276
38 154
111 242 292
63 114 115
16 100 219
198 256 325
88 104 204
8 141 267
59 213
133 162
53 124 176
10 171 201
48 50 94
34 242 248
31 114
17 216
4 89 227
99 169 176
198 207 325
34 203 293
81 121 283
195 204 234
66 108
63 114 236
236 251 285
225 297 302
59 186 319
175 178 180
217 261 302
0 1 102
105 221
201 264 304
74 214 252
80 127
16 183 230
99 173 187
221 258 261
21 80 127
171 284 298
8 141 280
146 158 284
14 122 263
158 168
17 229
177 181
76 134 176
17 228 242
202 206 222
21 158 168
19 238
272 284 300
140 201 204
213 214 262
68 130
169 182
172 187
191 237
8 292 304
94 304
29 83 192
61 124 125
6 46 106
146 171
132 204 280
14 231 263
16 97 176
16 138 177
72 141
52 59 302
204 297
8 143 302
267 280 290
50 51 157
47 84
35 100 219
82 224 246
57 76 301
65 138
79 193 322
135 144 267
132 234 280
169 195
16 64 120
36 83 134
81 82
16 110 236
12 248
12 103 292
24 151 287
234 297
0 130
74 79
59 74 225
131 160 162
21 74 79
169 316
50 52 99
51 200 230
74 154 318
139 144
202 212 255
74 159 167
35 54 116
50 72
22 155 156
201 275 280
132 141
151 154
30 93
50 214 282
206 233 255
24 102 142
34 249
74 121 262
204 257 291
22 111 234
212 255
52 204 302
146 242 250
27 209
13 311
116 124 125
206 211
63 106 175
71 252
17 197 221
217 234 292
21 148 270
160 185 220
268 271
52 169 200
64 263 311
78 177 219
204 287 291
71 169 170
111 133 162
16 65 75
187 319
196 248 286
27 35 126
66 145 168
46 79 166
75 123 224
44 270
25 67 222
8 10 149
206 255 256
137 197 261
243 254 325
146 147 255
204 279 292
63 115 301
141 286 304
19 223 248
125 154 317
139 289 292
59 124 301
181 263 265
23 154 318
217 218 297
69 76 106
103 217
10 144 298
78 160
107 169 187
59 124 193
25 270
35 138 190
55 86 260
29 160
76 100 220
63 96 301
134 185 276
133 217
119 282
141 198 204
58 59 124
3 107
66 99 186
63 175 301
59 72 124
66 156 168
79 102
24 166
230 271
214 222 226
21 24 166
147 202 255
141 198 325
63 126 301
153 156 222
107 231 260
37 178 232
260 265 301
89 227 286
4 215 286
106 169 173
141 267 280
26 67
16 60 107
215 248 286
102 158 258
47 126
107 177
52 241
147 222 247
206 253 293
82 120
140 204 264
165 271 284
290 298
169 170 230
186 200 230
147 183 255
16 83 175
26 188
87 177 265
8 111 284
139 144 250
15 77 107
73 169 170
286 300
69 93 126
21 163 193
209 249 262
21 74 121
26 80
169 200 230
203 226 293
262 293
16 30 177
33 241
60 78
148 151 168
63 120
72 124 231
123 134
50 140 146
71 80 157
62 124
11 12 111
116 131
8 248 302
12 213 249
248 250
46 301
71 86 93
151 317
70 74 150
137 190
177 208 286
63 69 106
178 260 301
38 39 153
4 11
104 132 225
102 317
237 263 285
69 174 185
70 262 322
60 91
25 70
151 212 213
90 199
44 228 250
119 156 157
177 197 285
240 251 276
39 153
125 193
111 258
23 145
103 104 223
69 261
146 252
8 22
77 162 265
27 35
27 35 60
79 102 127
25 67 156
158 160 190
50 94 164
50 140 280
90 91
117 194
279 287 298
10 135 291
160 197 285
50 140
37 60 77
15 106 137
118 274
21 50 140
206 214 310
10 35 60
30 106 177
103 151
132 292 302
20 153
22 106 187
111 271
185 220
50 261
235 240 263
13 134 265
65 93 160
44 144 242
28 57 85
158 201 204
50 74 168
31 35 206
34 226 293
147 295 296
70 92 166
212 218 242
92 183 198
212 255 309
72 141 143
71 212
121 122 263
135 284 304
87 175 177
123 174 185
147 158 183
235 283
8 105 225
16 107 261
76 176 270
10 248 302
22 175
59 72 179
59 186 200
82 99 106
30 177 191
238 265 266
119 158 313
34 242 250
17 218
36 46 107
158 183 284
125 212 218
27 90 106
28 57 219
50 74 302
65 114
57 81 126
115 231
53 176 230
147 183
3 16 107
51 92 94
27 41 106
13 126 134
77 100 113
111 191 305
36 76 107
98 183
84 285
10 299
47 65 84
143 165 271
40 178
174 178
165 201 280
204 286
111 112 133
4 89 242
121 288
13 82 185
28 60
60 107 301
88 111
38 154 320
82 224 235
69 126 129
280 281
40 178 180
69 129 134
242 243 286
149 242
102 130
5 197
57 162 185
65 248
10 312
51 313
63 175
202 253
81 192
76 121 185
72 143
158 183
248 286 302
89 312
204 299
15 16 165
8 143 304
104 280 286
102 251
33 48 262
34 202 325
206 293 295
50 71 259
134 176
138 190 197
204 257 280
143 144
275 300
264 275 280
77 107 263
135 257 267
201 279 280
23 145 282
20 21 130
9 302
72 172 195
102 264
50 74
134 174 238
100 106 178
27 90
132 143
52 74 302
21 50 74
14 121 231
94 157 158
225 261 289
139 267
146 233 247
3 35 65
64 93
50 195
17 18
187 200
132 264
21 50 195
257 279 298
97 172 319
92 158 183
135 257 280
59 173 182
67 230 241
111 206 292
48 270
122 219
149 217 304
214 241 252
64 93 131
92 313
107 169 176
103 223 242
206 207 325
76 162 185
127 270
76 208 301
59 124 182
74 147 293
99 107 187
214 233 253
131 160
102 119 158
263 316
48 162
8 133 258
82 123 276
141 143 257
151 158 287
158 197 261
27 224
107 173 187
25 151
11 216
198 212 255
78 137 162
42 77 107
15 106
125 177 195
147 262 295
119 163
78 162
31 50
22 230
30 93 131
75 93
51 119 269
8 165 267
39 73 320
10 112
244 266 283
110 236 244
73 168
110 235
89 112
87 121 238
154 278
11 229
79 127 322
144 280 297
186 230
24 168
63 96
233 247 255
140 264 267
147 243 295
31 63
75 106
143 144 267
207 212 254
34 147 310
17 89 248
162 177 185
42 93 185
51 92 270
279 286
141 165 271
177 238
35 84 90
59 227 242
26 67 79
71 125 212
29 162 192
82 122
290 300
292 300 302
0 170 173
16 83 177
5 137 197
145 158 172
50 71 72
141 177
12 292
57 69 76
10 201 271
12 194 225
61 124 182
267 289
238 266 276
107 246 260
56 190
85 109 260
38 39 142
89 242 286
85 120 126
15 106 113
108 179 230
211 249
147 247 255
118 274 313
109 238
183 187
77 185 265
144 149 217
214 262 296
54 237 251
67 241
12 305
44 250 294
106 113 148
12 34 249
72 117 193
16 219 236
129 301
248 252
111 271 315
146 241
206 255
13 126
27 100 178
35 144
95 195
107 125 212
135 267 286
139 201
20 21
97 204
62 200 274
37 71 255
59 97 158
60 93
206 256 296
50 94 274
14 93 224
199 253 325
89 133 248
48 204
177 178 237
125 195
226 247
17 83 257
286 290 298
48 74 79
141 280 304
8 24
118 155
8 112 133
52 193 200
65 84 100
73 74 274
50 52 169
125 316
34 143 284
74 80 173
6 93 126
226 255 310
76 197 261
145 168 189
144 242 286
121 224 263
99 124 182
177 238 301
8 59 98
17 86
29 121 220
219 220
146 198 213
46 63 107
43 223
203 212
103 201 292
152 166
243 284
171 195 234
46 79 236
66 99
236 251 276
10 271 315
112 215
50 102 124
248 292 295
235 285
106 116 125
30 177 301
280 290 291
30 162 178
77 113
212 222 255
74 167 168
16 54 107
215 242 286
60 77 263
20 80 94
98 172
10 59
90 115 129
114 116
36 69 93
12 105
4 112 215
14 224 238
48 71 157
107 113
112 228
141 144 267
106 125 187
20 71 166
82 285
35 71 206
141 242 280
80 94 157
88 221
35 65
8 141 284
40 180
174 180
31 106 114
158 172
8 111 112
89 248 294
89 104 286
8 280 298
46 116
46 90 91
200 230 262
145 167 168
257 299
54 224 246
169 186
37 64 173
144 217 322
271 279 286
50 51 269
28 183
50 59 130
68 71 168
46 237
13 174 311
25 67 79
54 110 265
42 55 82
26 258
227 248
287 299
56 126 301
235 276 311
28 75
22 50 94
69 76
57 162 308
70 79 322
197 261
206 214 233
102 140 257
52 184 193
104 215 280
275 302
25 127
257 279 287
76 92
62 194
67 68 168
125 250
166 251
111 315
52 188 204
37 77 209
9 304
198 243 254
44 59 242
8 286 304
137 138 197
44 261
99 107 176
164 326
54 121 265
105 133
127 151
107 173 176
267 290 298
141 257 267
17 71 86
59 173 184
249 262
268 275
29 82 162
78 219 220
144 267 290
10 111 112
228 261 292
64 216
13 266 276
143 280
8 149 312
5 124 177
137 160 198
16 197 198
200 262
30 115 175
131 162
110 121 283
257 264 298
175 205
135 264 298
110 224
10 36 59
297 316
83 129 177
300 321
11 218
38 92
79 93
103 221
230 262
77 265 288
225 228 248
44 165 250
228 242 292
59 151
144 146 242
104 225 297
38 213
14 55 134
24 278
156 168
133 221
149 165
4 89 286
28 57 276
17 43 242
59 66 313
121 237 283
141 149 171
196 242 286
21 101
72 74 159
121 224
102 204 257
74 148 186
50 262 302
47 100 162
5 12
183 284
36 174 177
86 122
72 187
15 77 219
216 291 300
213 295 310
19 297
28 65 113
60 69
5 133
10 248
15 144 165
8 271 304
60 82 301
104 112
51 249
271 289
48 147 183
292 300 304
4 149 286
15 28 219
122 237 263
53 72 179
50 71 74
67 230
8 125 186
72 79
89 248
146 202 241
46 63
7 35 37
225 294
102 182 188
268 284 314
123 246
50 71 195
5 137 320
141 300
36 69 174
93 126 185
281 310
8 201 302
60 82
143 257 280
70 74 262
284 300 304
54 55 276
76 121 134
37 160 178
172 259
125 184
111 249
37 71
171 300
28 251
38 151 213
102 140 204
42 162 276
81 262
217 225 289
59 169 292
76 77 185
10 149 217
48 176 200
17 83 138
262 310
121 162 192
88 103 242
160 262
201 300
25 74
27 114 236
233 252
63 106 113
123 237 283
16 177 298
20 21 79
226 249
171 313
59 72
250 284 296
16 121 137
97 98
99 144
151 152 287
159 195
46 63 96
146 198 202
50 140 284
12 19 77
48 50 74
224 260
51 119 313
66 88
121 224 265
207 212
4 149
121 217 262
31 50 74
8 268
154 322
5 177 216
8 19 149
51 195 200
30 174 177
101 166
59 112 242
54 91
171 201 280
243 286
48 127 270
207 254 295
54 81 237
38 268
16 81 91
73 168 274
31 228
12 90 91
29 185 220
140 171
52 58
140 141 254
17 43 297
29 178 180
147 295
12 107
171 204 298
64 181 263
214 241
19 225 258
37 85 100
37 90 178
92 147 198
68 167 269
204 264 298
216 286 304
215 227 286
103 149 201
43 44 88
16 83 113
67 164
39 70 92
77 83 177
81 93 126
236 244 251
193 303
34 89 133
12 228
89 215 227
42 107
21 193 303
165 250 284
10 11 312
140 141 267
77 162 177
233 247 325
16 69 107
56 126
264 304
28 64
69 93 185
1 142 320
88 140 267
16 106 110
140 171 267
169 188
198 213 243
204 257 271
88 133 227
103 104 148
31 93 160
132 204 286
222 243 293
71 94 151
27 84 106
62 183
176 291 315
8 83 257
146 183 296
247 255 295
149 271 289
27 35 106
238 301
34 242
66 157 158
92 183
48 193 195
14 263
146 242 243
70 127 193
135 257 271
87 106 110
144 267 279
52 169 193
165 267 304
83 255
244 251 276
94 148 157
242 248
59 124 173
24 39 92
166 176 270
71 137
81 245 263
97 125 319
59 159 167
257 264 287
231 240 260
22 106 125
60 64 311
4 83
17 23 155
22 50 230
137 138 320
59 173 186
71 74 168
158 269 313
10 144 291
85 93 160
103 104 295
42 117 170
242 261
59 124 186
16 35 138
30 115 177
60 77 78
162 265 276
12 107 258
24 173 270
184 193 230
118 157 282
49 186 212
103 223
44 248 250
173 179 200
64 231
137 183 197
22 234
149 275
126 291
8 165 271
238 244 266
76 92 106
20 80 151
244 283
15 231
216 221
202 286
93 162 178
66 108 241
111 216 300
121 137 162
206 213 214
82 120 224
130 154
123 134 185
176 270
93 224 238
16 54 285
76 106 162
69 107 162
40 46 107
59 176 187
135 279 298
170 226
227 234 298
290 291
50 99 125
140 264 271
12 46 116
232 286
99 125 315
144 173
77 183
42 162
13 82 123
267 280
143 144 271
8 165 284
30 178 192
74 114
140 171 201
117 170 182
141 267 286
242 271 286
141 289
53 176
247 256 296
51 168 269
11 149 217
146 250 284
160 209 262
198 255 295
62 117
54 55 265
177 232 286
40 106 107
27 209 220
134 237 283
83 93 107
125 173
171 289
57 162 244
79 102 107
8 11 59
46 65
137 183
8 57 175
21 74 127
198 203 226
42 162 265
102 231 311
163 164 193
227 305
29 175 192
72 202
104 215 216
147 254 262
10 135 271
106 176 316
8 201 304
201 289
252 254
71 89 212
231 260 311
93 160 185
41 60 85
48 195
35 65 178
180 185 265
9 248 302
146 183 243
103 104 216
37 93 126
10 165 271
6 40 106
74 101 102
27 28
46 79 93
20 74 79
50 94 157
8 70 127
4 17
284 300
36 126 134
27 63 236
31 55 57
44 89
65 111 315
76 270
52 58 124
144 146 165
17 138 197
19 77 242
264 279 286
35 37 65
99 107 125
63 106 236
71 313
90 326
76 162
117 200
225 289 302
217 250 297
234 280 297
141 171 257
59 195
76 162 244
8 149
200 319
146 198 325
131 219
51 68 269
81 91 93
29 208
50 146 158
222 226 262
119 269 282
235 276
71 79 193
59 316
152 278
147 160 222
50 158 168
10 11 59
61 102 106
28 57 91
33 34
84 265
10 50
15 165
147 284
222 256 262
34 242 243
193 303 322
155 158 168
214 233 325
268 292 300
65 107
60 82 224
27 37 209
102 151 182
106 116 129
55 126 134
80 94 148
261 289 302
99 169 292
202 206 325
198 207 212
57 76 162
48 230 262
139 228 292
21 79 163
246 276
144 264 267
223 292
113 126 166
61 230
88 104
16 35 219
51 66 155
46 107
144 257 264
216 289
21 50
16 83 115
15 60 107
172 182
88 225
102 257 298
52 302
234 279
267 268 275
35 69
81 185
172 303
248 286 295
204 292
16 113 115
176 230
19 206 223
51 66 168
165 300
88 242 280
299 300
178 239
35 190
241 295
100 178 219
118 119 313
21 127 193
234 292
222 243 295
73 102 298
16 69
76 121 191
137 147 301
105 133 242
172 316
52 188 195
157 158 168
102 257
42 81 260
51 61 66
160 198
8 70
112 133 292
113 123
14 121 224
16 177 234
204 257 286
15 85 126
76 77 242
16 107 175
104 132 286
12 106 305
215 286 305
187 193
132 257
44 144
57 83
51 156 195
8 70 74
140 143 304
144 149 289
201 279 286
6 121 126
76 77 134
83 257
235 240 311
202 255 310
76 162 178
50 72 170
8 83
34 250 284
51 119 249
35 37 120
55 56 134
14 121 237
11 88
62 319
140 146 171
20 322
146 233 253
71 79 127
104 215 297
92 198
20 48 94
48 176 270
64 99
141 257 271
71 157 168
217 218 292
134 316
55 86 134
101 102
119 156
63 93 106
61 72 319
76 162 191
198 207 254
200 266
74 79 101
244 266 276
257 264 302
87 106 246
66 158
255 309 310
14 55 246
170 215
152 166 201
54 231 238
141 198 320
71 259 313
93 116
17 112 225
207 212 247
149 165 217
216 223
77 83 113
20 26 38
135 234
24 142 154
10 11 248
19 59
5 124
79 110
77 107 177
174 175 177
13 86 123
31 57 160
26 102 258
216 217 261
18 223 242
89 111 227
8 125 177
4 112 166
58 172
26 53 258
8 238 239
123 237
89 227 294
35 124
37 180 286
28 100 219
144 201 279
144 173 217
144 296
216 291 304
146 171 286
110 235 240
202 247 286
148 186
41 60
43 88 228
74 152 201
52 74 108
29 57 81
66 158 198
111 112 315
12 34 242
165 171 290
211 294 297
149 216 289
5 258
247 286
63 236
8 57 177
26 317
141 304
144 309
92 119
218 258
14 86 93
57 126 185
13 240
12 242 248
36 59 69
134 237
125 188
160 180 219
88 133 297
23 59 118
126 162 276
248 258
148 320
36 82 174
19 112 225
132 312
176 187 291
71 73
16 137
81 266
52 62 124
185 323
4 19
10 135 286
119 163 168
171 176 201
217 248
77 106 220
216 223 280
131 208
102 151 158
20 148
37 77 160
22 157
54 81 107
158 160 198
160 198 222
103 267
112 262 302
35 206 253
37 107 160
80 127 193
16 65 138
217 261
18 280
8 141 143
279 321
8 272
209 262
27 90 209
44 144 250
65 106 107
79 152
44 88 89
59 186 195
76 100 162
198 214 325
202 222
24 99 270
26 79 124
10 160 305
244 245 285
99 169 173
16 137 219
14 224 231
264 267 304
88 141 204
50 102 130
216 289 300
117 170 226
79 124 193
106 116 131
53 179 230
177 286
8 143 165
121 162
102 257 287
0 101
146 165 284
34 147 250
50 99 182
71 173 193
12 111
89 294
146 243 325
204 264 302
174 208 301
216 291
76 126 174
16 41 120
86 121 251
267 275 280
141 242 286
116 289
88 227
149 216 223
51 157 167
180 197 198
39 48 162
35 71
174 238 301
81 187
5 137 258
102 291 298
287 292
107 174 260
247 255 286
28 93 126
57 162 301
53 59 124
13 174
24 158 287
51 200
16 106 114
135 144 264
71 168 212
12 104 248
71 212 255
76 107 174
10 50 284
15 85 115
160 308
8 98 125
242 280 297
62 187
119 147 158
59 169 230
52 169 184
8 9 312
35 40 178
187 303
36 115 177
27 85
36 134 190
202 249 255
76 206
29 131
194 198
104 215 286
152 201
135 204 264
16 107 177
17 83 197
102 147 158
187 195
8 112 302
267 290 291
173 183 243
94 157 274
76 185 191
16 100 137
103 201
55 86 123
249 255
194 319
11 89 111
152 322
124 173 182
36 147
50 72 172
187 316
22 94 119
76 219
263 311
12 107 249
110 121 276
20 71 80
47 93 126
11 111 250
76 162 301
16 60 78
3 91
57 91 208
154 260
36 82 134
173 273
122 263 283
8 112 315
267 290 304
85 160
54 260 285
107 176 187
186 212
16 81 137
98 99
107 115 177
121 237 263
1 166
7 69 204
158 167 269
119 158
36 160
121 123 134
127 278
80 166
66 268
19 211 248
57 219
59 79 124
90 115 177
141 198 201
165 204 322
195 274
195 204 286
29 162 174
126 174
142 155
12 46 107
31 287
77 174
51 155 200
121 217
59 130 183
52 117
43 297
95 164
17 59 71
226 256 262
111 216 304
28 110
107 174
82 224 285
43 88 217
104 105
145 158 167
179 184 230
81 93 185
107 177 263
99 125 319
72 73 169
89 215 286
8 248 286
12 106 107
8 225 302
32 121
35 126
141 267 290
48 117 162
72 193
144 298
243 250 296
74 222 262
21 72 193
174 177 238
53 72
111 242
185 191
37 64
60 64 115
56 77
89 196 286
27 63 106
238 239
198 222 243
23 71 117
199 247
1 102 320
48 176 193
22 50 155
74 252
173 194
25 67
231 238 260
50 94 269
82 122 263
206 255 295
76 261
48 172 195
15 231 237
124 194
56 123 185
107 160 285
148 322
24 26 320
8 19
74 147 222
3 28 75
29 78
221 248
59 186
133 135
71 151 168
144 165 290
103 223 292
34 146 284
284 304
48 53 72
46 93 116
27 35 178
25 80
87 231 285
264 267 280
8 10 201
217 250
236 263
70 71 212
103 148
244 260 276
196 312
10 248 286
46 79 110
43 218
77 219 220
144 290 298
1 221
35 206 255
157 186 313
144 165 303
31 100
132 280 302
59 119 130
25 322
22 66 125
198 213
165 257 304
59 184 232
48 64 99
141 198 256
104 295 296
110 285
160 191 305
226 247 255
19 103
79 154
69 162 174
30 265 301
54 97
135 149 234
29 76 162
28 91 93
50 169 186
171 204 291
163 269
16 137 221
37 85 93
171 280 286
204 264 291
77 107 113
65 111
216 289 302
12 221
86 170
42 100
36 57 91
59 195 259
60 63 107
147 301
8 141 279
114 124
82 231 235
54 55 82
57 69 126
25 74 222
77 242
76 244 276
10 201 321
59 158 313
28 57
74 173
204 264 304
67 170
204 257 264
177 301
204 298 302
130 226
88 229
162 178
69 121 132
294 297
151 248
13 55
242 280 286
16 60
38 142 320
62 176
153 155 156
268 286 300
204 296
50 58
248 302
74 186
19 250
51 107 173
165 304
113 114
140 254 271
21 74 186
169 194
170 173 186
20 71
119 145 158
199 214 262
61 72 176
17 146 242
146 183
21 102 140
90 251
119 157 168
135 257 264
50 200 262
66 158 268
20 21 127
139 143
10 144 271
52 169 186
59 194 225
50 71
35 40 180
8 74
201 275 279
21 50 71
147 214 262
8 24 70
76 208
52 58 62
222 262
67 156 168
110 121 265
257 264 280
139 264
50 230 262
17 111 261
106 107 258
212 254
201 267 280
117 182 183
35 37 232
145 200
76 100
59 173 179
226 310
30 223 225
138 197
119 147
50 95 158
107 169 173
143 275
76 162 182
216 248 286
59 124 179
104 279 286
44 88 133
243 295 325
155 156 168
73 152
162 185 276
112 225 248
17 257
237 260
3 93
81 122 283
48 132 204
48 71 194
29 121 162
59 242 292
24 152
103 216
101 106
53 179 274
42 107 212
50 183 284
64 224
12 34
87 177 238
28 36 91
17 149
176 186 230
195 257 286
14 134 237
75 90
66 270
48 162 204
110 185 276
236 237 283
72 99 319
59 61 72
166 170 215
54 245 285
133 216
193 230
140 271 304
63 82 301
88 171 204
260 276 301
169 193 200
231 235 285
170 219
63 93
50 159 169
125 172 319
134 237 263
52 117 200
275 304 321
143 144 264
93 120
87 109 238
145 200 274
216 227
48 59 173
26 74 79
141 267 279
99 106 187
75 224
107 176
62 172 183
60 64
46 166
32 69 107
63 106
52 184 230
107 260 263
16 83 174
12 104 292
77 100 178
102 182
4 216 227
51 94 168
42 81 185
225 289
104 228
227 242 286
48 59 186
242 271 292
72 195
144 300
204 284 314
278 300
109 235 240
10 135 264
50 59 72
69 126
0 292
21 72 195
129 177
13 231
69 132 174
31 93 100
16 235 285
147 247 252
93 160 178
216 242 271
48 213 222
72 316
185 193
8 9 248
125 141 177
56 123 174
15 106 231
13 123
54 59 97
69 76 134
8 125 315
15 113 126
134 276 301
16 107 113
22 50 157
149 284 289
280 297 302
233 247
73 74 150
50 52 274
84 86 285
59 71 102
20 21 74
76 77 301
144 165 171
10 121 234
61 172 182
36 83
103 258
48 79 127
15 75 113
240 263
26 79 102
59 101 102
81 265 266
52 125 184
50 158 269
244 245 263
52 124 188
212 255 295
19 225 227
74 186 273
76 276
76 83 92
110 236 283
1 102
188 194
133 258
16 28 183
144 146 171
105 196
17 83
194 198 202
154 317
80 102
35 37 71
16 54 91
50 74 167
100 107 185
66 108 168
17 204
10 132 234
8 74 201
16 197 261
71 166 168
24 99
65 100
4 17 83
13 55 240
20 48 166
87 246 285
58 97
61 102
213 226 247
167 269
98 169
10 117 195
60 63 96
107 261 301
34 293 295
183 213
48 166 270
14 231 238
12 102
31 115
17 217
59 292 302
54 81 245
57 76 276
40 46 47
46 100
32 121 231
10 177
65 113
59 74 79
169 170
137 147 160
217 302 304
52 59 169
31 36 160
88 218
71 73 74
36 76 106
126 244
102 257 291
51 157 158
82 174
183 226
28 31 57
117 200 230
10 177 195
264 299
116 172
50 92 183
87 107 260
37 71 173
54 87 238
149 165 289
260 301
213 226
172 188
39 73
267 275 284
223 242 292
66 186 319
140 143 284
160 222 262
37 121
264 312
157 186
22 176 230
206 307
280 293
21 157 186
137 198 232
104 296
16 183
76 197
71 195 319
14 123 263
212 295 325
104 132 279
57 126 244
50 94 326
145 189
177 208 232
97 204 257
59 71 157
227 258
8 242 258
242 243
99 194
44 258
99 107 173
112 133
34 250
194 202
37 255
10 144 165
190 222 323
162 185 265
10 111 217
157 320
64 92
215 261
275 312
99 315
21 157 320
48 71 183
102 130 158
141 257 264
309 310
166 261
207 262
312 315
228 261 289
31 36
17 138
110 185 265
35 138 178
60 129 263
27 106 236
132 135 234
15 213
101 216
1 278
8 59 271
73 154
50 169 230
0 1 24
91 208
99 125 176
133 292 302
55 285
75 200
171 195 286
108 148
216 227 286
202 206 252
11 215
4 166 261
4 17 138
175 323
70 79 106
142 146
1 170
106 116 177
62 99 125
216 280 297
144 250 296
91 93 126
50 51 66
52 108
38 210
236 237 285
34 147 296
138 160 262
53 61 176
202 281
146 241 325
141 165 257
217 228 289
99 106 176
163 326
216 268 300
156 286
21 98
147 183 243
100 162
8 111 272
42 170 246
114 115 244
130 270
102 106 177
51 94 157
267 275
46 47
51 92 269
143 264 304
177 237
50 51 200
28 114
71 254 325
132 171
36 83 177
35 65 160
42 170
125 141 166
0 173
48 147 301
97 158 183
10 59 271
53 184
107 185 212
52 169 230
10 149 201
171 176
198 243 293
60 308
62 70 150
149 201 280
67 71 168
50 71 313
8 59 71
51 158 168
231 311
12 34 248
50 59 195
119 163 269
37 93 121
156 195 286
178 192
57 131
90 178 209
48 311
4 12
61 72 125
242 286 292
36 129 134
39 71 73
118 262
25 71
8 24 127
140 267 280
126 205 208
76 265
216 242 286
29 190
43 88
43 217 297
218 261 297
135 141 267
22 106 175
59 69
4 133
235 240 251
262 264 302
173 319
44 89 294
146 198 199
117 195
225 289 297
29 82
21 71 79
4 254
48 50 71
16 165 298
67 157 167
183 198 213
300 302 309
55 69 134
171 257 280
50 262
110 276
58 86
78 83 209
10 160 177
122 191 237
196 215 286
29 162 220
46 63 106
59 186 188
8 141 257
73 101
12 91
15 77 137
77 220
150 222 274
50 158 284
30 93 185
121 263
40 65 315
207 212 295
24 101
75 120 224
106 125 173
72 231 266
216 271
31 106 208
217 261 292
117 186 200
51 183 200
87 237 238
251 265
149 217
59 158 183
8 225 227
10 287
31 57 208
21 153
114 115
122 123 237
12 104
111 216 242
23 67 95
16 46 107
42 212
26 67 241
121 246 276
86 87 246
275 279 321
137 220
169 172
114 236
12 225
70 166
93 178 185
75 107 123
243 286 295
44 138 158
59 148 151
21 166
74 108 179
169 186 230
66 195 313
203 212 293
56 123
74 177
66 274 313
66 186 200
207 253 295
31 100 160
204 257 268
60 92 115
16 41 126
35 65 107
23 67
46 236
21 130 193
16 64
217 218 261
122 194
117 162 182
227 247
287 298
16 96 183
244 251 260
214 255 310
99 183
32 36 121
31 60 64
50 195 259
257 264 271
135 204 257
50 183
8 186
41 134
187 188
12 77 242
59 124
6 32
48 162 182
20 71 73
198 206 307
20 317
54 162 265
243 325
17 19
23 59 71
297 302
3 106 175
54 238 260
57 91
59 173 183
20 95 322
270 320
171 264 267
3 205
242 258
35 120 126
46 110 236
174 208
17 261
202 222 262
71 125 187
38 320
66 156 158
231 235 276
34 133 242
111 272 300
40 100
191 237 283
52 64 99
212 222 309
43 88 89
144 284 296
158 198 204
59 79 130
161 282
216 218
50 71 168
174 221
135 286 298
72 173
144 217 242
141 279 280
50 124 179
10 234
271 275
57 185 276
141 165
94 151 168
56 57
61 172
157 161 274
141 286
107 125 187
57 69 185
130 198 226
16 41 60
92 217 322
56 178
8 132 225
134 244 283
67 71 157
98 161 187
16 219 224
13 123 134
121 134 224
23 50 51
159 168
183 296
76 133
59 118 313
62 74 150
141 299
102 124 182
48 71
133 135 292
81 87 238
48 116 172
37 178
48 176 186
97 192
284 291 298
198 243 295
22 157 274
262 296
106 134 316
35 253
141 262 302
160 190 222
39 73 108
6 47 106
20 130
17 102 258
215 305
121 134 237
55 87
206 256
284 298 314
166 176 201
117 184
110 123 276
103 201 267
20 21 186
34 248 325
224 246
19 149 223
50 130
121 162 191
201 299
143 279 280
173 200
21 50 130
121 224 251
97 158 319
28 81 311
147 158 160
15 28
92 248
59 71
51 158 183
27 220 301
10 121 238
110 265
66 195
8 10 315
111 242 271
43 211
225 228 289
101 152
10 218 292
59 192
152 154
93 107 160
31 93
8 204 302
81 121 262
74 79 151
43 103
48 194 202
110 134 276
147 160
59 313
8 149 258
149 206
186 273
121 209 262
102 151 287
157 167 269
21 186 273
188 319
104 204 292
171 201 279
50 71 102
144 146 296
27 178 209
176 201
87 107 238
102 204 298
112 216
46 91
156 222
149 242 258
40 47
158 268
139 149 289
82 134 174
123 134 237
76 134 276
42 93
61 106
106 162 178
51 61
115 177 301
139 228 289
100 219
59 63 69
99 106 125
158 160
114 115 301
31 91 208
86 170 246
279 304 321
257 287
71 127 193
71 168 194
54 224
21 74 166
102 264 298
36 83 113
12 227
86 121 246
22 74 318
29 178 192
62 169
24 151 158
204 289
42 227
4 216 286
248 295
42 81 244
10 112 218
204 286 298
59 102 158
51 195
8 71 125
119 157 269
52 193 230
257 300
50 214 261
40 302
169 187
71 80 94
170 173 179
21 51 195
218 225 297
9 171
69 185
8 22 125
102 108 148
61 66 125
242 280 292
109 110 240
287 300
10 144 264
71 137 197
171 206 302
165 267 290
144 165 217
138 177
37 93 178
100 185 232
119 157 282
131 137
139 257
8 298 302
212 247
231 260
96 301
48 49 186
35 116 289
94 157 269
50 74 92
175 301
185 265
105 242
124 255
143 268
83 92 162
146 198 256
62 316
81 244 266
103 275 284
67 95 164
162 180 191
133 196
133 248 250
205 301
135 264 286
8 201
99 319
48 71 187
300 309
112 258
17 43 217
11 104 242
46 114 236
46 70 166
50 167 269
129 134 301
43 45 297
270 322
257 271 302
48 71 79
63 106 301
10 11 111
52 99
59 79 119
10 111 234
42 93 162
30 107 177
137 160 320
202 206 256
33 207
6 32 121
62 124 186
24 158
142 153 154
60 82 276
63 86
82 99
101 112
111 272 302
111 225 227
48 50 262
77 169
52 117 193
8 225 284
66 68 168
144 284 298
50 71 170
59 271 302
219 220 288
57 69 174
121 123 263
216 268 304
148 170
179 274
88 141 267
69 126 174
59 176 186
227 234 297
213 214 309
21 148 170
216 261 301
147 183 247
293 295
36 55 106
139 144 242
58 169
8 83 177
12 194 215
126 134 185
93 126
34 202 249
256 262 296
104 221
72 188
218 242
74 159 201
56 180
10 135 257
82 106 301
8 201 290
8 22 59
151 188
74 92 147
59 74 151
90 178
71 94 313
17 243 250
84 86 265
15 46 237
177 238 265
126 185 244
56 301
190 301
130 183 226
24 26 73
271 272 302
224 246 265
37 180
60 64 231
97 194
69 132
51 61 118
220 301
261 302
102 177 195
83 194 215
20 74 186
61 66 72
35 255
66 186 270
44 228 242
54 77 265
48 194
103 104 215
125 182 184
229 242
36 76
27 63 114
15 106 237
11 19
139 204
48 176 201
19 149 225
36 93 185
284 299
102 177 208
233 253
63 106 114
140 267 284
69 76 261
222 323
106 148
59 302
250 284 297
141 143 302
177 180 286
140 146
291 300 304
76 106 190
272 302
57 148
101 154
59 194
4 258
144 165 298
17 197
158 197 198
21 166 320
83 115 177
94 151
37 65 160
8 19 258
140 267
102 204 287
21 94 151
100 137 178
27 41 85
42 82
76 134 265
63 82 120
74 102 177
10 171 195
286 291 300
140 280
54 81 238
204 264 286
86 87 237
106 125 177
31 57 91
59 186 313
216 289 297
251 260 276
102 264 287
54 110 121
12 216
190 222
135 286
140 284 304
142 153 222
17 59 242
34 89 242
58 224
70 278
61 106 173
264 292
116 226 249
88 103
74 168
257 268 314
5 297
79 102 148
59 102 147
114 116 124
17 54 285
147 293 295
43 44 89
169 176
36 83 115
26 127
12 229
15 60 106
60 92 106
218 297
70 170
175 177 191
103 151 248
14 238
146 165
211 294
51 156 168
21 170
106 177 178
36 113 115
146 183 284
76 77 107
48 61 172
160 197 198
170 183 226
280 286
36 134 174
16 176
88 133 228
23 71
74 302
51 61 173
160 305
208 224 265
5 138 197
119 157 163
57 69
103 185
71 154 166
111 305
82 123 134
50 66
61 172 230
229 297
4 210 227
30 131 160
71 125
57 190
202 249 252
65 111 248
34 243
26 39 108
51 167 168
45 248 252
134 185 244
257 267 280
240 311
8 298 304
64 100 126
133 228 297
195 204 257
30 208
9 10 312
48 262
19 59 242
194 316
87 190
1 150
10 144 279
143 165 171
53 73 274
158 183 197
8 82
99 200
17 71 197
81 107 263
8 82 248
24 26
204 279 286
3 85 120
23 326
21 24 26
99 125 169
17 23
202 222 253
316 319
57 91 205
173 270
50 102 169
51 269 313
12 46 91
257 271 304
80 163
60 77 308
37 90 100
156 158
15 28 75
30 177 238
122 123 283
21 38 166
144 287 292
99 106 169
264 287 298
238 239 260
20 94 158
50 102 182
79 325
135 279 286
74 130 186
170 234 257
111 272 304
223 225
267 268
0 153
126 134 174
51 118
83 177 197
59 271 304
213 254 262
41 46
10 238
121 236 263
102 177
90 116 129
0 166
225 284
16 110
48 62
29 175 180
16 129 177
102 298
28 120
60 301
292 297 302
111 234 304
10 73 320
52 58 99
185 191 232
48 183
30 238 301
90 106 178
83 177
34 146 147
146 242 286
64 92 115
132 298
27 35 41
14 42 93
1 2 194
28 35 65
271 272 304
69 76 129
160 222 323
20 242
118 155 182
106 107 187
4 5
204 268 314
102 311
143 312
8 22 74
16 65 111
156 222 274
12 91 115
217 234
62 155 200
59 71 97
116 131 177
34 212 255
71 79 168
50 183 200
141 143 291
54 81 93
84 90 106
152 201 287
106 258
59 183
14 42 227
11 142
290 291 304
71 193
178 237 260
21 71 193
141 143 304
202 255 256
8 258
145 159 189
214 222 262
54 81
59 170 173
100 110 185
137 180 198
51 92 183
105 312
50 169 170
30 93 178
165 264 304
264 267 290
94 119 168
21 25
139 144 165
94 274
33 222 262
154 325
59 72 173
87 107 121
76 92 270
111 225 284
104 204 296
59 170 186
219 220 224
146 171 206
173 195 200
35 114 124
76 92 162
34 202 293
51 173
238 260 266
21 38
12 218
177 285
86 121 237
64 76 92
149 223
14 86 121
60 114
74 166 177
118 158 172
158 164
175 177 301
146 202 286
35 54 86
19 206 211
257 290 304
8 280 290
220 224
112 166 215
74 106 247
90 114
35 178
50 66 125
153 170
76 107 160
77 169 183
35 65 100
70 172
88 133 217
55 235 283
178 191 237
102 124
59 97 192
222 262 296
25 67 71
16 64 224
64 99 173
122 187
84 86 93
287 291
20 176
53 124
52 169 170
126 185 301
52 200 274
144 242
34 248 250
226 281
72 172 176
34 146 202
10 195 257
204 286 302
206 302
216 292 300
30 175 192
30 76
135 271 304
28 81 236
71 212 254
180 286
50 170 195
139 248
35 65 113
71 79 102
20 68
105 112
17 248 250
61 72 173
16 299
174 260 301
159 201 267
134 291
20 49 186
81 170 187
79 106 110
257 271 280
93 106 126
8 302 304
33 207 262
27 84
57 192
31 85 100
8 10 132
76 205
4 302
35 178 232
119 145 168
16 107 176
28 60 311
16 60 64
48 53 124
50 158 319
78 121 162
54 82 265
36 82 120
76 106 126
50 102 158
217 302
72 99 182
16 17 138
165 290 291
106 205
171 201 204
59 130
80 152
186 319
214 233 247
57 205
82 121 224
20 71 79
231 240 263
88 104 242
17 45 146
11 111 249
133 292 297
202 222 255
76 133 242
112 262
176 193 230
106 116 172
236 244 283
119 157
146 199 202
17 146
77 160
201 204 291
52 117 184
8 121 218
198 207 255
74 79 102
24 270
51 107
137 147
34 284 296
155 201
54 55 121
215 216 280
8 218 272
144 204 296
177 219
19 248 250
14 224 285
107 160
167 211
5 112
21 195 273
66 155 168
40 106
81 107
16 36 83
134 237 260
89 227
223 227
213 226 310
102 166
25 156 222
32 107
137 160
82 224
207 255 295
141 279
54 55 134
114 244 245
70 106
20 26 39
216 291 292
50 51 195
102 287
74 225
93 238
35 86 93
64 99 107
130 278
132 287
285 300
48 59 183
76 126
50 66 72
48 64
53 179
20 21 166
144 297
106 107 176
201 279
113 166
71 169
30 131
29 57 82
54 237 245
76 121 126
71 74 79
16 63 175
166 177
185 190
171 292
10 121 218
51 61 230
31 160 208
102 124 188
68 163 167
3 30 107
284 291 304
105 149 242
16 65 113
35 144 289
121 183 243
9 10 248
218 261 292
117 161 176
97 319
50 244
124 193
56 76 301
46 47 107
195 234 257
88 149 242
228 250
30 265
71 303
48 319
76 100 137
171 204 264
86 231 260
31 55 60
48 71 125
175 185 192
264 267 279
94 119 157
31 57 69
214 226 262
70 193 322
168 212
121 137
28 57 81
27 106 178
43 217
207 325
265 266
19 149 242
140 280 284
147 253 295
242 248 250
160 177 285
149 320
176 194
207 295 325
102 204 291
255 295 310
87 110 236
59 61 124
183 200 230
51 195 313
132 135 297
188 204
17 59 112
257 280 302
51 183 195
70 148
77 107
130 199
261 289 292
48 173 270
176 315
46 60 301
49 186 270
10 282
216 217 304
215 216 227
58 86 170
130 320
170 186 273
50 92 167
74 159
257 280
150 154
102 264 291
260 285
67 156
217 242 250
76 126 162
121 137 220
60 69 113
110 235 283
126 162 185
126 208 301
212 247 255
227 229
101 112 166
125 218
74 247 252
14 121
160 175
126 134 244
51 66 158
165 290
27 60
240 263 311
59 102 151
66 186 195
92 162
140 247 254
39 70
83 113
59 180 192
60 69 126
74 293
60 129
27 100 106
10 59 213
119 156 195
208 229
45 88 133
82 115 301
48 61 176
206 207 295
14 134
41 237
187 291
222 248
48 79 166
48 132
19 59 112
55 82 285
34 146 325
171 195 257
41 129
4 227 242
122 240 311
36 59 125
117 124
66 125 319
226 296
59 119
8 302
8 286 298
147 255 262
3 30 175
17 243
135 264 279
127 193 322
122 260 266
215 258
76 134 190
214 262
112 251
186 200
217 304
13 231 276
34 212 325
4 196
102 195 257
119 146
105 248
42 117 162
226 247 296
8 315
158 183 201
121 192
80 154
34 203 212
86 236 285
73 151
4 112 251
91 205
99 125 173
177 208
77 270
3 15 28
118 157 274
48 71 193
48 166 201
236 244 285
107 177 238
87 177 237
177 234 298
143 290 304
262 302 310
146 199 325
99 106 173
144 204 298
31 36 91
51 230
34 133 250
257 284 304
10 73 298
144 165
165 171 267
28 219
93 131 160
102 169 230
81 86 170
59 195 313
266 276
137 162
42 162 244
37 160
243 250 284
0 278
4 248 286
60 63
150 222
255 275
122 123
111 112 305
23 117
51 94 167
0 170
55 69
89 212 218
17 19 242
106 115 177
5 248
256 262 302
48 167 213
29 57 192
3 107 114
106 177 237
110 121 185
102 124 177
37 173
60 64 224
71 170 193
97 187
74 124 186
12 91 106
217 225
50 66 195
17 227 248
106 128
124 182
37 121 180
61 72 230
132 302
53 59 72
226 262 296
17 197 261
250 294
70 71 79
48 79
76 100 126
23 251
97 200
246 260 285
243 254
91 126
171 264 304
21 48 79
4 210 286
173 195
11 133
219 311
121 224 246
236 251
149 217 234
26 66 270
36 121 132
8 177 302
62 150 274
50 246
36 82
77 83
102 177 322
173 316
5 177 197
76 78 121
60 63 69
72 176 193
59 187
79 101 102
35 37 178
52 147
52 108 179
198 201
1 101
128 142
152 270
46 70 106
109 236 251
149 201
228 265
55 106 134
5 17 221
80 101
102 257 264
10 271
52 173 200
60 63 82
126 174 208
36 69 76
12 88
99 106 107
140 280 286
60 276 311
50 51 118
278 320
267 314
54 81 231
76 133 191
204 264 279
27 106 301
117 193 200
216 268
125 158 317
50 145 167
67 145
81 93 107
165 171 201
46 113 166
88 204
268 287 298
19 104
54 106 116
74 166 168
70 206 212
21 150
21 170 273
3 65 75
65 107 160
29 180 220
10 50 140
15 16 137
87 107 246
19 225
143 284 298
82 113 123
118 172 182
301 325
16 83 107
23 51
135 292
33 281
59 97 183
177 237 263
146 158
165 171
123 174
34 89 248
76 77 100
179 200 230
14 123
31 107 160
206 293
54 87 237
73 102 169
53 182 184
45 111 227
159 168 189
50 170 186
71 79 93
147 226 247
83 115
111 292 304
27 84 100
15 65
109 110 235
37 120
78 121
106 107 125
50 67 71
33 207 253
27 75
113 115
27 35 100
24 39 73
216 292 304
102 119 130
29 121
134 174
212 242
275 298
17 146 243
29 121 137
8 290 298
13 231 265
149 217 289
222 226 296
64 93 116
87 238 260
270 304
94 148 151
8 304
99 193
21 50 72
69 162 204
76 261 297
122 123 263
59 242
133 191
222 256 296
22 94
11 201
27 46 63
140 146 284
27 106 114
231 235 260
162 177 265
74 262 322
270 317
225 248 294
123 185 276
138 221 258
73 153
174 205
119 269
28 31 85
17 258
264 287 291
21 92 166
133 162 191
48 71 195
20 94 151
12 102 258
86 87 285
10 218
118 145 158
20 24 92
73 274
8 141 201
225 227 248
14 134 238
13 126 174
89 218
37 71 93
35 124 255
201 280 290
183 267
158 198 201
59 79 127
112 215 261
10 50 195
144 275
56 162
31 36 93
28 100
21 72 170
147 250 296
142 222 262
112 166 261
77 107 169
76 177 265
177 181 265
16 111 261
59 225 302
62 98
54 55 246
17 86 285
90 100 178
125 154
77 160 180
60 64 92
14 57
36 76 160
59 130 186
74 108
50 261 302
198 203 207
16 138 219
71 214 252
242 271 280
227 286
215 216 297
72 183
56 175
116 226
102 291
74 222 252
106 175 301
111 234 297
16 224
141 262 286
48 176
166 168
35 63 86
160 180 198
81 238 283
10 135 144
8 22 175
59 259 313
88 103 104
132 291
57 175 177
81 245
208 286
48 68
48 176 183
50 59 302
216 271 300
8 201 298
71 173
111 206 211
157 274 282
146 147 284
20 127
166 181
51 158 167
9 234
5 138 258
8 9
132 304
29 121 192
250 296
170 182 183
3 28 65
2 194
81 170 246
145 159 169
161 187
73 74
240 251
54 107 260
138 240
16 107 114
34 206 325
91 128
35 138 219
10 111 271
279 300
35 90 178
64 146
17 71
8 149 242
27 178 301
17 242 248
8 10 312
64 116 131
37 76 129
143 267 280
59 112 225
87 251
12 77
291 292 300
3 28
16 137 198
109 240 251
66 313
104 216 286
74 79 148
198 203
101 270
20 24 26
62 214 274
174 260
45 146
99 287 292
177 265
102 158 287
21 193 273
46 60 63
42 100 107
29 137 162
141 254 262
188 316
147 183 284
59 170 179
12 90
28 36 147
74 151 293
50 92 158
121 262
140 275
44 158 261
106 125 172
139 242 292
257 271
11 103 201
149 223 242
50 145 169
125 158 319
39 48
70 152
58 98
176 319
50 59 102
42 81 107
234 260
59 97 172
146 147
60 107
158 168 269
202 213 214
227 247 286
21 152
59 63 66
76 107 261
139 144 292
89 286
86 121 122
264 287
28 276
162 276
79 278
216 286 300
21 273
34 212
172 176
198 213 226
8 111 218
20 48
74 173 186
213 214
139 216 289
109 235 283
143 280 302
223 242 280
44 92 270
132 225
147 247 295
169 292
111 250 296
106 107 114
264 300
27 64
118 182
32 36 107
12 77 107
76 185
91 126 208
54 121 237
92 166
26 71 79
141 264 279
83 117
50 169
275 287
91 205 208
85 126
30 190
119 157 158
76 77
37 100 178
8 59 125
33 249 252
59 97 319
55 246 276
74 101 151
99 182
16 54 121
88 267 280
57 185
218 289 292
175 177
60 114 115
8 177 238
31 55 106
57 77
76 276 301
32 107 121
158 190 232
8 141 177
175 238 249
94 143 304
66 99 270
99 195
85 260
123 185 265
175 190
10 111 218
82 123 263
11 111 242
51 102 195
99 316
14 224 265
140 141 171
24 142
10 207
84 193
50 74 102
87 198
169 170 193
100 137
163 193
31 36 190
44 144 297
130 198 199
70 151 212
76 126 208
132 144 297
201 280 292
59 183 186
222 248 325
172 259 313
147 284 296
20 21 38
22 125 187
29 78 121
126 162 244
51 61 102
32 37 121
59 71 79
70 106 172
215 280 297
10 35 144
66 158 313
8 284 298
141 143 165
214 233 282
149 217 225
50 183 195
124 186
122 219 311
5 221 258
110 251
25 71 79
171 176 195
119 146 158
231 240 311
119 158 168
28 90 251
16 54 81
59 112 227
31 64 115
94 119 163
257 287 298
132 149 225
79 93 107
226 256 296
104 211 294
92 147 183
125 169 187
74 90 177
16 83 219
92 94 269
107 113 123
39 92 162
28 60 64
4 104 286
243 293 295
76 100 185
210 227 305
15 65 113
44 144 165
59 242 271
169 173 187
146 158 183
51 155 168
46 60 107
102 119 147
260 265 266
76 261 301
29 81 82
104 211 228
10 11 218
146 253 325
77 107 160
238 260 316
21 79 322
66 158 168
22 125 176
144 284 297
48 200 262
146 147 262
133 242 258
215 280 286
137 221 261
84 100 162
48 172 176
111 271 304
69 76 126
13 231 311
127 130 193
48 176 187
216 271 304
204 302 309
3 30 115
144 165 284
50 158 261
35 113 166
158 166 201
63 82 106
137 162 178
144 146 284
87 177 285
143 144 298
59 225 227
48 50 195
74 153 222
146 241 262
28 31 36
26 151 188
48 163 193
125 173 187
216 286 291
106 125 176
67 71 79
143 204 298
75 107 113
147 247 286
173 183 200
10 59 195
217 297 302
125 173 200
36 134 160
143 284 304
16 120 224
144 300 309
97 125 172
20 21 108
14 123 134
50 214 262
3 107 175
16 177 219
17 111 242
48 193 303
83 162 209
16 32 107
20 48 79
207 226 262
8 290 304
39 70 108
147 160 262
13 134 311
195 259 313
54 71 86
12 46 90
21 172 273
51 173 200
143 165 304
8 141 315
72 170 193
69 126 162
51 157 313
25 74 150
107 174 177
84 162 265
101 112 216
213 214 310
103 295 310
39 48 213
109 244 283
40 47 106
65 100 315
16 91 126
162 185 191
159 189 201
226 280 281
93 106 178
22 94 157
218 261 289
27 41 60
61 172 176
48 53 176
235 263 311
185 276 301
41 129 134
66 108 270
140 204 286
174 238 260
146 158 253
141 165 304
48 163 303
8 57 83
100 162 185
125 176 315
20 24 166
74 147 247
66 186 313
134 176 291
171 206 292
130 199 226
30 175 191
71 195 313
19 105 225
61 72 172
8 19 59
138 177 197
76 106 125
13 55 276
169 170 186
240 245 263
16 137 138
4 196 242
8 141 304
166 177 322
37 90 209
17 54 86
20 68 130
87 237 285
87 107 175
72 170 195
86 121 170
75 113 123
123 134 174
65 75 113
204 257 302
8 201 280
74 222 247
10 66 268
13 123 126
81 231 238
112 221 262
141 143 279
10 121 217
4 35 124
81 107 185
8 59 186
8 284 304
119 158 269
74 114 151
17 242 243
50 51 102
177 286 298
81 82 262
46 69 107
255 268 314
50 71 94
132 225 297
22 176 187
59 102 124
46 87 110
92 217 248
228 248 250
90 91 115
186 195 273
4 35 166
27 35 84
268 300 304
7 27 84
204 300 309
30 175 301
74 147 262
16 175 177
16 54 116
69 76 185
77 78 308
31 74 114
51 118 158
13 240 311
121 170 183
37 85 120
52 99 182
116 125 172
57 185 244
177 191 237
86 122 263
15 28 65
21 26 38
147 183 226
87 107 177
69 107 261
50 51 183
16 69 261
42 81 170
111 271 284
106 175 177
63 113 120
35 144 264
157 158 320
53 108 179
48 157 167
281 302 309
14 246 263
123 237 263
264 304 321
240 251 260
141 280 286
81 107 187
4 196 286
34 243 325
8 74 186
8 165 304
27 46 236
79 93 102
63 86 231
104 204 286
54 55 285
8 74 320
171 267 280
17 44 111
10 195 234
20 95 158
50 170 172
59 117 124
218 289
48 68 167
176 187 201
50 161 244
102 124 231
91 126 205
35 190 219
228 242 248
111 284 304
81 82 185
135 264 267
81 91 126
48 166 176
76 185 301
59 167 213
143 165 284
267 280 292
69 107 129
35 126 166
10 37 121
21 170 193
161 176 187
170 186 195
165 284 304
148 186 230
165 217 250
36 55 87
170 195 257
144 279 298
92 119 147
67 68 71
175 177 238
137 138 221
36 147 160
121 217 218
19 149 206
31 60 115
8 112 225
64 75 224
141 257 304
20 148 186
34 247 325
6 32 36
50 74 262
71 206 214
99 173 270
83 209 220
49 72 202
42 81 93
71 73 169
35 264 289
42 93 224
59 164 225
100 162 178
173 183 195
74 252 293
76 77 209
92 151 248
52 204 264
13 231 240
106 131 177
80 148 151
93 107 185
40 65 100
166 177 181
185 244 276
141 166 177
31 36 55
91 178 208
89 227 248
59 79 102
10 257 271
52 182 184
21 170 195
51 173 195
76 242 261
36 69 132
147 250 284
140 247 286
5 225
59 62 124
141 257 280
268 284 298
133 135 277
29 121 180
147 260 301
225 228 261
16 75 113
17 23 71
53 179 184
84 90 100
76 100 129
23 95 155
8 74 177
45 133 297
171 176 315
206 292 302
42 81 82
60 63 301
60 276 301
60 107 263
48 222 262
125 169 173
146 199 262
29 78 162
198 201 204
59 102 130
10 66 195
73 74 168
13 123 174
46 87 237
183 284 296
27 84 90
50 244 246
115 129 177
27 35 90
34 243 250
215 286 287
103 148 151
21 50 170
20 71 168
19 59 225
8 141 165
60 78 301
84 106 220
96 126 301
140 141 280
111 216 271
28 85 311
28 219 311
10 11 217
231 235 263
12 46 87
216 280 286
198 213 256
206 281 302
112 166 251
83 177 301
169 176 187
20 21 26
178 205 208
111 227 234
