8 140 144
132 268
268 284 287
48 202 213
50 66 282
35 106
111 206 296
30 180 185
76 107
62 74 124
30 78 174
240 265 283
214 241 256
34 147
55 244 260
178 260 265
71 170 172
123 244 283
81 166 276
204 268 284
59 125 182
11 149 201
74 148 293
0 270
33 202 207
126 134 291
148 168
24 26 166
30 131 185
27 107
65 100 178
107 178 185
144 279 302
21 148 168
224 244 285
31 35 36
48 166
139 284
254 271
20 21 39
141 204 271
157 158 313
199 214 295
8 83 175
135 204 286
21 48 166
48 74 270
138 180 219
83 160
127 166
198 254 256
121 235 263
60 145 168
48 183 213
97 158 172
82 121 126
60 208 224
48 58
10 144 304
92 101
63 113 126
121 231 265
8 284 286
144 165 257
93 107 121
59 147 183
139 141 292
88 103 215
88 204 267
71 172 194
60 126 276
31 60 106
11 112
81 126 301
102 140 298
160 190 209
79 80 130
42 55 244
141 201 279
37 100 113
69 134 174
12 93 107
34 281
87 107
48 179
135 201 257
71 79 151
65 160 178
284 286 291
17 111 294
10 111 248
133 223
37 286
171 176 291
147 198 206
227 248 297
236 240 251
121 235 276
48 72 173
154 282
108 166
212 241 254
76 78 100
83 138 197
81 110 185
132 135 144
37 160 285
207 293
82 123 185
204 290 298
147 160 301
37 107 129
56 76 174
88 204 280
204 267 314
66 145 200
207 254 255
81 121 236
113 148 166
121 224 238
141 284 290
71 157 313
131 190
71 102 148
23 167 168
32 93 121
81 82 244
8 59 302
1 80
53 179 186
284 286 304
102 142 320
48 50 168
45 228 294
93 115 116
78 83 185
149 279 286
41 106 134
48 72 186
48 53 173
58 62
27 90 178
133 162 223
214 309
8 272 302
107 258 261
8 10 302
215 242 248
64 75 120
1 24 154
52 173 179
59 66 99
82 126
290 304
165 271 290
81 137 301
33 253 255
16 116 129
119 282 313
104 242 292
85 91 126
27 41 178
15 77 113
3 247
58 183
61 125 182
10 201 275
61 188
35 180 219
132 279 286
126 317
143 144 284
231 244 246
92 147 158
4 215 305
149 225 292
146 214 253
74 102 270
38 142 153
53 72 73
95 155 158
81 260 263
21 70 193
77 83 137
22 67 155
3 15 75
213 295 325
11 17 111
100 219 232
55 106 126
267 271 302
0 70
88 215 280
14 55 283
141 177 298
31 93 107
21 80 322
271 304
104 204 279
147 243 325
57 97 192
104 223 292
132 225 292
107 177 285
14 134 283
10 284 286
63 74 106
81 134 245
55 57 126
77 209
124 179 186
146 202 256
178 265 301
176 188
89 104 248
66 230 270
198 206
59 61 118
59 102 119
141 144 242
130 158 183
149 206 292
143 201 279
202 325
15 28 126
201 271 286
226 253 255
54 91 93
50 145 159
141 315
203 309 310
95 199
260 266
22 67 168
135 267 290
242 243 250
135 165 279
24 98 148
52 59 147
42 309
111 112 218
198 202 310
135 271
50 92 269
123 134 224
59 158 172
202 206 309
24 73 320
9 132
48 170 195
72 179 186
49 230 270
82 126 162
17 59 227
63 115 120
59 169 186
204 263
171 315
286 290 302
10 140 291
202 214 254
125 173 186
74 153
19 217
170 183 198
243 252 256
123 265 276
37 84 90
48 183 255
8 238 276
70 206 325
93 121 162
143 284 290
10 59 302
62 74 179
183 243 284
132 297 302
157 282 313
165 217 322
33 202 262
61 66 99
99 124 186
77 106 231
97 125 158
54 110 240
48 213 255
35 253 255
76 121 162
20 21 94
171 267 286
125 212
111 227 302
11 218 248
103 104 242
83 215
69 280
123 126 174
60 231
55 265 266
86 123 134
86 109 236
44 223
118 172
60 231 263
217 289 302
26 124 188
219 224
76 175
50 52 186
66 125 179
53 66 230
50 159
121 162 220
81 122 237
54 82 235
173 229
85 100 160
112 227 248
252 293
106 114 120
145 167
131 232
16 100 106
4 83 215
48 172 230
13 231 244
34 212 293
135 141 298
106 175
87 238 239
144 165 204
22 119 145
105 216
114 236 244
50 51
17 103
55 81 162
9 279
74 214 247
99 172
81 121 170
21 50 51
46 96 301
30 301
54 86 246
11 59
117 226
115 116
55 160 162
7 37 100
41 178 237
135 201 204
36 107 160
20 92 108
26 73 320
279 280 290
14 42 265
74 114 201
21 50 172
212 253 255
139 291 304
213 310 325
36 40 106
271 280 300
19 59 227
87 175
20 48 186
24 99 173
122 123 134
105 229
28 110 236
36 129
182 183
51 155 156
146 198 243
121 191 237
284 292 295
80 148 168
115 129
6 36 93
26 52 274
147 310
165 201 286
36 93 238
21 70 127
15 137 219
144 264 280
165 204 291
214 215 297
11 17 45
4 89 248
17 228 250
122 263 265
95 164 326
172 183 319
75 178
54 81 265
186 194
165 280 286
103 149 216
206 211 249
1 148
147 202
207 253
179 184 186
21 170 186
3 16 126
76 126 185
10 141 171
174 185 301
1 102 142
123 134 266
33 34 249
36 76 126
76 180 192
236 237 263
8 225 258
21 80 148
26 102 108
6 36 106
23 118 172
143 165 290
67 71
165 204 304
267 280 298
140 271 284
279 302 304
37 41 85
13 244 266
75 191
81 185 265
71 125 176
26 53 108
253 255 293
59 61 173
134 244 246
28 65 75
280 300
176 179 291
60 82 263
23 145 167
26 154
76 107 185
8 171 264
89 196 242
144 146
89 210
36 57 126
5 216
151 270
170 320
267 287 314
134 260 311
201 257 298
50 71 157
141 262
144 267
216 268 291
8 201 264
69 93
146 206 214
214 253 255
144 279 291
48 68 94
144 298 304
238 316
178 265
257 284 298
21 148 157
147 284 286
6 47 69
146 147 250
20 93
35 65 138
268 291 292
12 34 213
101 130 148
206 212 325
148 278
5 229
286 292 295
257 279 304
267 268 314
198 310 325
135 257 286
208 265
141 275
19 133 242
107 125 176
139 165
144 280
63 113 115
103 104 297
143 284
51 94 269
13 123 231
106 129 177
122 265 283
243 293 325
72 193 273
71 152
93 100 107
77 106 178
213 255 310
98 161 176
70 71 168
267 298 314
48 168
53 173 182
20 21 270
139 286
160 180 190
171 275
21 48 168
135 264 302
157 163 164
50 214
139 289 300
227 248 286
111 271 292
191 192 232
99 106
215 280 287
102 107 231
198 203 212
87 134 237
87 175 238
103 225
101 148 151
76 100 107
21 71 273
83 113 129
82 123 174
76 77 160
78 168
34 146 253
10 69 132
13 123 244
91 107
33 202 222
8 135 165
23 50 161
66 145 189
13 224
25 278
261 289
55 56 160
112 166
60 96 106
50 170 246
22 161 318
175 180 232
141 204 286
254 286
162 180 220
216 225 297
48 50 157
4 111
145 168 274
36 63
8 135 286
108 168
23 50 282
123 126 134
13 134 231
65 93 126
121 238 283
8 10 291
36 91 126
17 89 133
13 55 86
144 165 272
284 286
31 69
171 264 298
31 64 92
77 185
284 290 304
80 190
4 254 286
12 292 295
8 165 286
81 121 238
74 79 127
82 121 262
76 83 301
88 104 280
59 79 148
117 170 184
30 177 265
71 206 207
17 133 297
104 196 286
133 248 292
193 252
279 292
31 190
17 292
55 162 276
206 248 250
71 169 325
5 221 261
34 214 262
135 143 267
40 69 106
28 85 126
12 17 248
11 248
52 249
141 279 298
143 144 165
54 81 91
147 222 255
140 201 267
37 76 121
24 187
170 241
69 82 120
214 222 247
6 36 40
74 102 151
134 238 244
50 183 319
104 242 294
119 195
28 36 126
48 163 168
57 69 82
146 262 296
135 139
198 207 293
140 254
16 90 115
267 295
143 144 286
125 170 187
244 311
10 144
8 257 302
59 167 274
49 72
215 227 248
50 118 274
146 214 255
114 201
10 171 290
21 70 195
55 236 238
158 244
191 192
135 143 280
8 74 302
267 271 304
16 183 198
94 119 274
50 157 158
14 55 285
146 206 256
140 201 280
177 195 234
59 74 167
213 247 286
103 149 284
183 193
202 206
59 151 158
42 107 260
46 106 107
107 260 285
86 237 276
86 260
16 36 121
14 134 285
146 199 253
10 22 59
146 243 296
10 201 290
19 206
214 255 262
10 217 234
149 289 292
52 61 74
43 88 133
121 185 244
137 198
82 262
123 263
149 292 297
50 145 161
16 64 75
48 117 186
26 101
21 51 158
144 322
139 216 268
278 322
190 209
28 147
33 262
8 127 141
57 85 160
19 44 242
140 284 291
14 237 238
21 130 158
226 309 310
132 204
206 256 302
32 37
8 57 82
95 322
255 311
46 87 107
62 145
46 106 120
139 144 284
55 82 134
286 290 304
35 54 71
229 258
206 302 310
50 94 172
71 86
65 84 106
51 230 249
264 291 298
42 134 231
81 263 266
133 149 258
153 155
41 90 100
150 156 274
42 131 162
34 280 295
121 162 209
202 247 325
144 242 292
21 127 166
117 169 200
54 82 224
10 112 315
62 70 183
137 198 320
22 118 313
118 282
52 74 147
296 325
140 143 264
54 237 283
34 325
42 82 162
15 46
146 247 256
78 100 220
166 215
103 292 295
180 198 232
12 87 107
257 290 302
74 101 130
23 50 95
48 49 270
214 280 281
17 18 295
30 175 177
71 99
213 222 309
180 191 192
62 279
76 177
23 71 154
22 282 313
223 248 292
53 124 173
23 161 313
48 176 230
22 23 318
93 107 178
21 108 166
196 215
17 215 287
37 107 173
215 228
107 113 126
50 58 124
7 90 100
217 262 322
233 282
4 166 215
145 169
34 254 255
48 79 270
145 161 168
34 212 295
29 82 126
59 102
4 166
55 109 263
105 218
124 231
206 248 292
17 105
48 72 230
289 298
50 158 183
88 149 280
198 207 214
35 37 93
16 35 100
57 177
76 190
50 74 189
69 162 185
43 242
4 196 215
87 285
53 124 186
14 122 260
27 220 224
171 204 302
50 62 71
78 83 121
182 293
135 143 201
214 215 286
279 280 292
8 10 238
48 222 295
37 255 286
171 257 313
55 160 285
81 82 301
40 65
48 53 230
8 298
59 72 200
74 214 262
206 223 248
16 35 113
10 264 267
54 134 238
141 144 165
218 289 297
64 107 129
80 106 173
8 141 290
207 214 253
16 28 110
10 257 264
237 266 283
79 119 168
59 172 259
56 134 185
88 215 216
141 144 286
141 177 234
226 254 295
238 276 301
101 317
216 304
29 76 78
104 149 279
100 129
100 137 220
36 55 69
135 315
52 117 169
15 35 65
121 188
80 150
102 257 313
10 264 280
54 134 251
280 289 300
109 251 285
140 141 284
10 320
109 122 134
206 247 295
110 244 276
59 151 213
54 55 106
143 264 271
146 213 243
197 221 235
83 137 220
50 51 167
235 251 260
28 81
279 286 298
253 255 295
140 171 284
72 124 186
10 59 117
141 143
12 258
231 237 276
212 213 295
206 213 310
89 212
8 143 204
15 16 65
41 100 106
138 180 197
206 226 249
83 138
102 151
135 140 279
201 280 284
16 180 197
0 153 320
68 274
16 84
29 57 162
52 170 193
54 77 107
180 192
38 39 108
162 323
17 88 204
201 291 298
280 315
59 74 127
86 246 285
21 320
24 102 152
111 211 294
48 157
139 275
20 95
133 135 149
8 171 279
70 212
37 77 107
171 264
206 295 325
66 179 230
201 286 304
107 174 178
206 207 212
143 165
17 19 225
77 162 220
48 183 204
50 94 119
24 70 92
74 150 222
16 97
81 226
82 231 285
143 171 298
48 49
20 21 151
204 284 296
141 143 144
34 146 242
93 126 162
72 125 141
53 230 274
8 201 279
201 264
8 98
12 17 103
74 114 124
159 267
50 168 189
119 157 313
30 175 232
71 154
11 103
28 81 276
86 106 224
84 93
225 242 297
257 264 304
34 243 296
204 279 302
76 77 270
17 245 285
21 48 170
147 226 296
27 60 85
51 119 156
99 176 187
75 123 126
135 298 302
103 227
249 281
15 114
53 66 179
16 75 106
59 157
51 158 269
4 221
34 146 255
143 299
22 94 145
70 71 183
59 71 313
34 212 242
59 117 200
50 125 182
40 47 107
16 37 120
57 82 185
63 114 301
135 279 302
98 125
157 269 282
101 130
106 245
54 55
126 166 317
59 170
206 262 295
204 290 302
147 160 305
183 226 255
61 125 173
106 137 258
124 198 214
102 287 298
75 114
57 91 126
28 219 236
198 226 295
38 232
20 80 168
16 17 299
235 251
81 109 122
21 172 195
10 171 279
8 177 298
89 133
237 238 276
206 292 295
35 106 116
66 186
107 187
112 302
50 118 155
16 78 107
23 51 118
134 238 246
67 167 168
45 248
141 165 171
23 95 161
36 160 177
34 295 310
144 171 267
58 187
29 97 192
15 35 120
176 179
121 243
198 207 295
135 141
93 131 185
46 69
146 255 295
28 64 311
35 93 160
37 64 126
76 107 121
76 126 134
11 59 112
30 102 106
72 73 74
46 69 106
116 249
55 235 244
33 241 262
195 313
52 264
0 74
81 86 87
134 263 316
124 186 230
76 177 301
216 217 289
66 67 95
225 227 297
141 198
36 160 190
72 98
144 171 280
43 227 294
119 164 274
37 77
146 183 247
15 16 120
8 248 312
133 217 297
149 216 304
101 102 130
14 93
79 102 124
107 123 174
139 242 286
183 316
43 44 294
55 121 236
237 251 285
50 71 214
198 222 256
7 90
7 140 257
135 275
81 224 263
51 94 313
47 162
107 160 177
93 278
137 138 258
62 70 172
90 209
140 286 302
217 218 228
77 78 160
81 93 224
8 125 218
190 209 219
139 144 286
171 286 290
37 90
134 176 266
76 77 83
23 155
173 176 187
257 290 291
146 262
165 275
64 224 263
118 163
16 174 191
231 246 285
208 322
141 201 204
26 39 71
14 82 231
10 177 298
167 269 274
6 107
9 149
14 227
183 204 296
74 278
215 217
124 176 255
107 113 115
214 253 325
71 72 73
236 276
233 253 295
71 80 193
54 237 285
131 162 178
83 219
254 262 325
20 130 270
23 50 326
50 158 172
37 153 170
16 165
177 208 322
82 121 185
48 117
111 217 234
16 63 107
79 101 127
43 133 217
55 260 276
87 245 246
46 63 236
268 292 304
271 280 291
16 100 110
140 165 267
84 100 220
135 141 302
35 60 106
50 284
206 207 293
10 248 312
125 154 166
8 287
31 69 106
12 17 292
12 102 107
103 295
60 82 120
243 295 296
9 216 248
238 265 276
174 175
33 206 226
35 90 106
171 204 304
74 225 302
10 160 320
8 121 300
8 74 225
16 197 285
5 17 138
61 176 230
71 125 154
175 185 232
56 134 174
126 134
14 224 246
195 234
271 280 304
255 267 275
76 83 129
125 186 212
213 293 325
147 243 250
175 178 192
243 284 295
206 213 286
77 134
17 242 297
89 294 297
54 236 251
66 241
16 35 115
35 138 160
37 76 178
98 193
47 84 107
60 63 120
82 185
14 266 283
169 184 230
218 228 289
265 266 276
134 238 301
207 214 255
89 111 297
17 45 133
146 158 296
132 216 289
71 148 151
50 51 156
123 180 265
69 107 126
52 108 230
55 224 285
140 141 165
299 304
215 227 305
48 117 230
193 322
76 107 176
43 227 228
52 59 193
55 60 69
21 193 322
102 140
97 170 257
33 34 253
162 191
88 242
48 124 125
43 89 294
140 141 286
79 193
132 204 292
34 202 214
47 65 107
244 260
51 94
271 291 304
71 94 157
35 86
21 79 193
16 69 126
55 57 185
123 231 324
21 51 94
8 111 133
132 216 302
222 255 309
204 309
70 80
0 21
20 176 186
81 86 263
88 242 297
95 161 274
140 171 286
103 216 223
132 234 292
16 298 299
77 185 220
213 250
123 134 283
162 204
74 320
148 269
0 142
212 247 295
222 262 325
59 148 186
48 202 206
48 59 157
201 279 290
7 37
144 271
144 286 298
204 322
7 140 204
10 195 286
30 131 178
27 100
10 217 304
151 166
206 214 254
94 157 168
21 322
73 74 108
71 80 127
186 313 319
77 78 107
53 274
59 117 176
141 204 264
111 215
82 235 285
317 320
9 204
59 180 232
206 207 214
11 248 294
206 223
151 287
222 243 325
34 255 295
25 148
48 255 311
3 28 35
111 206 302
83 138 177
50 52 124
214 241 262
55 244 266
60 78 107
118 155 158
144 165 250
97 172
234 298 302
34 206 295
11 105
264 286 290
263 311 316
102 140 291
216 223 242
93 160 162
140 165 201
70 71 172
134 246 285
48 172
153 154 320
35 77 209
141 143 267
21 48 172
20 70 166
17 248 292
22 119
81 237 283
78 121 191
51 119 158
57 82 174
83 185 265
160 190 323
60 115 231
103 229
53 61 66
76 160 162
52 62 99
59 159
144 146 250
62 71 74
31 60
172 186 313
76 162 208
165 264 267
5 124 198
206 223 292
59 66 200
115 175
137 162 265
64 107 173
15 237
235 240
111 217 302
18 242
133 229
216 225 301
141 143 280
64 129
34 214 253
50 172 259
54 81 82
135 279 304
86 235 245
60 115 244
123 276 311
1 194
106 247
10 37 160
50 269 313
206 243 284
58 176
66 99 319
16 46 63
165 264 280
13 122 265
267 286
271 289 300
286 299
24 70
47 84 162
10 135
55 86 285
59 313 319
133 242
21 24 70
212 254 256
35 84 100
135 143 271
121 123 283
11 17 104
55 87 106
110 235 244
80 157 168
8 132 234
14 55 276
60 77 231
140 201 271
27 46 114
57 76 126
231 235 311
138 160 178
109 235
103 149 275
140 264 290
50 118 157
8 227 242
39 70 166
76 126 244
146 158 243
83 93 113
29 180 192
135 143
143 144 290
286 312
198 199
47 65 162
46 71
65 84
201 271 279
114 205
31 106 190
12 194
130 186
19 248 292
236 246 263
48 124 301
33 253
76 133 297
198 320
50 124 214
113 115 129
19 89
48 189 201
51 270
74 92 167
31 57 190
271 310
104 133
183 197
0 24 142
71 212 325
103 267 280
74 108 148
4 286 312
34 295 325
21 51 270
10 284 292
86 240 285
66 179 274
102 208
10 140 284
36 57 185
35 100 178
48 124 193
19 210
133 242 292
36 115 126
240 263 285
141 290 302
13 265 276
257 267
55 121 238
224 246 285
36 83 93
10 279 298
267 284 304
259 313
72 186 195
105 149 258
264 284 286
13 257
140 286 304
95 326
28 81 91
216 242 297
50 52 58
77 78 162
81 162
202 212 214
20 152
171 267 279
171 286 292
52 59 274
97 106
160 162
60 224
19 112 242
147 214 222
135 271 280
264 291 302
50 52 179
81 283
76 121 276
7 204 257
26 39 73
45 88 228
54 107 285
17 111 221
111 162
24 39 166
85 109
148 157 186
102 107 169
111 206 249
107 175 177
84 100 209
135 141 291
146 233 325
63 96 126
185 232
48 188 204
103 104 248
236 263 283
72 125 319
99 144 292
37 107 285
195 234 286
8 276
73 92 166
86 236 246
52 53
76 181
51 68 167
120 224
23 117 274
207 293 295
210 227 286
19 149 258
106 110 236
112 225
171 257 304
135 141 304
102 151 188
18 297
8 144 165
251 276
50 155 182
55 134 260
22 187
228 292
115 175 301
66 230
200 230
67 79 163
42 77 185
214 222 293
24 99 287
16 116 177
59 227
17 298 302
8 144 286
23 59 282
76 162 276
6 16 107
59 119 158
102 158 204
107 123
186 187
17 103 248
170 179
147 202 214
91 178 205
15 60 113
5 17 261
6 46 107
10 264 271
102 188 204
37 76 180
27 106 220
34 202 203
98 195
84 106 107
72 170 172
174 190
246 295
135 171 280
177 195
28 75 113
237 246
52 59 74
267 280 291
50 51 158
121 300
111 304 315
52 200
198 254
98 316
258 305
141 144 290
5 88
63 66
222 248 295
216 217 225
54 246
104 292 295
76 107 178
81 134 185
158 166 261
201 204 280
3 114 115
225 248 292
26 67 157
33 34 255
57 178 205
8 132 302
74 80
264 275 279
132 144 280
70 102 195
59 130 158
134 235 311
16 78 177
201 257 291
66 158 270
134 238 316
36 69 129
202 212 256
28 75 126
74 159 168
28 85
21 26 39
148 150
124 214 241
140 254 286
55 57 308
56 174 180
146 147 243
55 110 134
89 196 248
130 183 193
74 322
234 311
111 271 272
15 120 126
94 158 274
59 148 188
250 255
150 317
135 257 279
141 268
107 125 169
10 177 234
206 281 310
50 59 274
34 206 284
124 173 186
13 123 224
74 214
151 182 293
54 82 162
222 252 255
280 319
44 45 88
212 214 241
60 231 311
254 256 325
71 145
177 181 263
59 99 124
225 261 301
194 215
139 279
6 107 126
111 217
138 320
171 268
104 228 242
55 56
25 150
65 93 106
198 212 254
69 76 107
41 46 237
71 176 187
103 218
19 105 149
226 325
74 124 173
143 290
201 268
20 74 166
8 24 98
117 274
60 244 263
26 108 241
60 263 276
107 208 301
76 236
12 93 102
139 292
9 216 292
119 274 313
141 204 279
92 217
133 218
17 43
215 287
8 135 279
27 236
13 134 224
60 107 113
8 272 284
121 238 276
8 10 284
78 137 174
48 295
34 226 252
29 82 185
268 298
69 120 126
66 157 313
143 165 204
79 148 151
4 225
48 157 168
78 174
16 28 35
135 171 201
185 265 266
36 177
41 106 237
281 302 310
8 135 171
10 280 321
16 197 221
140 234
87 231 260
158 201 284
60 244 276
111 300 302
115 177
216 229
111 217 304
21 172 186
17 285
8 135 292
41 106 129
37 60 170
31 36 107
35 106 107
43 89 217
107 178
14 55 265
216 300 302
170 234
36 65 160
290 299
69 82 113
54 59
53 72 176
14 134 265
31 75
8 264 298
199 206 253
16 137 183
50 51 92
8 19 238
140 247
17 217 297
46 60
160 198 320
171 257 264
12 115 116
1 317
84 106 162
247 254 295
106 169 187
109 236 238
279 284 298
17 298
121 137 183
176 291
80 317
18 103 223
141 279 304
23 42 117
66 156 195
60 82 311
1 142 154
138 160 180
134 235 245
165 271 298
183 186
6 36 46
290 312
29 76 137
50 90 326
214 262 295
81 134 240
177 216 286
83 93 115
89 258
223 258
118 119 145
206 226 295
4 216 242
176 183
65 315
141 290 291
144 201 298
76 107 125
177 263
20 26 70
33 222 253
16 30 191
33 34 202
146 206 262
226 249 252
271 300 302
59 74 173
271 312
35 264
88 217 297
172 269
63 74 114
125 194
77 160 220
190 323
146 253
54 106 224
59 102 127
66 95 282
35 116 124
21 74 148
63 69 120
100 178 185
125 315
45 88 217
82 263 283
9 140
12 106 258
52 125 186
126 162 174
0 320
117 169 193
8 11 201
234 292 302
59 74 186
104 148
71 200
16 35
28 81 93
140 143 257
144 149 242
59 71 117
135 141 280
20 154
111 272
111 227 297
41 100 178
37 121 209
202 214 262
83 162 177
24 26 108
44 218
69 76 162
87 134 285
71 79 80
99 144 173
28 60 276
14 231
215 221
183 198 226
5 138 177
212 214 309
212 255 310
234 292 315
28 35 219
30 175
8 10 218
50 52 302
76 83 107
112 248 302
12 258 261
59 282 313
171 206 284
64 173
23 172
270 278
22 176
158 204 287
74 147 252
12 17 54
50 176 230
76 185 276
145 161 282
71 193 195
13 55 134
53 124 179
60 224 231
59 101 130
10 171 204
243 296
76 162 265
50 172 195
83 129 134
59 119 147
115 244 245
112 227
61 74 173
79 80 193
11 104 211
140 165 271
1 130
86 224 251
71 206 255
48 64 116
147 202 203
86 122 240
243 284 286
87 237 251
10 201 204
80 130
16 35 106
37 178 180
47 100 106
31 85 91
60 115 301
73 127
16 176 230
42 93 131
156 168 326
22 119 274
14 122 266
45 294
237 266 276
165 204 286
34 203 309
57 137 301
95 282 313
141 144 279
21 94 186
115 245
147 243 254
58 125
141 242 292
42 117
8 74 121
162 182
36 76 121
79 130 148
54 134 244
227 286 305
244 251
59 79 101
71 94 148
29 76 192
201 257 280
204 300
36 132 174
35 54 106
76 219 236
280 295
198 256
59 102 169
141 144 292
200 230 274
210 286 305
86 246 265
111 272 284
82 235 263
83 131
138 180 190
8 234 315
33 310
36 76 134
143 271 280
140 141 290
137 138
169 319
158 197
102 166 322
48 179 186
148 152
5 103
59 102 182
132 144
178 260
123 324
8 24 74
183 213 226
134 190
34 252
125 141
180 185 220
111 206
37 77 100
76 137 301
82 235 276
146 183 198
122 238 283
69 121 162
187 201
151 278
74 147 173
77 263 265
77 78 219
144 149 297
134 311
125 166 317
135 234 297
180 198
185 276
102 278
22 50 119
243 296 325
26 108 230
84 86
24 102 158
134 246 276
48 163
78 100 160
134 185 266
20 101
257 267 302
268 291 300
37 77 113
64 107
21 48 163
54 82 285
127 163
139 292 300
25 152
11 217
44 165
141 257 279
217 322
67 170 241
65 111 162
15 107
29 82 174
268 287
309 325
166 276
97 176
143 292
171 264 280
8 242 286
242 271
35 180 190
54 246 285
8 10 165
79 80 127
131 174
103 112
139 294
71 79 148
73 169
59 271
59 117 193
19 77 210
141 143 271
4 104 216
59 147 301
17 45
110 236
48 72 170
10 234 315
227 248 294
21 166 168
102 177 298
4 227 286
17 18 248
16 35 40
42 212 309
29 162 180
8 10 286
214 247 286
84 220
17 103 292
35 36 37
230 274
15 120
268 300
94 168 172
121 209 220
221 225
4 227
144 165 267
160 178 209
31 64
91 115
77 180
111 133 191
50 158 244
8 121 238
75 107
30 225 301
107 231 263
66 230 241
133 227 228
17 43 133
13 224 240
111 300 304
59 71 319
55 86 276
144 303 322
235 244
106 169 176
279 287
298 300
66 182 200
176 200 266
8 218 292
17 287
58 59
5 17 197
66 179
16 37 126
7 84 100
69 126 185
216 300 304
34 147 203
102 127 130
87 109 134
29 76 126
125 158 172
119 158 274
37 69 76
204 234
21 73 74
8 9 10
8 248 292
50 51 94
15 35 113
93 131 178
121 236
82 120 126
65 75
63 231
272 302 304
87 246 260
77 83 134
59 183 213
212 213 222
58 72
109 235 244
16 30 180
170 172 195
70 130 193
281 309
69 107 185
6 106 107
146 165 250
234 286 298
169 193 230
137 301
67 71 170
84 106 285
183 188
38 70 166
89 111 248
59 169 170
57 160 208
146 202 253
15 35 126
52 117 230
140 257 291
181 263
50 157 274
146 242
22 74 168
13 86 265
52 170 241
141 312
207 253 255
199 253
278 317
61 319
77 190 209
180 208 286
70 262 325
0 80
151 212
116 129 177
271 300 304
26 74 230
71 80 173
7 204
141 204
16 36 129
48 311 316
177 216 301
104 248 295
171 312
15 16 126
165 286 298
55 87 244
74 150
146 255
165 268
79 102 130
104 258
87 236 285
137 197 198
157 161 313
42 55 162
198 206 254
103 201 280
125 317
82 263 285
171 204
125 141 315
157 269
262 322
133 225 248
14 237 246
59 157 186
85 100
48 68 157
43 228 242
122 240 276
14 93 238
50 52 62
48 188 195
201 204
59 124 130
28 35 100
146 198 214
135 271 284
30 106 301
48 186 270
217 292 304
222 226
29 97
103 275
279 287 314
81 82 162
13 55 123
21 71 94
141 171 267
92 153
20 48 49
212 218
50 156
50 67 168
88 103 267
30 177
35 190 209
34 213 249
140 146 247
86 106 285
81 82 283
29 82 121
106 172
29 81 162
8 280
99 169
63 114 120
111 242 297
8 10 112
98 173
144 271 304
45 133 217
10 60
60 82 113
34 226 309
53 61 125
141 171 280
144 165 322
224 285
166 251 276
10 143 144
48 72 117
216 227 248
202 206 214
247 252 293
140 291
112 229
146 165 171
255 267 268
149 242 271
172 195 313
31 37 160
29 185 232
160 177 197
86 236 263
102 188 195
81 86 122
60 63 113
10 73
60 82 126
21 121 170
50 280 302
147 307
54 116
100 232
36 69 107
31 106 115
135 171 271
79 119 163
214 253
74 241 252
86 244 245
0 1
284 287 298
231 263 311
46 71 79
170 183
86 224 266
53 72 125
162 174 185
50 62 200
8 111 234
12 90 116
170 195 234
52 59 186
48 61 62
123 134 263
15 35 60
56 134 301
8 234 304
18 103 280
193 200 230
54 134 246
51 173 183
106 115 129
140 141 279
34 293 325
149 206 223
183 243
36 69 120
67 68
36 113 126
204 302
80 266
138 197 240
36 134 185
52 61 124
140 171 279
257 313
238 260 301
206 233 247
40 315
16 83 138
10 59 112
81 87
198 213 255
174 185 311
123 134 276
88 248
50 119 158
234 302
267 268 298
24 70 74
68 269
66 67 156
8 70 71
34 133
55 244 246
166 215 261
148 154
112 133 302
121 180 192
27 93
233 255 295
133 191 305
77 78 100
225 261 292
146 147 247
130 198 320
59 117 169
141 204 257
50 59 157
21 158 320
127 152
247 254
161 163 318
66 155 282
81 126 166
67 170 230
217 218 289
107 125 173
12 258 305
10 177 238
157 163 269
50 90
27 106
50 130 158
31 60 92
81 226 262
147 173 243
54 86 285
29 126 162
225 284 289
222 281
257 267 304
111 221
76 77 265
261 292 302
132 280
25 154
66 155
257 279 314
40 302 315
161 163
166 278
17 23 59
216 271 289
17 155
86 90 251
63 114 175
183 247 296
55 86 265
71 193 252
12 93 106
110 134 236
59 273
46 70 71
21 70 166
48 72 172
22 125
86 245 246
196 215 248
40 46 106
79 107
107 175 249
30 191 305
161 176
100 126 162
42 107 231
35 85 160
48 64 173
86 231 240
16 137 174
140 257 267
57 82 301
74 79 124
76 78 220
35 36 160
83 117 194
247 254 286
24 108 166
42 107 123
89 218 242
251 263 276
279 289
197 240 285
206 213 226
130 166
76 134 236
204 234 257
61 66
88 141 280
112 297
134 244 285
140 201 264
28 147 183
4 242 286
5 258 261
71 206 325
48 59 71
214 262 286
175 191 192
8 264 302
199 247 295
54 71 245
30 93 160
16 46 69
15 35 115
121 238
267 292
286 305
10 217 218
201 280 321
81 162 185
107 246 263
119 313
83 107 162
233 295 325
213 254 286
76 129 134
74 247
146 206 253
183 255 267
32 69 126
8 227 248
4 286 305
8 111 302
44 250 297
74 173 270
52 200 230
203 212 255
146 202 255
15 16 115
9 10
56 123 180
17 88 133
181 265
148 317
48 124 186
178 180 192
79 102 119
151 322
81 263
260 265
133 149 242
58 316
17 44 211
50 51 230
11 250 294
117 169 184
151 168 212
222 243 252
199 295 325
55 121 123
34 309
8 111 315
122 134 283
70 262
185 212
146 183 255
76 77 78
144 272 303
245 263
206 207 262
97 99
14 86 224
202 214 253
118 158
8 71 98
238 260
178 239 260
35 160
55 121 244
26 108 166
121 122 134
48 99
198 206 256
52 186 200
138 258
284 312
10 121 132
57 126 208
132 280 297
94 167 274
31 55 69
17 104 211
145 153
21 74 273
217 258
62 155
134 260
57 205 208
64 231 311
20 158
135 201 298
64 129 263
124 182 186
236 263 276
206 284
35 37 77
71 325
16 54 97
76 174
26 108 179
87 106 190
60 78 168
55 123 266
284 325
50 158
50 67 170
177 180 191
71 86 245
21 50 158
85 115
29 220
178 190 209
37 232 286
10 111 302
133 277
59 99
10 204 264
105 215
41 134 237
17 102
36 115
224 231 238
25 222
138 177 180
35 37 90
34 249 295
52 59
54 86 245
60 82 115
23 51 155
17 133 228
146 213 214
265 288
17 223
110 185
45 217 297
183 198 243
156 157 158
272 300 302
71 166 187
50 102 140
58 71 86
50 146 183
48 166 168
21 170 172
57 83 177
10 143 267
206 248 302
28 36 57
55 134 266
149 234
57 76 174
23 51 168
95 119
64 311
28 65
52 193
69 126 134
81 86 245
13 265 311
216 301
257 302
37 106 173
12 242
174 177 180
16 115 116
70 183
89 196
34 253 255
135 312
234 291
280 289 297
5 202
177 195 286
267 268 287
174 178 260
16 97 183
287 302
81 166 251
57 85 91
206 284 295
71 207 214
19 258
134 244 245
299 312
165 280 298
74 166 322
257 315
107 114 175
7 140
54 55 224
26 153
133 149 297
109 110 134
39 92
38 39 213
130 183 186
143 149
20 130 186
21 39 92
5 215
165 204
52 74 186
111 206 284
16 138 197
39 213
70 317
80 130 193
6 36
134 176 316
267 279 314
8 302 315
280 312
27 35 120
214 253 254
176 201 291
77 134 263
95 161 282
66 186 230
11 211 249
54 265 276
141 262 264
21 317
204 257 298
127 154
121 235 251
247 256
48 183 201
71 259
17 71 89
36 59 147
201 279 298
20 21 148
290 298 302
83 113 115
50 92
204 287 298
171 264 271
113 148
37 65 107
21 50 92
71 151
82 121 235
160 190 197
15 219
175 208
21 71 151
59 117 184
105 149
215 280
154 270
139 292 304
31 160 190
112 227 302
25 156
66 157
11 221
17 71 102
59 173 200
107 175 238
122 237
268 291
54 107 238
205 208
31 55
91 106
137 183 198
83 129 301
50 72 195
107 121 123
227 297 298
76 78 209
217 218
43 294
10 117
13 224 231
59 66 195
237 245 263
170 198 226
16 75 224
12 54 116
3 114
214 297
26 67 71
76 125 176
50 102 195
8 10 290
1 24 142
37 76 107
21 38 71
147 202 262
104 242 280
163 193 303
55 60 106
149 289
61 176
72 169 170
59 130 193
93 128
119 146 147
61 74 124
82 235
117 170 183
146 214 241
174 238
26 74
8 135 298
37 41 126
42 55
35 106 113
4 42 227
88 171
214 310
6 46 47
43 88 227
141 177 286
63 114
28 100 110
12 297
36 55 121
48 163 167
141 256 286
77 197
116 125
146 262 295
35 100 160
82 248
49 71
17 54 245
156 158 168
202 203 255
12 34 133
16 85 120
67 155 168
60 85
146 206 255
148 170 188
50 71 319
153 249
77 183 197
18 242 280
81 134 246
36 55 134
8 111 304
103 267 275
45 88 89
76 121 137
35 63 106
125 187
146 284 296
83 190
202 233 255
6 40 107
266 311
48 183 243
50 94 158
238 249
71 72
158 258 261
217 225 292
241 254
63 69 113
20 26
125 169 176
56 208
34 280 281
94 95 158
44 92 248
117 169 186
41 85
51 107 249
233 255
60 263 311
217 218 225
48 213 243
16 17 83
35 60 77
125 200
55 123 134
260 266 276
202 214 255
51 119 195
0 102 154
158 160 197
55 121 246
34 203
166 322
78 209
10 135 298
54 93 116
284 314
14 224
13 265
173 217
71 206
60 244 311
107 263 285
110 123 185
48 222
158 190 197
135 141 286
146 247 255
99 144 287
12 87 106
8 271
134 236 263
76 176
106 177 285
214 241 325
1 2
141 171 271
243 256 325
78 83 107
27 90 100
52 169
139 291 292
76 297
81 91 107
140 165 264
145 161 167
90 129 177
207 247 295
59 101
134 224 266
105 217
27 41 100
106 220 224
129 134 263
31 50 90
168 236
88 171 267
224 231 240
33 48
50 157 186
52 61
134 236 276
280 286 298
4 215 227
15 28 35
14 231 246
4 286
165 303 322
89 248 286
202 222 226
37 41 60
202 253 293
57 91 178
272 300 304
82 185 301
88 105
52 182
17 112 292
231 235 240
146 214 296
74 262 302
133 292
247 286 295
169 173 176
177 298
77 131
59 119 274
88 171 280
162 175
139 165 250
98 190
34 147 262
141 149 242
70 79 193
109 285
21 172
119 249
177 190
10 275 280
12 248 292
17 54 71
45 89 248
183 197 198
16 83 129
182 226 293
148 153 155
100 137 219
56 126 185
197 235 240
292 298
267 275 292
42 123
224 237 246
177 237 285
22 74 106
74 75
59 179 274
183 247
76 121 192
287 304
158 190
264 320
83 137 219
42 244
248 312
26 102 230
121 183 188
52 58 59
185 191 192
81 91
53 258
213 247
204 257 287
175 177 219
74 317
206 207
132 271 292
61 99 319
16 83
169 325
48 186 195
121 234 311
54 77 106
144 268
248 325
124 176 186
11 89
14 121 238
30 102
24 102 151
134 196
133 149 312
20 94
199 325
37 77 106
94 164 326
62 125 173
30 223
57 97
94 145 168
97 169
204 268 287
50 94
59 147 173
76 162 192
83 175 177
12 17 102
21 50 94
30 115
12 107 261
103 105
48 169
139 287
34 243 295
171 234 286
121 162 276
36 280
66 99 182
35 37 255
30 115 301
31 35 160
81 170 226
142 154
161 167
228 242 297
59 156
275 280 284
22 59 187
48 157 163
280 281 302
36 93 160
171 264 286
106 258 305
94 148 186
16 46 47
78 220 288
60 96 107
16 17 285
77 131 185
77 177 301
87 110
1 70
174 227
135 286 304
144 204 309
177 232
211 242 297
237 283
111 133 305
48 72 176
256 296
195 286
107 173
46 63 301
141 279 286
206 250 284
140 141 204
131 301
8 10 292
87 231
235 244 285
16 97 106
14 134 260
16 60 224
58 173
149 291
90 177 178
15 35 106
140 257 271
123 185 311
53 125 182
63 86 93
10 132
88 140 204
26 102 151
140 171 204
50 118 262
144 201 280
70 172 183
52 59 124
3 15 65
59 172 313
281 302
179 291
20 94 186
79 124
174 175 191
134 235 240
83 121 209
81 166 187
56 76
146 243 284
15 16 106
140 257 284
10 195 204
57 76 244
112 133 227
35 138
48 64 311
34 89 325
237 260 276
190 197
102 313
158 172 183
19 206 292
0 73
44 111 250
59 102 230
16 17
87 260 285
16 83 197
37 76
34 253 325
52 53 184
165 286 291
83 192
4 35 138
125 173 176
89 212 242
60 208
42 185 265
72 193 195
27 114 120
71 74
238 251
97 158 204
55 121 235
16 174 177
29 77
218 225 261
21 71 74
218 272
46 91 106
118 119 274
72 125 182
25 79
222 243 256
71 195
16 30
104 111 296
42 55 276
97 188 204
39 162
226 254
36 93
55 106
71 316
17 197 285
65 84 107
267 284 314
6 106
144 165 302
59 101 112
138 262
224 265
214 215 261
99 270
158 160 320
4 226 254
217 262
10 35 69
59 71 125
73 150 168
251 260
51 102 270
7 90 209
4 89 104
71 72 193
14 42 134
46 63 114
54 86 236
280 286 287
60 82 106
29 82 235
7 37 90
29 81 276
183 226 296
8 165
94 168
56 134 160
140 284
44 158 270
61 102 230
214 233
202 206 207
248 292 302
21 94 168
41 85 120
20 166 168
10 36 132
30 162 185
87 237 246
31 50 92
80 94 151
8 286
228 289
201 264 302
76 106 220
139 286 300
79 166
12 102 106
47 84 93
142 222
29 197 235
143 165 267
171 201 298
155 161
17 298 299
12 112
158 166
52 64 173
99 169 187
76 134 174
52 184
93 185
170 176
41 126 134
114 244
155 282
16 28 219
5 137 138
36 55 57
56 126 174
158 287
64 76 107
66 195 200
16 46 236
3 15 120
201 204 264
61 125
47 65 93
178 185 232
36 69 113
56 131
280 300 302
111 218 272
42 100 263
59 74 102
29 30 192
154 166 317
127 166 270
81 162 244
260 311
204 298 314
48 168 194
33 34 252
74 148 151
117 169 230
16 78 174
134 260 301
62 188
35 93 106
48 116 125
9 69
42 81 263
129 134
55 246 285
60 263
113 123 126
113 126
141 271 304
48 49 71
151 152
36 106 129
186 195 313
213 214 286
50 214 280
31 63 114
102 140 264
35 206
147 293 325
81 93
213 249
126 185 208
121 236 238
21 72 273
42 185 212
70 206 262
201 298 302
103 248 295
226 309
76 77 137
97 158
121 134 311
60 276
48 266 311
65 84 162
222 274
16 17 261
138 190 219
177 178 191
34 243 284
50 230 274
4 88
201 267 292
36 40
233 325
70 168 212
30 225
29 126 276
164 225
103 215
71 74 173
225 228 242
106 220
22 161 187
0 1 142
143 287
34 247 295
31 190 208
180 232 286
20 71 94
194 225
133 215
64 115
12 54 107
154 274
48 71 206
255 268 275
30 238
74 177 302
281 309 310
171 290 304
103 228
34 226 249
15 115
59 158
29 174 185
12 46
77 175
121 218
60 107 231
69 113 120
100 107 263
133 228
141 165 267
21 70 172
177 234
35 84 86
78 83 177
139 149 242
144 217 250
16 37 121
49 186 230
140 201 257
8 271 298
117 184 230
139 228 242
73 298
29 76 121
53 72 173
145 158 168
212 213 325
72 73 170
72 73
57 160 190
11 17 211
123 134 311
223 242
16 137 180
106 176 187
10 140 257
286 298
21 72 73
53 125 184
76 133 162
184 287
34 202 255
149 225 284
76 242 297
157 161 282
212 254 255
16 30 175
50 59 71
135 140 201
192 232
185 192 232
21 121
58 188
37 65
116 129
5 261
165 250
225 301
46 70
64 173 229
141 267 304
48 117 176
17 149 257
21 26 320
10 112 292
52 74 124
147 206 226
29 57 97
71 80 168
46 106 110
59 71 101
60 64 129
52 53 186
83 194
206 207 255
229 248
132 315
71 72 169
159 189
35 153
117 176 193
141 320
103 201 275
34 143 280
59 62 173
54 93 107
0 317
10 112 305
178 323
17 104 204
71 197
16 261
107 126 301
71 102 169
103 149
48 213
59 117 230
59 79
55 109 240
158 172 319
112 225 302
104 228 294
111 227 294
54 82 106
27 46
118 164
83 92 115
71 89
59 127 130
45 111 211
58 62 125
45 88 227
221 262
44 258 261
92 148
133 149
59 200
4 35
212 213
215 218
24 98
132 149 234
135 141 290
92 269
21 24 98
10 204 257
30 107 238
55 134 246
8 275
140 165
81 121 162
63 114 115
16 100 219
198 256 325
143 267 304
88 104 204
59 213
133 162
53 124 176
31 114
11 111 211
17 216
10 234 257
4 89 227
99 169 176
81 121 283
195 204 234
52 173
84 162
59 79 193
86 122 237
35 85 100
0 1 102
105 221
206 248 295
16 183 230
99 173 187
34 147 253
141 254 286
201 257 264
55 57 160
146 158 284
158 168
17 229
177 181
52 147 173
76 134 176
202 206 222
19 238
52 186
140 201 204
231 235 244
148 168 269
213 214 262
68 130
169 182
172 187
191 237
177 302
94 304
29 83 192
10 140 204
6 46 106
146 171
132 204 280
149 234 280
32 69
14 231 263
16 97 176
16 138 177
5 137 261
72 141
109 263 285
52 59 302
178 219 232
50 51 157
35 100 219
82 224 246
57 76 301
65 138
79 193 322
97 172 183
132 234 280
169 195
36 83 134
42 134 263
16 110 236
8 111 242
24 151 287
12 103 292
179 186 200
234 297
0 130
74 79
59 74 225
131 160 162
169 316
21 74 79
50 52 99
51 200 230
74 154 318
202 212 255
50 119 274
35 100 232
22 155 156
10 217 292
201 275 280
132 141
151 154
30 93
206 233 255
11 211 242
224 244 266
34 249
74 121 262
22 111 234
212 255
121 235 244
13 311
116 124 125
71 252
17 197 221
21 148 270
134 260 316
76 121 209
268 271
8 133 135
52 169 200
64 263 311
160 178 180
204 287 291
111 133 162
8 135 144
48 206 262
187 319
16 65 75
27 35 126
46 79 166
25 67 222
46 96 106
8 10 149
137 197 261
50 179 274
54 77 231
26 66 230
10 292 304
141 286 304
125 154 317
46 47 69
53 59 274
59 124 301
181 263 265
23 154 318
217 218 297
103 217
62 99 124
10 144 298
59 147
78 160
107 169 187
25 270
35 138 190
29 160
11 89 248
134 185 276
133 217
62 71 183
141 198 204
22 119 313
3 107
66 99 186
63 175 301
134 245 263
16 35 37
79 102
24 166
37 76 100
230 271
214 222 226
235 244 276
147 202 255
153 156 222
59 172 183
53 125 173
24 287
260 265 301
4 215 286
48 94 168
3 120
36 63 113
107 177
52 241
141 279 290
8 271 300
82 120
140 204 264
165 271 284
186 200 230
16 83 175
17 45 297
183 188 195
15 77 107
74 121
286 300
79 236
21 163 193
59 61 99
209 249 262
21 74 121
26 80
203 226 293
17 292 295
262 293
16 30 177
28 126
33 241
107 190
60 78
48 170 176
10 257
32 69 121
148 151 168
59 74 159
72 124 231
123 134
140 264 291
71 80 157
62 124
81 137
66 72 200
11 12 111
116 131
8 248 302
12 213 249
59 158 274
46 301
71 86 93
53 59 74
151 317
70 74 150
137 190
213 214 222
177 208 286
178 260 301
38 39 153
4 11
102 317
70 262 322
60 91
25 70
151 212 213
90 199
54 86 93
44 228 250
81 236 263
119 156 157
177 197 285
125 193
111 258
103 104 223
69 261
8 22
77 162 265
27 35
27 35 60
60 231 244
25 67 156
158 160 190
50 94 164
43 44 297
90 91
117 194
29 81
62 74 173
16 17 197
279 287 298
74 124 214
160 197 285
132 280 292
37 60 77
129 177 263
15 106 137
60 85 311
231 238 276
118 274
21 50 140
103 216 292
8 10 204
132 289 297
103 151
132 292 302
135 141 279
20 153
22 106 187
111 271
50 261
235 240 263
80 173 193
13 134 265
44 144 242
28 57 85
31 35 206
147 295 296
212 218 242
92 183 198
212 255 309
72 141 143
140 165 257
135 284 304
87 175 177
206 252 255
50 274
76 176 270
22 175
48 206 222
59 72 179
74 214 241
139 286 291
86 134 236
99 173 176
59 186 200
82 99 106
30 177 191
79 101 130
12 103
119 158 313
17 218
93 106 224
16 46 106
94 172
125 212 218
27 90 106
28 57 219
50 74 302
182 183 226
21 94 172
60 82 231
57 81 126
29 192 232
65 114
71 206 254
51 92 94
13 126 134
77 100 113
48 168 172
98 183
84 285
34 147 255
10 299
47 65 84
54 245 246
40 178
12 116
26 230 274
52 59 62
111 112 133
121 288
13 82 185
88 111
50 157 313
38 154 320
280 281
137 232
40 178 180
60 82 244
16 111 221
23 118 274
214 274 282
17 86 245
204 257 267
149 242
102 130
234 286
57 162 185
65 248
10 312
51 313
63 175
81 192
72 143
89 312
204 299
15 16 165
102 251
33 48 262
50 157 326
74 189
50 71 259
62 71
134 176
42 134 265
138 190 197
133 149 292
15 85 120
48 61 72
35 100 113
275 300
264 275 280
77 107 263
44 138
201 279 280
23 145 282
141 256
121 231 235
9 302
72 172 195
134 174 238
15 115 120
132 143
21 50 74
14 121 231
94 157 158
100 160 185
139 267
146 233 247
64 93
50 195
50 119 168
187 200
132 264
21 50 195
257 279 298
97 172 319
71 254
111 206 292
48 270
122 219
149 217 304
214 241 252
64 93 131
92 313
140 302 304
107 169 176
103 223 242
206 207 325
21 48 270
43 45 294
74 147 293
99 107 187
214 233 253
131 160
102 119 158
263 316
39 92 320
48 162
76 100 209
19 105 258
62 71 172
17 83 215
151 158 287
27 224
107 173 187
25 151
11 216
198 212 255
42 77 107
15 106
158 167 274
125 177 195
119 163
147 262 295
31 50
171 264 279
108 270
144 250 297
30 93 131
75 93
121 209
30 137 174
8 165 267
10 112
140 165 204
216 217
111 217 292
73 168
257 267 314
10 257 298
93 107 238
110 235
8 135 280
89 112
87 121 238
154 278
11 229
52 230
77 209 219
144 280 297
24 168
213 247 254
31 63
8 264 286
114 115 245
75 106
140 257 264
143 144 267
8 165 280
34 147 310
17 89 248
162 177 185
42 93 185
51 92 270
68 157 167
177 238
52 59 117
71 125 212
14 55 266
8 271 302
290 300
0 170 173
50 71 72
5 137 197
81 126
141 177
16 83 177
145 158 172
12 292
102 148 188
57 69 76
295 310 325
12 194 225
158 284 296
267 289
238 266 276
82 122 134
61 99 125
7 69
56 190
85 109 260
262 295
85 120 126
51 66 230
211 249
271 300
66 155 200
183 187
77 185 265
144 149 217
214 262 296
44 250 294
125 182
106 113 148
37 69
72 117 193
16 219 236
129 301
111 271 315
146 241
74 147 214
27 100 178
35 144
95 195
107 125 212
135 267 286
139 201
20 21
97 204
201 298
37 71 255
59 97 158
60 93
50 94 274
22 145 168
14 93 224
199 253 325
89 133 248
48 204
177 178 237
22 106 176
78 83
17 83 257
134 174 185
271 292 304
141 280 304
8 24
36 115 129
118 155
52 193 200
71 80
65 84 100
73 74 274
50 52 169
202 212 325
125 316
74 80 173
34 143 284
6 93 126
106 107 208
145 168 189
303 322
21 303 322
99 124 182
177 238 301
8 59 98
212 325
154 320
29 121 220
219 220
43 223
203 212
42 77 162
17 103 104
27 37 84
103 201 292
90 115 116
30 177 180
55 123 263
152 166
141 143 204
50 172 183
171 195 234
26 73 74
46 79 236
66 99
236 251 276
112 215
248 292 295
30 177 301
106 116 125
40 46
152 287
214 226 281
30 162 178
77 113
212 222 255
81 107 231
60 77 263
98 172
107 175 301
147 293
90 115 129
141 171 279
114 116
36 69 93
12 105
4 112 215
198 202 214
14 224 238
48 71 157
112 228
140 141 144
141 144 267
106 125 187
82 285
64 107 231
35 71 206
64 76 100
141 242 280
61 118
16 37 180
88 221
149 216 217
236 237 246
81 86 121
22 156 157
23 118 155
40 180
174 180
81 134 283
105 133 225
31 106 114
158 172
89 104 286
8 280 298
46 116
141 144 280
46 90 91
117 193 230
200 230 262
145 167 168
54 224 246
257 299
169 186
37 64 173
144 217 322
50 51 269
28 183
50 59 130
8 132 292
46 237
13 174 311
50 182 200
55 121 162
26 258
227 248
287 299
144 250
66 313 319
69 76
28 75
206 284 292
23 50 118
206 214 233
55 121 283
102 140 257
52 184 193
81 86
52 53 124
50 119 157
275 302
25 127
60 85 126
257 279 287
16 78
76 92
62 194
67 68 168
125 250
52 188 204
9 304
143 267
31 107 190
137 138 197
44 261
99 107 176
164 326
54 246 260
70 71 151
41 46 106
34 253
254 256
52 62 186
48 176 266
201 286 298
127 151
29 30
249 262
71 74 166
214 241 254
29 82 162
10 111 112
64 216
143 280
94 148 168
50 72 179
5 124 177
137 160 198
200 262
30 115 175
107 231 238
71 148
214 233 255
14 55 121
131 162
110 121 283
257 264 298
175 205
21 71 148
3 16 30
110 224
10 36 59
297 316
22 111
214 281
300 321
38 92
79 93
103 221
230 262
77 265 288
225 228 248
44 165 250
144 146 242
80 173
38 213
14 55 134
206 222 325
24 278
156 168
133 221
4 89 286
28 57 276
59 66 313
8 271 291
121 237 283
213 247 256
21 101
86 237 246
102 204 257
74 148 186
286 291
50 262 302
47 100 162
5 12
115 116 129
26 71
37 64 107
86 122
72 187
15 77 219
216 291 300
82 115 120
55 60 224
48 94 172
21 26 71
19 297
28 65 113
143 257 267
5 133
15 144 165
51 249
8 271 304
104 112
271 289
290 302
4 149 286
15 28 219
292 300 304
8 227 234
50 71 74
67 230
53 66
72 79
89 248
245 246 265
46 63
7 35 37
225 294
102 182 188
123 246
50 71 195
5 137 320
141 300
93 126 185
281 310
117 169 170
60 82
198 199 226
146 206 252
70 74 262
28 65 126
284 300 304
124 125 177
54 55 276
76 121 134
111 249
37 71
171 300
52 53 179
28 251
121 134 238
247 295
32 36 69
28 35 75
38 151 213
102 140 204
42 162 276
81 262
59 169 292
76 77 185
10 149 217
48 176 200
17 83 138
262 310
160 262
201 300
25 74
233 252
123 237 283
59 99 169
48 206
16 177 298
8 133 302
226 249
171 313
250 284 296
97 98
21 127 270
8 11 312
99 144
151 152 287
118 157
159 195
50 140 284
12 19 77
224 260
4 210 305
50 158 274
51 119 313
81 121 263
66 88
105 225 258
59 99 182
14 77 231
4 149
121 217 262
124 214
17 88
31 50 74
48 206 213
8 268
154 322
5 177 216
8 19 149
101 166
54 91
171 201 280
55 123 265
33 206 207
31 107
58 59 62
185 265 311
48 127 270
94 163
38 268
16 81 91
53 74 173
31 228
12 90 91
140 171
167 274
52 58
140 141 254
35 36 93
141 256 325
64 181 263
16 46 110
214 241
55 224 266
37 90 178
215 227 286
61 118 182
213 214 255
41 126 129
53 74 186
238 260 276
103 149 201
66 72 125
198 214 226
16 83 113
34 89 133
39 70 92
67 164
193 303
81 93 126
147 202 206
12 228
231 237 246
3 15 115
37 41 178
15 16 35
42 107
165 250 284
10 11 312
225 228
233 247 325
123 180
171 284 304
56 126
116 177
214 256 296
55 266 276
16 30 115
28 64
135 140 141
69 93 185
1 142 320
88 140 267
61 99 182
169 188
204 257 271
171 234
88 133 227
103 104 148
66 179 200
50 119 146
212 256 325
84 93 106
31 93 160
267 268 286
71 94 151
27 84 106
176 291 315
8 83 257
149 271 289
27 35 106
257 314
34 242
147 296 325
135 141 204
92 183
48 262 295
48 193 195
21 39 320
275 304
70 127 193
174 260 311
135 257 271
59 118 274
48 213 295
52 169 193
185 266
165 267 304
83 255
244 251 276
94 148 157
24 39 92
71 137
81 245 263
97 125 319
11 211 248
59 159 167
257 264 287
231 240 260
34 255
56 174 185
59 117 170
35 77 190
22 106 125
60 64 311
162 180 192
4 312
4 83
60 224 263
177 180 232
137 138 320
170 198 320
85 93 160
103 104 295
42 117 170
242 261
16 35 138
30 115 177
57 82 276
60 77 78
162 265 276
70 71 166
12 107 258
35 113 126
24 173 270
30 107 178
8 135 271
59 72 117
49 186 212
103 223
149 275
126 291
8 165 271
238 244 266
76 92 106
55 86 266
94 163 168
15 231
216 221
59 274
66 108 241
111 216 300
121 137 162
130 154
82 120 224
111 133 302
214 296
93 224 238
140 141 201
37 76 106
170 226
17 103 295
82 113
140 204 257
290 291
12 46 116
21 38 70
12 54
232 286
99 125 315
58 170
144 173
8 264 290
77 183
42 162
79 130 193
143 144 271
74 114
140 171 201
117 170 182
141 267 286
141 289
26 73
53 176
146 171 284
262 286
21 26 73
70 130 183
63 113
146 250 284
48 59 301
140 264 284
50 159 189
62 117
54 55 265
213 286
134 237 283
83 93 107
77 100 185
125 173
171 289
116 124
12 106 116
57 162 244
79 102 107
46 65
8 57 175
21 74 127
198 203 226
42 162 265
102 231 311
76 121 244
163 164 193
72 202
104 215 216
10 135 271
106 176 316
201 289
71 89 212
93 160 185
41 60 85
134 235
180 185 265
3 114 175
202 214 241
6 40 106
23 50 67
27 28
46 79 93
50 94 157
4 17
284 300
36 126 134
31 55 57
65 111 315
76 270
52 58 124
135 201 286
59 74
99 186 270
144 146 165
17 138 197
19 77 242
100 106 129
14 55 57
76 162
59 99 292
143 267 286
147 158 284
234 280 297
50 146
15 65 75
76 162 244
8 149
200 319
93 100 160
131 219
81 91 93
29 208
50 146 158
135 284 297
71 79 193
59 316
207 214
152 278
147 160 222
22 168
50 158 168
28 57 91
84 265
76 83 220
10 50
214 222 274
15 165
76 100 160
54 93
147 284
34 242 243
193 303 322
265 276
17 211
214 233 325
198 222
65 107
60 82 224
102 151 182
106 116 129
55 126 134
217 261 297
212 213 254
261 289 302
99 169 292
202 206 325
19 112
79 163
57 76 162
48 230 262
10 292
54 106
21 79 163
8 144 280
37 69 121
223 292
113 126 166
16 35 219
86 87 251
21 50
16 83 115
55 57 276
15 60 107
12 90 106
158 284
178 192 232
88 225
162 174
107 238
102 257 298
234 279
222 262 295
267 268 275
81 185
172 303
204 292
17 44 133
19 206 223
51 66 168
165 300
280 287
88 242 280
299 300
178 239
35 190
241 295
36 83 129
100 178 219
170 176 187
52 186 230
21 127 193
126 162 208
35 100 106
41 126
76 121 191
137 147 301
105 133 242
172 316
52 188 195
157 158 168
138 180
102 257
162 308
59 125 158
50 119 269
51 61 66
206 284 296
8 70
113 123
14 121 224
100 160 178
16 177 234
100 178 232
76 77 242
104 132 286
12 106 305
215 286 305
187 193
8 11 248
132 257
44 144
38 70
57 83
8 70 74
6 121 126
10 144 280
76 77 134
83 257
235 240 311
15 115 126
8 83
34 250 284
51 119 249
198 226 254
214 280 321
55 56 134
11 88
8 10 144
62 319
140 146 171
35 160 190
20 322
204 279 287
104 215 297
92 198
48 176 270
64 99
24 148
217 218 292
42 77 100
134 316
55 86 134
94 145 167
105 258
63 93 106
76 162 191
71 172 183
198 207 254
74 79 101
244 266 276
257 264 302
34 284 295
26 52 74
14 55 246
170 215
152 166 201
142 153
141 198 320
14 134 246
171 204 234
30 107 301
17 112 225
149 165 217
207 214 293
77 83 113
111 216 302
78 83 174
20 26 38
48 94 163
10 275 321
135 234
24 142 154
5 124
79 110
77 107 177
13 86 123
26 102 258
82 115
183 213 247
4 112 166
58 172
111 112 302
88 280
26 53 258
8 238 239
123 237
37 180 286
35 124
28 100 219
144 173 217
212 213 214
144 296
216 291 304
146 171 286
110 235 240
148 186
41 60
5 137
21 148 186
100 160 220
29 57 81
122 134 260
111 112 315
12 34 242
247 286
77 134 185
8 57 177
26 317
141 304
137 219 232
35 77 113
144 309
92 119
218 258
14 86 93
60 113 126
52 61 182
252 256
36 59 69
141 204 302
125 188
160 180 219
286 290 291
235 240 245
126 162 276
23 59 118
248 258
148 320
146 247
132 312
19 112 225
176 187 291
134 236 238
22 145 282
52 62 124
185 323
4 19
10 112 302
71 194
36 40 69
217 248
131 208
29 197
102 151 158
16 32 69
66 200
146 198 206
103 267
112 262 302
225 228 294
35 206 253
58 99 125
123 174 180
201 290 304
18 280
279 321
141 198 254
50 269
27 90 209
44 144 250
38 151
65 106 107
79 152
44 88 89
218 228 261
76 100 162
157 167 274
106 285
202 222
104 204 297
24 99 270
165 204 267
16 137 219
99 169 173
14 224 231
88 141 204
112 221
50 102 130
79 124 193
117 170 226
106 116 131
21 39
50 62 179
87 237 245
48 127 166
8 143 165
121 162
102 257 287
0 101
146 165 284
34 147 250
50 99 182
81 109 283
71 173 193
59 63 74
31 106 107
12 111
72 125
177 178
16 46 114
146 243 325
109 240 285
121 283
165 289
204 264 302
174 208 301
17 54 59
67 168
76 126 174
267 275 280
116 289
82 235 244
39 48 162
165 284 286
81 187
5 137 258
287 292
124 179 230
28 93 126
57 162 301
13 174
53 59 124
24 158 287
17 211 248
59 74 101
55 121 276
23 118 282
52 184 186
125 166 177
10 50 284
15 85 115
160 308
44 133
8 98 125
62 187
160 162 220
52 169 184
226 295
8 9 312
48 116 124
264 321
187 303
36 115 177
54 87 260
36 134 190
27 85
99 107 169
202 249 255
213 255 286
76 206
29 131
194 198
104 215 286
17 83 197
16 107 177
187 195
8 112 302
139 250 284
173 183 243
57 85
103 201
55 86 123
194 319
152 322
36 147
55 160
8 135 141
187 316
76 219
50 52 230
4 83 138
146 233 255
45 88
11 111 250
12 54 93
16 60 78
3 91
57 91 208
279 280 321
36 82 134
173 273
154 260
8 112 315
11 211
267 290 304
85 160
186 212
98 99
107 115 177
71 176 183
1 166
7 69 204
119 158
50 167 274
36 160
121 123 134
21 166 270
64 100 263
127 278
80 166
66 268
57 219
185 244 311
94 168 274
59 79 124
90 115 177
141 198 201
12 54 106
195 274
195 204 286
142 155
20 148 168
31 287
77 174
139 268 300
121 217
8 267 286
55 185 276
59 130 183
17 112 227
53 74 124
241 254 256
17 59 71
111 216 304
149 171
11 17 89
28 110
82 224 285
162 177 301
227 234 302
104 105
145 158 167
125 158 166
179 184 230
17 45 294
81 93 185
107 177 263
86 236
53 59
72 73 169
138 178 180
89 215 286
8 248 286
15 35 107
93 131
32 121
48 117 162
144 298
82 115 126
56 185
243 250 296
16 30 174
148 188
54 237 246
174 177 238
125 177
89 196 286
111 242
37 64
60 64 115
56 77
146 284 286
254 262 286
162 244
23 71 117
52 230 249
106 107 190
48 176 193
83 301
173 194
50 94 269
71 183
48 172 195
141 204 304
15 231 237
212 307
124 194
148 322
116 124 177
54 77 162
71 74 214
221 248
133 135
35 178 180
256 296 325
103 223 292
54 93 106
26 148 230
34 146 284
284 304
34 280 284
22 50 168
52 125 182
25 80
87 231 285
236 263
103 148
15 35
135 201 290
59 156 157
244 260 276
196 312
57 244 276
46 79 110
54 86 224
43 218
77 219 220
143 267 290
58 62 124
1 221
35 206 255
157 186 313
144 165 303
224 266
31 100
59 119 130
25 322
16 37 41
222 296 325
62 124 125
59 184 232
48 64 99
141 198 256
104 295 296
110 285
19 103
79 154
140 201 298
86 235 285
54 97
135 149 234
148 186 188
8 144 271
50 169 186
17 215
163 269
198 226
65 111
77 107 113
146 214 286
115 116 177
36 83 107
12 221
86 170
42 100
88 216
36 57 91
146 165 286
60 63 107
4 17 215
134 235 283
114 124
82 231 235
54 55 82
57 69 126
25 74 222
77 242
24 151 152
177 180
76 244 276
59 158 313
28 57
74 173
150 168
114 245
67 170
204 257 264
204 298 302
177 301
20 26 108
88 229
69 121 132
151 248
149 275 280
62 176
153 155 156
204 296
26 148 151
248 302
74 186
19 250
51 107 173
113 114
140 254 271
71 117
21 74 186
11 211 228
169 194
119 145 158
17 146 242
21 102 140
90 251
50 200 262
66 158 268
71 74 148
202 212 254
20 21 127
248 286 312
52 169 186
139 143
59 194 225
50 71
35 40 180
8 74
48 49 72
21 50 71
147 214 262
8 24 70
8 10 135
52 58 62
222 262
67 156 168
282 313
139 264
8 133 242
50 230 262
17 111 261
106 107 258
23 318
212 254
160 323
28 60 85
117 182 183
145 200
76 100
5 198 202
106 208
10 144 284
50 156 168
10 204 298
30 223 225
107 169 173
50 95 158
94 145 158
143 275
76 162 182
8 135 143
8 286 312
57 208
104 279 286
44 88 133
77 131 162
243 295 325
73 152
257 267 298
162 185 276
237 260
3 93
22 106
48 132 204
81 122 283
50 125 158
48 71 194
29 121 162
24 152
106 246 285
214 310 325
103 216
101 106
53 179 274
42 107 212
50 183 284
195 257 286
17 149
75 90
83 115 129
80 168
66 270
55 185 265
77 137 219
74 214 293
48 162 204
110 185 276
166 170 215
6 36 126
133 216
99 125 187
88 171 204
79 101
170 219
8 271 286
50 159 169
16 78 83
100 160
10 141 204
156 157 326
93 120
146 214 233
26 74 79
143 264 302
99 106 187
75 224
19 292
62 172 183
60 64
32 69 107
151 182
52 184 230
66 72 186
16 83 174
12 104 292
197 235 285
125 166
77 100 178
51 94 168
42 81 185
10 286 312
21 72 74
104 228
72 195
204 284 314
278 300
81 185 311
109 235 240
237 260 266
0 292
21 72 195
227 298 302
60 77
146 206 247
69 132 174
13 231
16 235 285
52 61 173
16 236
93 160 178
216 242 271
48 213 222
72 316
185 193
27 107 178
125 141 177
102 195
56 123 174
33 48 206
15 106 231
13 123
54 59 97
69 76 134
70 71 80
8 125 315
202 212 309
135 141 144
14 121 283
140 286 291
73 74 150
50 52 274
84 86 285
48 201
59 71 102
135 201 279
20 21 74
26 71 157
212 309
36 83
21 130 270
71 72 170
81 121 137
16 40 180
16 174 180
117 193
103 258
82 126 276
240 263
26 79 102
59 101 102
50 158 269
94 145
8 300 302
52 124 188
212 255 295
74 186 273
76 276
1 102
188 194
133 258
16 28 183
144 146 171
105 196
17 83
194 198 202
154 317
80 102
157 269 313
16 28 75
17 204
8 121 276
94 158
109 240 263
10 132 234
57 276
24 99
21 94 158
4 17 83
17 45 217
78 83 220
58 97
20 127 166
19 105
98 169
10 117 195
107 261 301
34 293 295
48 166 270
14 231 238
12 102
31 115
77 231
57 76 276
40 46 47
46 100
59 74 79
117 170 230
52 59 169
31 36 160
88 218
107 231
20 108 166
71 73 74
126 244
10 298
88 140 141
82 174
183 226
28 31 57
117 200 230
52 59 61
264 299
116 172
50 92 183
37 71 173
46 113
77 134 231
254 256 286
238 283
260 301
77 83 185
172 188
267 275 284
52 59 182
162 180
223 242 292
77 162 185
66 186 319
267 286 298
141 242
160 222 262
37 121
56 134
264 312
157 186
160 191
280 293
7 35 100
104 296
137 198 232
16 183
76 197
212 295 325
104 132 279
83 129
57 126 244
6 40 46
36 87 190
145 189
16 75
57 76
177 208 232
97 204 257
59 71 157
227 258
50 156 157
8 242 258
93 106 131
99 194
99 107 173
103 275 280
37 255
190 222 323
10 144 165
10 111 217
212 256
157 320
275 312
21 157 320
81 126 162
52 99 186
59 71 170
166 261
207 262
312 315
228 261 289
17 138
8 242 271
257 271 298
78 121 288
110 185 265
60 129 263
15 213
101 216
1 278
8 59 271
73 154
91 208
99 125 176
133 292 302
75 200
11 215
4 166 261
8 10 271
4 17 138
175 323
70 79 106
142 146
1 170
55 57 82
139 268 291
144 250 296
38 210
37 76 209
39 142 153
34 147 296
138 160 262
81 137 162
202 281
99 106 176
163 326
10 36 69
107 121 238
216 268 300
156 286
118 145 172
21 98
216 261 297
100 162
42 170 246
172 313 319
114 115 244
267 275
46 47
98 176 187
51 92 269
177 237
37 41 120
15 35 219
28 114
143 298 302
132 171
59 74 147
59 179 200
122 237 260
59 183 319
42 170
125 141 166
0 173
42 185 244
48 147 301
16 78 219
198 206 226
107 185 212
35 77 106
52 169 230
92 198 320
15 16 219
76 137 220
60 308
59 157 158
62 70 150
67 71 168
62 125
141 201 290
8 59 71
51 158 168
121 236 283
119 163 269
121 134 235
8 10
156 195 286
57 131
90 178 209
48 311
27 107 301
4 12
52 125 173
36 129 134
118 262
25 71
66 72
105 225 242
71 187
126 205 208
26 108 270
29 190
22 106 175
59 69
10 204 234
4 133
231 324
235 240 251
173 319
71 72 172
146 198 199
117 195
29 82
34 226 281
26 52 230
171 201 264
4 254
28 113 126
8 144
300 302 309
55 69 134
79 93 106
103 215 297
279 314
50 262
110 276
78 83 209
58 86
55 134 236
10 160 177
122 191 237
196 215 286
12 116 249
46 63 106
87 265
73 101
12 91
50 158 284
30 93 185
40 65 315
24 101
106 125 173
72 231 266
216 271
31 106 208
214 226 280
251 265
51 183 200
149 217
59 158 183
139 286 292
52 195 204
34 147 243
10 287
48 147 222
21 153
66 72 230
122 123 237
114 115
17 45 111
141 165 204
12 104
42 212
202 206 212
24 152 287
140 141 143
82 113 126
169 172
12 225
70 166
93 178 185
75 107 123
84 162 220
44 138 158
268 286 291
66 195 313
204 287
56 123
74 177
160 180
140 171 264
66 186 200
257 298
140 143 165
125 166 170
31 100 160
60 92 115
16 41 126
52 59 184
199 214 253
8 234 302
34 252 255
44 111 297
5 198
52 61 230
149 275 284
16 64
35 77
16 138 180
122 194
227 247
48 125 166
287 298
16 96 183
244 251 260
99 183
31 60 64
123 311
50 195 259
31 63 106
257 264 271
135 141 201
254 271 286
50 183
121 162 244
50 119 156
77 231 263
8 186
41 134
187 188
12 77 242
147 206 284
149 217 292
21 127 322
79 166 168
48 162 182
29 57 276
71 74 273
198 206 307
20 317
243 325
17 19
23 59 71
297 302
3 106 175
57 91
37 76 77
20 95 322
142 154 320
270 320
3 205
46 110 236
35 138 180
92 106 115
174 208
17 261
23 59 313
10 234 302
202 222 262
214 280
70 108 166
71 125 187
34 133 242
40 100
191 237 283
201 204 298
52 64 99
212 222 309
43 88 89
8 257 271
29 178 232
144 284 296
161 282
59 79 130
146 255 262
11 103 149
216 218
50 71 168
174 221
135 286 298
144 217 242
30 192 232
86 244 285
144 280 298
271 275
213 247 255
57 185 276
147 243 296
94 151 168
56 57
61 172
16 180 219
68 157 168
53 173
262 295 325
107 125 187
130 198 226
57 69 185
92 217 322
56 178
67 71 157
104 111
183 213 255
16 78 100
98 161 187
5 137 198
16 219 224
13 123 134
74 124
23 50 51
159 168
183 296
271 272 300
76 133
62 74 150
141 299
227 302
53 186
133 135 292
48 116 172
48 176 186
97 192
106 134 316
23 50 172
36 134 238
35 253
17 102 258
57 126 301
215 305
11 17
24 70 127
284 298 314
16 114 120
117 184
103 201 267
20 21 186
34 248 325
224 246
284 297
19 149 223
121 162 191
201 299
97 158 319
147 158 160
6 69 107
14 238 283
92 248
59 71
27 220 301
10 121 238
36 87
66 195
134 236 246
111 242 271
8 10 315
19 133 292
101 152
225 228 289
54 77
10 218 292
59 192
152 154
81 121 262
74 79 151
43 103
110 134 276
185 276 311
147 160
26 52 124
59 313
63 107 175
10 248 292
55 134 238
8 149 258
27 85 126
149 206
140 201 291
121 209 262
102 151 287
188 319
171 201 279
144 146 296
246 260
12 93
31 106
286 291 298
42 244 276
26 67 230
87 107 238
112 216
46 91
156 222
82 113 115
147 173
149 242 258
40 47
158 268
135 143 304
82 134 174
144 217 297
42 93
76 134 276
61 106
102 107
51 61
115 177 301
100 219
59 63 69
234 260 311
12 106
0 142 154
99 106 125
158 160
31 91 208
86 170 246
55 224 265
178 180 219
279 304 321
137 258 261
257 287
21 74 166
71 168 194
54 224
36 83 113
12 227
57 83 175
70 168
52 59 173
295 296 325
135 297
83 107
66 179 186
22 74 318
49 230
62 169
65 107 178
24 151 158
204 289
42 227
59 158 319
248 295
42 81 244
32 37 69
60 244
146 284
178 180 232
59 102 158
16 120 236
51 195
52 193 230
119 157 269
60 231 276
16 174
257 300
50 214 261
100 160 162
40 302
169 187
218 225 297
71 98 148
9 171
69 185
8 22 125
50 119 145
164 193
59 71 148
172 313
109 110 240
287 300
71 137 197
171 206 302
144 165 217
138 177
100 185 232
16 114 175
50 214 274
131 137
29 126
139 257
8 298 302
96 301
77 231 265
81 122 263
94 157 269
162 191 192
175 301
185 265
124 255
143 268
56 76 134
62 316
195 313 319
103 275 284
133 196
205 301
8 105 149
55 276
300 309
112 258
17 43 217
198 214 254
26 52 179
46 70 166
129 134 301
270 322
104 286 295
257 271 302
8 135 149
78 160 220
52 99
72 176 266
42 93 162
119 274
30 107 177
3 15 35
66 200 230
137 160 320
33 207
6 32 121
62 124 186
24 158
142 153 154
76 191 192
60 82 276
63 86
82 99
101 112
111 272 302
103 149 242
48 50 262
45 217
77 169
52 117 193
93 113
66 68 168
144 284 298
59 271 302
10 298 302
219 220 288
70 102
121 123 263
216 268 304
107 169
88 141 267
213 214 309
21 148 170
216 261 301
66 72 179
293 295
36 55 106
139 144 242
58 169
81 166 170
34 253 295
12 194 215
104 221
72 188
218 242
105 149 225
144 242 250
220 288
198 199 214
151 188
74 92 147
111 234 302
212 293 325
90 178
50 66 189
84 86 265
70 183 193
15 46 237
126 185 244
190 301
83 175
102 188
130 183 226
41 178
53 59 66
271 272 302
224 246 265
37 180
60 64 231
123 244 311
97 194
52 53 59
50 119
121 162 180
69 132
51 61 118
220 301
261 302
102 177 195
83 194 215
20 74 186
35 255
66 186 270
44 228 242
54 77 265
111 250
4 124
229 242
27 63 114
15 106 237
11 19
10 35 160
50 179 200
139 204
48 176 201
284 299
36 93 185
42 263 265
8 135
102 177 208
290 291 302
69 76 261
72 99 125
52 99 124
222 323
87 106 285
71 74 101
59 302
250 284 297
177 180 286
291 300 304
272 302
57 148
10 36
101 154
100 107 178
166 320
59 194
4 258
144 165 298
17 197
21 166 320
83 115 177
94 151
21 94 151
27 41 85
48 187 201
204 234 286
63 82 120
8 165 204
74 102 177
115 126 244
286 291 300
37 69 107
165 204 264
15 35 144
74 79 166
257 287 314
86 87 237
65 106
106 125 177
251 260 276
12 216
158 270
10 141 144
190 222
135 286
140 284 304
21 158 270
173 186 270
158 168 274
142 153 222
123 174 311
52 179 200
147 296
134 238 283
58 224
70 278
264 292
102 230
116 226 249
47 65
5 297
165 286
46 106
59 102 147
79 102 148
7 100 209
29 30 175
114 116 124
238 276
147 293 295
72 170 273
169 176
36 83 115
26 127
226 256 325
12 229
15 60 106
218 297
70 170
103 151 248
14 238
146 165
11 248 250
257 298 314
51 156 168
21 170
267 286 291
48 61 172
76 77 107
170 183 226
36 134 174
16 176
71 214 325
88 133 228
23 71
74 302
84 93 107
208 224 265
10 165 204
52 74 173
119 157 163
57 69
28 81 126
44 228 297
103 185
71 154 166
267 286 304
119 145 274
213 262 286
229 297
160 197
44 45 297
99 187
35 37 106
71 125
202 249 252
57 190
65 111 248
125 166 187
45 248 252
240 311
157 313
12 54 77
55 265
127 141
195 204 257
30 208
57 82
8 10 22
140 165 291
9 10 312
189 201
48 262
194 316
146 247 295
87 190
1 150
59 147 158
76 162 177
158 183 197
99 200
140 201
17 71 197
81 107 263
81 126 276
8 82 248
3 85 120
23 326
94 145 274
50 95 274
99 125 169
202 222 253
316 319
57 91 205
173 270
76 106 137
50 102 169
64 107 263
198 214 256
12 46 91
30 162 223
257 271 304
80 163
60 77 308
6 36 121
15 28 75
30 177 238
100 263
99 106 169
264 287 298
99 125 182
37 41 100
20 94 158
79 325
135 279 286
74 130 186
170 234 257
111 272 304
105 133 149
77 100 160
223 225
267 268
0 153
126 134 174
141 144 204
59 271 304
111 302 304
41 46
10 238
211 228
204 257 314
52 59 230
83 137 138
121 236 263
90 116 129
0 166
225 284
16 110
141 290
76 77 162
204 287 314
28 120
53 59 176
100 160 219
52 58 99
10 73 320
71 80 151
30 238 301
19 133 149
45 248 294
82 115 244
14 77
84 93 162
64 92 115
132 298
48 49 230
14 42 93
59 74 274
8 71 74
1 2 194
50 94 145
28 35 65
76 137
71 195 259
160 222 323
267 284 286
20 242
118 155 182
106 107 187
4 5
102 311
52 53 61
143 312
8 22 74
201 290
16 65 111
156 222 274
12 91 115
45 227 248
54 86 87
134 236
59 71 97
116 131 177
34 212 255
106 137
50 156 326
52 53 182
23 59 117
11 250
54 81 93
16 174 175
152 201 287
16 177 180
106 258
59 183
290 291 304
11 142
71 193
178 237 260
54 93 224
141 143 304
22 156
74 214 222
22 66 230
112 315
141 177 302
214 222 262
141 254 256
221 258
100 110 185
137 180 198
51 92 183
105 312
141 256 302
30 93 178
140 257 298
58 99 124
66 230 274
43 211 242
21 25
139 144 165
94 274
33 222 262
154 325
29 83 162
76 92 270
88 215 297
126 244 276
290 302 304
49 202 212
104 204 296
111 225 284
17 133 217
219 220 224
10 36 238
146 171 206
223 280
198 202 206
28 126 276
35 114 124
139 300 304
76 92 162
51 173
61 118 172
238 260 266
21 38
12 218
212 213 255
177 285
64 76 92
77 100 107
175 177 180
83 137 301
140 141 257
146 206 284
60 114
77 107 231
118 158 172
158 164
175 177 301
150 156 168
19 206 211
220 224
112 166 215
74 106 247
54 106 246
140 171 257
90 114
50 145 189
67 167
153 170
77 169 183
172 183
70 172
26 71 73
88 133 217
178 191 237
59 97 192
25 67 71
64 99 173
141 234 286
122 187
84 86 93
287 291
53 124
126 185 301
144 242
226 281
72 172 176
206 302
99 176
30 175 192
30 76
28 81 236
117 230
76 192
125 166 176
71 212 254
180 286
139 248
20 68
50 170 195
105 112
16 299
174 260 301
134 291
14 77 263
59 117
293 295 325
33 207 262
27 84
43 242 294
57 192
8 10 132
31 85 100
76 205
35 77 180
4 302
119 145 168
50 189
160 320
54 82 265
50 158 319
78 121 162
26 73 108
16 17 138
106 205
59 130
17 133
182 200
80 152
186 319
57 205
231 240 263
5 198 320
17 45 146
11 111 249
202 222 255
76 133 242
112 262
57 81 162
50 146 214
106 116 172
12 46 93
119 157
17 146
8 121 218
52 117 184
143 290 302
74 79 102
51 107
142 262
34 284 296
155 201
54 55 121
135 286 291
144 204 296
14 224 285
214 286
167 211
5 112
255 267 314
21 195 273
68 168
12 46 106
40 106
68 157 269
16 36 83
212 213 310
134 237 260
141 256 262
77 100 162
223 227
25 156 222
161 282 313
32 107
141 279
54 55 134
59 183 193
114 244 245
70 106
50 51 195
251 265 276
176 183 255
74 225
93 238
35 86 93
77 107 178
29 30 232
66 67 68
64 99 107
67 222
53 173 186
114 124 301
130 278
171 279
132 287
285 300
104 225
48 64
59 164 193
53 179
20 21 166
180 220
144 297
68 168 269
201 279
35 86 106
113 166
15 106 107
233 253 255
29 57 82
71 74 79
16 63 175
141 204 290
185 190
171 292
10 121 218
85 115 126
59 157 274
31 160 208
57 126
102 124 188
3 30 107
185 311
76 77 177
124 301
243 252
105 149 242
201 292
35 144 289
66 67
121 183 243
134 238
14 238 276
117 161 176
97 319
50 244
206 207 253
22 145
195 234 257
228 250
71 303
48 319
76 100 137
55 123 244
64 263
171 204 264
31 55 60
300 302 304
107 231 285
31 57 69
81 82 263
256 325
168 212
121 137
16 35 75
28 57 81
140 201 284
43 217
144 271 284
147 202 293
19 149 242
160 177 285
149 320
176 194
87 107 231
91 106 115
87 110 236
51 195 313
188 204
8 141 144
17 59 112
51 183 195
70 148
55 134 244
77 107
130 199
48 173 270
135 277
176 315
46 60 301
61 99
11 242 248
10 282
216 217 304
21 148
58 86 170
130 320
50 92 167
19 223
57 162 276
213 214 247
150 154
76 126 162
158 274
212 254 295
60 69 113
88 215
126 162 185
126 208 301
16 46
48 59 117
227 229
101 112 166
125 218
38 39 70
94 164 168
14 121
160 175
37 71 170
126 134 244
81 86 236
27 60
46 110
240 263 311
59 102 151
98 148 188
66 186 195
35 180
81 263 283
34 262 295
92 162
140 247 254
39 70
231 240
83 113
59 180 192
74 293
21 39 70
60 129
10 59 213
208 229
267 286 295
45 88 133
202 214 286
14 134
41 237
206 284 286
187 291
30 78
16 180
90 129
8 10 121
222 248
48 79 166
257 267 271
34 146 325
64 76
41 129
4 227 242
36 59 125
14 77 265
146 247 286
10 204 284
8 302
8 286 298
103 310
35 160 180
3 30 175
17 243
215 258
76 134 190
214 262
300 302
112 251
186 200
217 304
34 212 325
4 196
102 195 257
119 146
105 248
42 117 162
8 315
106 137 220
158 183 201
80 154
34 203 212
86 236 285
143 290 291
73 151
146 213 247
86 90
4 112 251
99 125 173
177 208
77 270
118 157 274
126 162
8 271 272
68 157
48 166 201
107 177 238
87 177 237
77 162
177 234 298
77 178 219
93 106
143 290 304
0 154 320
34 147 293
26 52
83 107 129
146 199 325
99 106 173
51 230
34 133 250
158 198 320
10 73 298
50 159 168
54 55 244
144 165
82 134 235
28 219
139 248 292
93 131 160
14 55
10 286 298
102 169 230
81 86 170
59 195 313
139 242 248
42 162 244
68 157 163
8 133 149
59 274 313
243 250 284
0 278
57 126 162
60 63
81 122
122 123
111 112 305
72 117 176
0 170
55 69
89 212 218
5 248
8 140 165
29 57 192
3 107 114
37 173
97 187
74 124 186
44 297
12 91 106
173 182
36 40 46
50 66 195
236 238
17 227 248
106 128
10 144 204
212 295
188 195 204
52 53 173
37 121 180
262 264 286
23 50 59
132 302
71 89 325
17 197 261
250 294
76 100 126
135 141 143
23 251
97 200
103 223 280
246 260 285
91 126
36 190
22 50 156
4 210 286
171 195 204
97 176 183
173 195
36 87 134
219 311
11 133
107 129 263
67 156 222
149 217 234
36 121 132
8 177 302
50 246
77 83
173 316
76 78 121
15 144
96 106 301
4 251
45 252
79 101 102
135 143 165
198 201
1 101
128 142
152 270
59 156 158
46 70 106
102 195 204
34 214 281
135 143 286
228 265
63 82 113
55 106 134
80 101
102 257 264
50 157 164
52 173 200
60 63 82
140 204 291
202 212
126 174 208
12 88
99 106 107
180 192 232
60 276 311
165 204 257
140 257 302
278 320
267 314
214 222
104 216 297
76 133 191
198 214
117 193 200
11 112 248
141 290 304
216 268
125 158 317
67 145
70 150
121 123 311
135 279
55 87 134
63 82 126
138 158 160
88 204
268 287 298
19 104
10 284
54 106 116
170 273
50 146 284
49 212
21 150
134 238 276
21 170 273
77 100 219
15 16 137
35 54 77
143 284 298
70 151 168
82 113 123
150 156
118 172 182
301 325
16 83 107
23 51
8 234 286
33 281
177 237 263
48 68 168
123 174
29 57 126
21 163
297 298 302
76 77 100
179 200 230
160 177
78 107 121
31 107 160
73 102 169
159 168 189
71 79 93
139 216 300
83 115
84 93 100
45 227 294
111 292 304
27 84 100
87 134 190
15 65
109 110 235
37 120
78 121
50 67 71
12 133 242
33 207 253
27 35 100
27 75
137 138 180
199 202 253
16 175 180
8 24 287
104 295
16 174 221
102 119 130
134 174
212 242
90 106 129
7 27 100
275 298
17 146 243
50 168 274
140 165 284
13 231 265
270 304
94 148 151
99 193
60 126 244
21 50 72
76 209
16 75 191
122 123 263
257 267 286
26 52 53
44 211 228
17 245
300 304
11 201
27 46 63
140 146 284
222 226 309
117 184 193
74 262 322
22 161 176
270 317
138 221 258
3 85 126
73 153
174 205
28 31 85
67 79
17 258
71 148 168
54 71 93
20 94 151
14 55 238
12 102 258
144 257 298
20 24 92
81 93 162
14 134 238
146 199 206
13 126 174
89 218
37 71 93
35 124 255
37 90 106
34 147 295
201 280 290
183 267
158 198 201
59 79 127
72 170
10 50 195
144 275
56 162
37 41 106
28 100
21 72 170
147 250 296
142 222 262
112 166 261
77 107 169
94 158 168
177 181 265
16 111 261
62 98
54 55 246
8 111 271
90 100 178
125 154
37 41
17 44 59
93 131 162
107 285
59 130 186
187 201 291
50 261 302
198 203 207
71 214 252
72 183
56 175
116 226
57 85 126
93 121 238
111 234 297
141 262 286
48 176
121 220 288
166 168
160 180 198
35 63 86
81 238 283
8 22 175
50 119 195
202 214 222
36 57 160
111 271 300
132 291
57 175 177
16 116
208 286
71 170 195
48 176 183
216 271 300
50 59 302
8 201 298
16 40 47
252 254 256
146 147 284
20 127
166 181
9 234
71 183 255
8 238
132 304
148 157 269
170 182 183
250 296
70 80 130
42 77 134
161 187
133 135 302
73 74
275 280 304
138 240
144 165 280
91 128
3 15
46 93 106
17 71 245
173 182 184
135 201 280
26 52 108
279 300
64 146
17 71
8 149 242
140 141
8 10 312
34 226 280
143 267 280
59 112 225
12 77
66 313
35 37 180
137 261 301
146 253 255
74 79 148
198 203
13 224 266
59 200 230
214 296 325
101 270
62 214 274
37 106 129
10 111 284
174 260
10 37 69
99 287 292
55 134 235
3 15 85
154 318
78 160 162
46 60 63
63 82 115
140 284 286
42 100 107
134 235 260
183 201
188 316
59 170 179
12 90
28 36 147
77 219
10 201 298
50 92 158
121 262
140 275
106 125 172
234 297 298
257 271
11 103 201
149 223 242
50 145 169
125 158 319
0 1 320
39 48
70 152
58 98
176 319
42 81 107
234 260
60 107
16 37
55 121 134
21 152
227 247 286
134 260 266
81 166
26 230
147 202 310
72 117
89 286
264 287
28 276
162 276
90 116 177
79 278
137 219
21 273
213 214
74 173 186
52 59 170
76 137 261
223 242 280
51 66 270
145 167 274
82 126 185
264 300
248 292
55 265 276
27 64
118 182
12 77 107
24 70 166
28 35 113
51 230 270
91 126 208
35 77 160
6 126
83 117
50 169
275 287
91 205 208
31 74 106
85 126
30 190
119 157 158
76 77
52 53 230
33 249 252
55 246 276
99 182
88 267 280
28 35 126
115 126
175 177
60 114 115
214 254 286
8 177 238
50 182
44 133 297
31 55 106
57 77
140 165 286
32 107 121
158 190 232
71 74 151
59 117 274
50 156 158
119 145 282
175 238 249
94 143 304
22 119 168
66 99 270
8 286 302
99 195
140 146 165
55 86 236
175 190
3 85 115
82 123 263
207 293 325
51 102 195
71 148 157
99 316
14 224 265
24 142
10 207
84 193
87 198
116 125 177
31 37
144 250 284
149 258
31 36 190
44 144 297
132 144 284
34 147 284
244 266
88 140 171
55 162 244
72 159
130 198 199
77 100 263
88 140
126 166
137 261
70 151 212
23 51 313
26 179 230
295 325
177 234 302
42 81 162
132 144 297
201 280 292
17 59 292
77 83 107
59 183 186
72 172
222 253 255
176 266
21 72 172
17 19 112
222 248 325
172 259 313
147 284 296
53 173 179
20 21 38
170 195 273
22 125 187
126 162 244
162 223
51 94 158
104 218
71 214 254
198 206 214
218 225 228
56 177
74 124 177
32 37 121
21 163 303
44 59
34 280
59 71 79
59 117 195
125 169
166 170
37 285
17 204 292
68 94 168
60 64 107
70 106 172
111 271 302
21 166 170
178 180
166 176 187
215 280 297
10 35 144
117 170
29 57
268 302
55 244 285
35 77 107
4 229
45 294 297
8 284 298
157 242
141 143 165
41 296
75 178 191
173 186
50 195 313
10 35 36
45 111 297
1 79
50 183 195
298 302
124 186
122 219 311
110 251
5 221 258
55 86
121 134 236
8 121 132
291 299
74 177 322
117 183
208 301
78 191
284 296
133 297 302
183 198 201
8 132
119 146 158
217 242
43 89
231 240 311
173 182 186
102 151 152
177 298 302
133 248 302
134 224 235
62 71 214
57 276 301
19 223 292
119 158 168
214 321
12 17 258
11 258
28 90 251
126 208
291 312
50 146 262
59 112 227
31 92
58 195
48 201 204
31 64 115
77 208
3 30
8 135 201
94 148
176 187
208 232 286
96 107 126
257 287 298
94 119 163
21 94 148
79 93 107
201 290 298
15 60 77
135 143 290
77 100
50 157 168
140 201 290
63 86 236
10 275
191 323
10 284 298
267 318
257 268 298
77 83 162
125 169 187
74 90 177
16 83 219
82 126 174
0 142 153
183 243 296
39 92 162
55 246 265
25 150 222
199 262 295
22 119 157
32 107 231
36 82 115
44 144 165
59 242 271
8 290 302
36 93 129
76 162 174
102 119 147
29 81 82
86 244 260
40 100 315
15 35 75
143 271 284
138 221 262
202 206 255
248 295 325
94 163 274
216 280 300
22 125 176
15 16 75
144 284 297
202 203 226
48 200 262
57 126 276
133 242 258
25 150 156
20 79 166
137 221 261
84 100 162
111 271 304
216 271 304
48 206 295
204 302 309
34 249 255
35 113 166
21 98 148
17 45 88
87 177 285
257 268 287
66 72 99
148 151 188
234 297 302
36 55 160
202 212 222
30 160 191
126 162 301
36 134 160
144 300 309
76 137 265
68 71 157
97 125 172
14 123 134
50 214 262
16 177 219
96 106 107
162 185 244
13 123 311
83 162 209
55 134 160
147 160 262
13 134 311
195 259 313
48 97 204
86 251 265
54 71 86
118 157 269
11 228 242
88 141 242
198 255 256
21 172 273
216 280 289
64 76 131
57 69 162
89 248 325
51 157 313
59 102 188
54 106 285
142 153 155
25 74 150
101 112 216
213 214 310
50 51 313
39 48 213
51 102 107
88 216 280
16 91 126
81 82 126
159 189 201
226 280 281
60 77 107
29 81 126
141 143 290
119 163 274
4 227 305
52 173 182
16 176 183
4 89 196
16 35 180
41 129 134
113 115 126
174 238 260
16 30 78
124 177 301
48 163 303
70 79 166
8 57 83
11 17 248
204 264 287
59 74 302
100 162 185
125 176 315
257 298 302
20 24 166
17 19 292
59 157 313
66 67 241
115 175 177
134 176 291
171 206 292
139 141 242
30 175 191
257 267 268
100 129 263
126 166 276
240 245 263
31 92 115
21 80 151
50 51 168
36 63 82
271 284 300
87 107 175
72 170 195
105 133 258
142 146 262
75 113 123
123 134 174
204 257 302
71 195 234
198 206 207
15 46 106
150 156 222
134 174 260
206 207 226
10 66 268
81 126 185
112 221 262
35 77 100
81 122 187
31 37 100
4 35 124
51 102 230
227 248 302
185 265 276
74 114 151
202 253 255
50 157 269
81 82 262
56 126 134
42 107 263
134 238 260
22 176 187
202 212 213
92 217 248
51 173 270
90 91 115
66 67 230
82 113 120
31 63 74
60 64 263
59 71 127
4 35 166
71 72 195
268 300 304
204 300 309
30 175 301
111 162 191
16 175 177
24 39 70
137 178 219
77 78 308
225 242 258
71 183 197
31 74 114
243 284 296
137 178 232
8 144 298
135 171 279
94 148 269
177 185 301
52 99 182
60 114 244
38 70 108
116 125 172
10 36 160
70 212 325
54 97 106
125 172 183
63 107 114
4 5 124
87 107 285
228 248 292
23 145 172
59 158 232
58 86 224
52 59 99
50 51 183
226 295 325
111 271 284
139 141 286
89 212 325
59 71 74
59 71 195
50 156 195
281 302 309
76 162 209
71 74 80
30 191 192
284 286 298
76 125 182
195 257 313
4 196 286
34 243 325
92 148 269
33 241 252
109 238 283
52 173 186
52 124 186
8 74 186
54 55 285
77 83 265
20 94 95
38 39 166
111 112 225
8 74 320
105 242 258
94 95 164
21 39 166
202 293 325
20 95 158
59 117 124
218 289
59 180 301
72 117 230
111 284 304
166 170 176
81 82 185
81 91 126
48 166 176
31 92 106
59 167 213
22 156 168
143 165 284
45 228 248
137 160 301
161 176 187
14 134 224
37 64 76
21 148 151
170 195 257
59 192 232
109 244 263
111 297 302
67 68 71
175 177 238
54 59 71
8 57 276
36 147 160
121 217 218
19 149 206
183 226 247
16 40 46
280 292 295
8 10 298
130 193
60 77 113
102 195 313
146 199 247
99 173 270
13 224 265
146 214 262
79 110 236
83 209 220
17 59 102
42 81 93
125 173 182
35 264 289
42 93 224
100 162 178
111 112 227
21 26 108
57 126 205
173 183 195
86 93 224
50 52 182
76 77 209
92 151 248
31 74 92
117 183 226
14 77 134
55 123 276
214 215 280
178 190 219
41 85 126
107 238 249
165 267 286
171 280 304
52 99 173
70 79 80
86 224 265
138 158 190
28 57 126
214 222 309
59 79 102
16 90 177
52 182 184
235 244 251
21 38 39
21 170 195
55 57 69
51 173 195
30 93 238
186 195 319
5 197 221
140 247 286
5 225
13 86 224
66 67 168
230 249 262
14 121 246
54 224 285
151 182 188
268 284 298
133 135 277
110 134 235
11 248 312
16 35 41
201 279 321
225 228 261
53 66 186
50 130 183
172 195 259
78 121 209
31 55 160
223 280 292
34 249 252
27 46 106
31 85 160
171 176 315
138 158 258
60 107 263
48 222 262
48 117 182
125 169 173
20 26 73
36 57 190
59 102 130
50 94 168
198 213 214
111 250 284
13 123 174
160 162 308
204 300 302
34 243 250
70 92 183
215 286 287
103 148 151
13 134 174
57 82 126
23 154 282
47 126 162
16 35 230
17 45 248
8 227 302
28 91 126
111 216 271
52 59 200
206 281 302
169 176 187
20 21 26
130 183 198
