8 140 144
247 255
132 268
268 284 287
48 202 213
49 270
50 66 282
111 206 296
30 180 185
76 107
62 74 124
30 78 174
240 265 283
214 241 256
55 244 260
178 260 265
71 170 172
123 244 283
81 166 276
204 268 284
59 125 182
11 149 201
74 148 293
0 270
33 202 207
126 134 291
160 222
24 26 166
27 107
30 131 185
65 100 178
107 178 185
144 279 302
21 148 168
224 244 285
31 35 36
48 166
139 284
254 271
20 21 39
141 204 271
157 158 313
199 214 295
8 83 175
135 204 286
21 48 166
48 74 270
138 180 219
83 160
198 254 256
121 235 263
60 145 168
48 183 213
97 158 172
82 121 126
60 208 224
48 58
10 144 304
92 101
63 113 126
121 231 265
8 284 286
144 165 257
93 107 121
59 147 183
139 141 292
88 103 215
88 204 267
71 172 194
60 126 276
31 60 106
147 214 295
81 126 301
131 177
102 140 298
160 190 209
79 80 130
42 55 244
141 201 279
37 100 113
69 134 174
12 93 107
202 207 293
39 92 108
48 179
135 201 257
71 79 151
65 160 178
17 111 294
10 111 248
133 223
37 286
106 120
171 176 291
147 198 206
227 248 297
236 240 251
48 72 173
121 235 276
154 282
212 241 254
76 78 100
83 138 197
81 110 185
132 135 144
37 160 285
207 293
82 123 185
204 290 298
147 160 301
135 143 144
37 107 129
56 76 174
88 204 280
8 140 291
66 145 200
207 254 255
81 121 236
113 148 166
81 107 301
121 224 238
141 284 290
131 190
71 102 148
23 167 168
32 93 121
81 82 244
8 59 302
1 80
53 179 186
102 142 320
48 50 168
45 228 294
279 290
93 115 116
78 83 185
149 279 286
41 106 134
48 72 186
48 53 173
108 179
58 62
27 90 178
3 126
133 162 223
66 182
8 272 302
107 258 261
8 10 302
215 242 248
64 75 120
1 24 154
291 300
52 173 179
59 66 99
78 162 185
81 137 301
165 271 290
33 253 255
16 116 129
119 282 313
59 179
104 242 292
85 91 126
27 41 178
15 77 113
3 247
58 183
61 125 182
10 201 275
75 123
61 188
35 180 219
132 279 286
126 317
143 144 284
231 244 246
92 147 158
4 215 305
149 225 292
146 214 253
38 142 153
53 72 73
95 155 158
81 260 263
21 70 193
77 83 137
22 67 155
93 115 129
214 226 256
16 60 126
3 15 75
213 295 325
11 17 111
100 219 232
55 106 126
267 271 302
11 228 294
88 215 280
14 55 283
0 70
141 177 298
31 93 107
21 80 322
271 304
104 204 279
147 243 325
57 97 192
104 223 292
132 225 292
107 177 285
14 134 283
63 74 106
81 134 245
77 209
124 179 186
146 202 256
178 265 301
176 188
77 137 265
89 104 248
66 230 270
204 264 271
59 61 118
59 102 119
141 144 242
130 158 183
167 168 269
149 206 292
202 325
201 271 286
226 253 255
15 28 126
54 91 93
50 145 159
95 199
203 309 310
109 134
143 204 284
260 266
135 267 290
242 243 250
135 165 279
24 98 148
52 59 147
42 309
111 112 218
198 202 310
50 92 269
123 134 224
135 271
202 206 309
9 132
24 73 320
48 170 195
72 179 186
49 230 270
82 126 162
17 59 227
63 115 120
59 169 186
135 165 171
204 263
171 315
286 290 302
10 140 291
202 214 254
125 173 186
74 153
19 217
170 183 198
204 264 284
243 252 256
123 265 276
37 84 90
48 183 255
8 238 276
70 206 325
93 121 162
143 284 290
10 59 302
34 202
183 243 284
132 297 302
20 38
262 325
165 217 322
74 274
33 202 262
61 66 99
99 124 186
77 106 231
16 40
97 125 158
54 110 240
35 253 255
76 121 162
20 21 94
171 267 286
125 212
111 227 302
11 218 248
103 104 242
83 215
69 280
123 126 174
60 231
55 265 266
86 123 134
86 109 236
44 223
118 172
60 231 263
217 289 302
26 124 188
71 97
76 175
50 52 186
66 125 179
50 159
121 162 220
81 122 237
140 144 204
54 82 235
173 229
85 100 160
252 293
106 114 120
30 180
131 232
16 100 106
4 83 215
48 172 230
13 231 244
34 212 293
87 238 239
105 216
22 119 145
50 280
114 236 244
9 279
55 81 162
74 214 247
99 172
81 121 170
21 50 51
46 96 301
30 301
54 86 246
11 59
117 226
81 110 240
7 37 100
41 178 237
36 107 160
50 172
55 81 283
20 92 108
8 175
279 280 290
14 42 265
74 114 201
21 50 172
167 168
139 291 304
213 310 325
36 40 106
271 280 300
19 59 227
20 48 186
24 99 173
122 123 134
105 229
28 110 236
182 183
51 155 156
146 198 243
121 191 237
284 292 295
80 148 168
6 36 93
26 52 274
165 201 286
36 93 238
21 70 127
15 137 219
144 264 280
242 248 286
10 275 279
165 204 291
214 215 297
11 17 45
4 89 248
17 228 250
122 263 265
95 164 326
172 183 319
54 81 265
186 194
106 120 126
165 280 286
170 186
103 149 216
206 211 249
1 148
147 202
196 242 248
179 184 186
21 170 186
3 16 126
76 126 185
206 213 295
10 141 171
174 185 301
1 102 142
170 186 188
123 134 266
224 231 265
33 34 249
36 76 126
76 180 192
236 237 263
8 225 258
26 102 108
6 36 106
23 118 172
143 165 290
67 71
81 185 265
267 280 298
140 271 284
279 302 304
37 41 85
75 191
71 125 176
26 53 108
28 65 75
59 61 173
176 179 291
60 82 263
144 257 290
36 106 126
23 145 167
26 154
76 107 185
173 179 186
212 213 293
10 50 66
8 171 264
89 196 242
144 146
89 210
106 162 220
36 57 126
93 100
5 216
151 270
170 320
267 287 314
134 260 311
201 257 298
50 71 157
141 262
216 268 291
8 201 264
48 124 255
69 93
148 157
146 206 214
132 149
21 102 270
144 279 291
48 68 94
144 298 304
81 245 265
178 265
257 284 298
21 148 157
238 316
255 256
147 284 286
6 47 69
146 147 250
20 93
35 65 138
12 34 213
101 130 148
206 212 325
148 278
135 140 290
5 229
48 49 202
286 292 295
257 279 304
267 268 314
36 37 160
135 257 286
141 275
19 133 242
107 125 176
139 165
63 113 115
103 104 297
51 94 269
59 125 184
13 123 231
106 129 177
122 265 283
8 140 267
72 193 273
71 152
93 100 107
77 106 178
98 161 176
70 71 168
48 168
198 206 325
20 21 270
139 286
298 302 304
160 180 190
171 275
50 214
135 264 302
157 163 164
83 162
139 289 300
21 48 168
111 271 292
147 203 310
191 192 232
99 106
118 119
106 114 175
215 280 287
102 107 231
198 203 212
87 134 237
87 175 238
103 225
122 238
101 148 151
76 100 107
21 71 273
83 113 129
78 168
76 77 160
82 123 174
10 69 132
91 107
8 135 165
23 50 161
66 145 189
25 278
261 289
8 112 218
55 56 160
112 166
60 96 106
50 170 246
22 161 318
175 180 232
162 180 220
87 109
216 225 297
48 50 157
4 111
145 168 274
20 39 71
55 81 109
36 63
8 135 286
108 168
123 126 134
3 115
209 220
65 93 126
121 238 283
23 168 274
8 10 291
17 89 133
13 55 86
207 295
144 165 272
171 264 298
31 64 92
170 186 230
80 190
4 254 286
12 292 295
8 165 286
81 121 238
74 79 127
82 121 262
60 77 106
76 83 301
88 104 280
59 79 148
8 59 304
117 170 184
30 177 265
71 206 207
207 247 254
17 133 297
104 196 286
193 252
48 50 170
31 190
206 248 250
71 169 325
5 221 261
135 143 267
34 214 262
40 69 106
12 17 248
28 85 126
267 271 291
52 249
206 250 296
143 144 165
54 81 91
147 222 255
140 201 267
170 241
63 115
214 222 247
69 82 120
6 36 40
74 102 151
134 238 244
206 243 293
104 242 294
119 195
48 163 168
8 204 291
57 69 82
121 170 246
28 36 126
146 262 296
135 139
198 207 293
140 254
16 90 115
267 295
143 144 286
125 170 187
8 257 302
59 167 274
132 135 280
49 72
50 118 274
114 201
10 171 290
21 70 195
55 236 238
158 244
191 192
135 143 280
8 74 302
267 271 304
16 183 198
94 119 274
14 55 285
140 201 280
177 195 234
59 74 167
213 247 286
103 149 284
183 193
202 206
198 255 310
59 151 158
42 107 260
46 106 107
107 260 285
86 237 276
86 260
16 36 121
14 134 285
146 199 253
10 22 59
146 243 296
10 140 280
19 206
10 217 234
149 289 292
52 61 74
43 88 133
121 185 244
51 158
82 262
123 263
149 292 297
251 260 263
16 64 75
48 117 186
26 101
21 51 158
144 322
139 216 268
278 322
206 254 256
28 147
8 127 141
57 85 160
19 44 242
14 237 238
21 130 158
226 309 310
206 256 302
32 37
8 57 82
103 149 297
132 289 292
46 87 107
62 145
46 106 120
7 209
139 144 284
55 82 134
3 35 126
264 279
286 290 304
35 54 71
229 258
54 106 231
130 158 198
206 302 310
50 94 172
123 276
65 84 106
51 230 249
264 291 298
42 134 231
81 263 266
133 149 258
153 155
41 90 100
257 286 291
150 156 274
42 131 162
34 280 295
121 162 209
202 247 325
21 127 166
117 169 200
10 112 315
143 279 298
86 123 244
62 70 183
137 198 320
22 118 313
118 282
52 74 147
93 100 162
296 325
140 143 264
54 237 283
134 263
15 46
78 100 220
166 215
103 292 295
180 198 232
12 87 107
257 290 302
74 101 130
48 49 270
214 280 281
17 18 295
30 175 177
71 99
213 222 309
180 191 192
62 279
23 71 154
223 248 292
240 285
92 158
23 161 313
48 176 230
93 107 178
21 108 166
17 215 287
37 107 173
215 228
107 113 126
50 58 124
7 90 100
217 262 322
233 282
4 166 215
145 169
34 213 254
48 79 270
145 161 168
81 110 121
134 276
29 82 126
111 292
59 102
4 166
105 218
124 231
22 50 313
17 105
48 72 230
289 298
50 158 183
35 37 93
16 35 100
52 62
92 158 270
86 134 244
57 177
76 190
50 74 189
69 162 185
80 148 157
43 242
14 122 260
27 220 224
171 204 302
50 62 71
81 265 301
78 83 121
135 143 201
182 293
214 215 286
279 280 292
51 118 155
8 10 238
48 222 295
37 255 286
271 280 302
55 160 285
171 257 313
81 110 134
81 82 301
87 177
40 65
3 16 115
48 53 230
8 298
59 72 200
16 35 113
10 264 267
54 134 238
82 174 301
141 144 165
218 289 297
284 292 297
80 106 173
207 214 253
16 28 110
10 257 264
237 266 283
177 191
3 75
79 119 168
59 172 259
56 134 185
207 254 325
48 71 176
88 215 216
141 177 234
255 267 286
226 254 295
238 276 301
101 317
216 304
29 76 78
104 149 279
100 129
100 137 220
36 55 69
135 315
15 35 65
52 117 169
81 276 301
121 188
80 150
102 257 313
54 134 251
109 251 285
10 320
109 122 134
206 247 295
48 147 255
110 244 276
271 291 302
35 84
59 151 213
147 325
21 186
54 55 106
143 264 271
146 213 243
197 221 235
50 51 167
279 286 298
280 302
253 255 295
10 59 117
12 258
231 237 276
36 55 82
212 213 295
89 212
8 143 204
138 180 197
102 151
135 140 279
201 280 284
8 291 304
16 180 197
0 153 320
68 274
16 84
71 94 168
29 57 162
52 170 193
54 77 107
7 35
38 39 108
162 323
17 88 204
59 125 173
201 291 298
10 217 302
280 315
86 246 285
24 102 152
141 201 257
111 211 294
48 157
139 275
254 262
20 95
133 135 149
8 171 279
37 77 107
171 264
206 295 325
201 286 304
143 165
17 19 225
34 255 293
48 183 204
50 94 119
131 160 185
24 70 92
74 150 222
87 236 237
81 226
82 231 285
143 171 298
48 49
20 21 151
166 270
71 170 176
97 170
34 146 242
26 148 188
34 206 293
72 125 141
93 126 162
53 230 274
157 163 274
59 125 186
201 264
70 92 108
8 98
82 265 283
260 263 276
159 267
12 17 103
74 114 124
50 168 189
147 214 286
30 175 232
11 103
71 154
28 81 276
86 106 224
225 242 297
257 264 304
48 170
34 243 296
204 279 302
76 77 270
17 245 285
201 267 304
21 48 170
147 226 296
27 60 85
135 264 304
302 309 310
51 119 156
99 176 187
75 123 126
141 257 286
135 298 302
103 227
249 281
15 114
16 75 106
59 157
51 158 269
4 221
97 183
143 299
22 94 145
70 71 183
59 71 313
34 212 242
59 117 200
10 143 204
20 39 73
40 47 107
16 37 120
267 271 280
36 87 238
57 82 185
214 247 293
63 114 301
135 279 302
98 125
157 269 282
54 55
126 166 317
224 237
206 262 295
204 290 302
147 160 305
50 186 313
183 226 255
61 125 173
106 137 258
75 114
124 198 214
102 287 298
57 91 126
106 236 237
28 219 236
198 226 295
38 232
125 170 176
20 80 168
16 17 299
117 170 186
21 172 195
48 50 172
8 177 298
77 308
237 238 276
206 292 295
35 106 116
121 122
107 187
112 302
16 78 107
23 51 118
67 167 168
23 95 161
34 295 310
144 171 267
58 187
199 206 262
29 97 192
165 264 291
15 35 120
176 179
93 131 185
121 243
198 207 295
48 222 255
46 69
146 255 295
28 64 311
37 64 126
23 95 282
76 126 134
11 59 112
30 102 106
72 73 74
46 69 106
116 249
195 313
33 241 262
52 264
0 74
59 61 230
81 86 87
134 263 316
48 170 186
76 177 301
183 195
66 67 95
274 313
141 198
72 98
144 171 280
43 227 294
119 164 274
146 183 247
55 87 238
8 248 312
133 217 297
140 279 286
149 216 304
101 102 130
14 93
79 102 124
107 123 174
183 316
43 44 294
71 168 172
237 251 285
202 226 255
86 121 224
7 140 257
135 275
81 224 263
51 94 313
47 162
107 160 177
93 278
62 70 172
217 218 228
77 78 160
138 178 219
81 93 224
8 125 218
204 271 291
190 209 219
226 255
76 77 83
23 155
173 176 187
257 290 291
165 275
64 224 263
159 201
118 163
16 174 191
208 322
141 201 204
26 39 71
14 82 231
92 147
6 107
94 164 274
9 149
107 160 190
55 260 263
74 278
124 176 255
107 113 115
215 217
214 253 325
121 180 265
71 72 73
145 158
34 213 243
233 253 295
236 276
71 80 193
54 237 285
134 265
23 168
83 219
254 262 325
20 130 270
248 286
37 153 170
71 101
54 86 237
16 165
177 208 322
48 117
111 217 234
8 59 227
16 63 107
79 101 127
43 133 217
121 244 263
121 263 276
55 260 276
37 65 178
87 245 246
46 63 236
268 292 304
16 100 110
140 165 267
84 100 220
135 141 302
157 167 168
50 284
206 207 293
10 248 312
289 300
125 154 166
8 287
12 17 292
106 114 245
30 305
82 276 301
86 134 246
38 166
81 110 244
60 82 120
80 106 162
9 216 248
238 265 276
59 225
174 175
33 206 226
35 71 93
171 204 304
74 225 302
121 244 276
144 204 257
10 160 320
48 72 124
8 121 300
8 74 225
16 197 285
5 17 138
61 176 230
71 125 154
175 185 232
126 134
56 134 174
271 280 304
255 267 275
140 165 280
125 186 212
213 293 325
8 141 171
147 243 250
175 178 192
8 300
17 242 297
89 294 297
54 236 251
16 35 115
35 138 160
37 76 178
98 193
60 63 120
47 84 107
59 66 158
169 184 230
218 228 289
143 201 204
265 266 276
238 246 276
89 111 297
146 158 296
165 201 290
144 264 284
132 216 289
71 148 151
123 180 265
69 107 126
52 108 230
55 224 285
140 141 165
299 304
16 106 116
215 227 305
54 244
37 106 178
193 322
76 107 176
43 227 228
55 60 69
21 193 322
102 140
97 170 257
43 89 294
48 124 125
140 141 286
280 289 302
147 222 325
79 193
47 65 107
244 260
51 94
43 44 228
71 94 157
35 86
21 79 193
16 69 126
55 57 185
123 231 324
147 301 325
8 111 133
235 260 311
70 80
121 311
0 21
20 176 186
280 304
88 242 297
95 161 274
140 171 286
103 216 223
16 298 299
77 185 220
213 250
204 257 290
123 134 283
162 204
148 269
0 142
212 247 295
118 269 274
222 262 325
201 280 286
59 148 186
48 202 206
121 276 311
107 114 301
48 59 157
201 279 290
7 37
204 322
7 140 204
42 260
10 195 286
22 155 168
88 89 297
30 131 178
201 275 292
165 302 304
27 100
151 166
21 322
77 106 169
94 157 168
73 74 108
59 118 172
186 313 319
77 78 107
24 102 154
71 80 127
53 274
59 117 176
158 274 313
111 215
82 235 285
3 35 75
317 320
59 180 232
9 204
55 81 87
11 248 294
206 223
151 287
25 148
48 255 311
217 234 304
3 28 35
83 138 177
30 180 191
50 52 124
214 241 262
144 267 298
60 78 107
204 284 298
118 155 158
144 165 250
4 210
97 172
234 298 302
107 174 301
147 198 307
36 87 106
11 105
264 286 290
263 311 316
102 140 291
93 160 162
140 165 201
134 246 285
37 100 106
35 77 209
53 124 230
141 143 267
21 48 172
20 70 166
114 120 236
57 82 174
160 190 323
60 115 231
103 229
53 61 66
76 160 162
52 62 99
144 146 250
62 71 74
8 284 292
31 60
172 186 313
76 162 208
242 280
165 264 267
5 124 198
206 223 292
121 224 231
137 162 265
64 107 173
15 237
235 240
18 242
133 229
216 225 301
141 143 280
64 129
17 54
50 172 259
8 135 290
24 92 108
14 55 263
54 81 82
135 279 304
86 235 245
60 115 244
103 242
123 276 311
1 194
106 247
10 37 160
50 269 313
206 243 284
36 121 238
14 134 263
15 77 106
58 176
66 99 319
59 172 195
165 264 280
13 122 265
271 289 300
286 299
17 112 242
47 84 162
10 135
55 86 285
59 313 319
126 174 301
133 242
21 24 70
35 84 100
135 143 271
121 123 283
11 17 104
55 87 106
110 235 244
80 157 168
8 132 234
14 55 276
60 77 231
140 201 271
27 46 114
57 76 126
231 235 311
117 124 193
109 235
103 149 275
140 264 290
8 227 242
21 79 127
39 70 166
86 251
76 126 244
146 158 243
14 134 276
83 93 113
36 76 185
143 144 290
286 312
198 199
47 65 162
46 71
225 302
33 226 249
231 265 311
114 205
31 106 190
130 186
19 248 292
135 264
48 124 301
76 133 297
198 320
19 89
48 189 201
51 270
74 92 167
31 57 190
271 310
104 133
183 197
0 24 142
71 212 325
103 267 280
74 108 148
4 286 312
10 284 292
86 240 285
102 208
71 73 166
48 124 193
35 100 178
19 210
240 263 285
55 121 238
224 246 285
217 225 297
36 83 93
143 204 290
10 279 298
267 284 304
108 148 230
158 261
259 313
55 82 246
72 186 195
105 149 258
41 90
13 257
140 286 304
50 52 58
77 78 162
81 162
202 212 214
20 152
52 59 274
97 106
60 224
147 214 222
135 271 280
20 49 270
76 121 276
7 204 257
45 88 228
54 107 285
17 111 221
135 292 302
111 162
212 214
72 172 273
51 158 313
24 39 166
85 109
148 157 186
141 284 325
107 175 177
84 100 209
135 141 291
146 233 325
48 188 204
72 125 319
99 144 292
37 107 285
8 276
195 234 286
73 92 166
35 37 84
86 134 235
76 181
103 284
120 224
106 107 231
207 293 295
210 227 286
19 149 258
55 81 276
106 110 236
112 225
171 257 304
135 141 304
102 151 188
18 297
107 238 246
8 144 165
50 155 182
251 276
22 187
228 292
115 175 301
67 79 163
10 69
238 246 265
24 99 287
59 227
20 48 71
16 116 177
17 298 302
12 115
76 162 276
6 16 107
158 183 296
102 158 204
107 123
186 187
170 179
13 55 266
149 242 280
40 69
147 202 214
91 178 205
15 60 113
82 106 134
5 17 261
76 106 236
6 46 107
10 264 271
102 188 204
98 195
27 106 220
34 202 203
202 252
72 170 172
174 190
246 295
135 171 280
8 218 248
144 264 286
28 75 113
267 280 291
50 51 158
121 300
111 304 315
52 200
98 316
258 305
5 88
63 66
222 248 295
104 292 295
149 223 280
12 249
81 134 185
8 125 141
158 166 261
311 316
3 114 115
102 142
26 67 157
57 178 205
8 132 302
70 102 195
264 275 279
132 144 280
74 80
60 145
59 130 158
16 78 177
201 257 291
134 238 316
36 69 129
48 117 124
202 212 256
28 75 126
74 159 168
28 85
74 201
148 150
81 86 265
124 214 241
140 254 286
55 57 308
56 174 180
55 110 134
89 196 248
130 183 193
111 271 272
94 158 274
59 148 188
250 255
150 317
135 257 279
59 118 282
141 268
107 125 169
56 160
206 281 310
13 123 224
151 182 293
222 252 255
280 319
44 45 88
212 214 241
60 231 311
46 96 107
177 181 263
71 145
59 99 124
225 261 301
21 151 168
139 279
111 217
138 320
171 268
104 228 242
8 149 201
25 150
151 212 293
69 76 107
41 46 237
71 176 187
103 218
19 105 149
10 218 248
74 124 173
143 290
201 268
50 58 62
20 74 166
8 24 98
60 244 263
26 108 241
76 236
117 274
12 93 102
139 292
9 216 292
106 115
92 217
133 218
74 179 230
215 287
8 135 279
13 134 224
60 107 113
11 228
121 238 276
34 226 252
27 37 41
29 82 185
106 236
143 165 204
79 148 151
4 225
48 157 168
16 28 35
206 262 286
185 265 266
36 177
281 302 310
16 197 221
140 234
87 231 260
158 201 284
207 212 253
131 185
115 177
216 229
12 93 115
111 217 304
14 238 265
21 172 186
22 59 313
64 131
17 285
41 106 129
8 135 292
37 60 170
31 36 107
43 89 217
267 271 284
141 279 291
14 55 265
216 300 302
170 234
69 82 113
290 299
54 59
147 250
53 72 176
206 243 286
14 134 265
31 75
8 264 298
199 206 253
16 137 183
50 51 92
8 19 238
85 311
140 247
271 289 302
46 60
160 198 320
137 178
171 257 264
1 317
84 106 162
106 169 187
279 284 298
121 137 183
176 291
80 317
18 103 223
23 42 117
66 156 195
60 82 311
1 142 154
290 312
165 271 298
183 186
6 36 46
47 69 162
50 90 326
29 76 137
214 262 295
177 216 286
83 93 115
89 258
223 258
176 183
4 216 242
65 315
141 290 291
59 148 230
76 107 125
33 222 253
60 92
143 257 290
226 249 252
59 74 173
271 312
42 231 265
35 264
88 217 297
172 269
63 74 114
125 194
77 160 220
9 248
10 135 171
59 102 127
13 86 276
35 116 124
21 74 148
63 69 120
100 178 185
125 315
82 263 283
226 255 309
9 140
12 106 258
52 125 186
126 162 174
0 320
8 300 304
8 11 201
234 292 302
104 148
30 162
71 200
16 35
28 81 93
140 143 257
144 149 242
20 154
111 272
41 100 178
37 121 209
83 162 177
100 106 137
44 218
226 262 325
69 76 162
42 82 276
71 79 80
99 144 173
28 60 276
215 221
160 285
183 198 226
5 138 177
212 214 309
212 255 310
234 292 315
106 114 115
28 35 219
30 175
8 10 218
34 213 247
50 52 302
112 248 302
12 258 261
69 106 162
23 172
64 173
270 278
22 176
158 204 287
37 93 160
111 284 292
74 147 252
12 17 54
52 74 274
106 114 236
50 176 230
219 232
76 185 276
280 286 292
8 175 177
71 193 195
13 55 134
171 201 290
53 124 179
53 184 230
60 224 231
10 171 204
74 124 241
59 101 130
76 162 265
50 172 195
83 129 134
59 119 147
115 244 245
61 74 173
79 80 193
140 165 271
1 130
86 224 251
71 206 255
48 64 116
86 122 240
147 202 203
17 111
8 291
59 72 193
80 130
37 178 180
47 100 106
31 85 91
45 133 228
60 115 301
147 305
73 127
141 171 291
16 176 230
42 93 131
156 168 326
45 294
14 122 266
237 266 276
255 293 295
37 69 129
198 202 226
94 186
34 203 309
57 137 301
102 204 322
107 125
10 11 201
54 81 260
24 127
21 94 186
36 65 107
115 245
147 243 254
58 125
42 117
8 74 121
162 182
107 246
54 134 244
19 133
227 286 305
60 96 301
59 79 101
71 94 148
29 76 192
26 74 270
76 126 301
204 300
36 132 174
102 106 258
279 286 291
76 219 236
59 102 169
268 298 314
200 230 274
210 286 305
86 246 265
111 272 284
22 274 282
271 279 298
82 235 263
295 310
83 131
138 180 190
8 234 315
33 310
71 73 102
143 271 280
51 66 68
137 138
279 290 302
169 319
26 270
76 107 301
158 197
137 265 301
103 242 280
102 166 322
279 286 304
32 37 93
148 152
5 103
59 102 182
178 260
8 24 74
183 213 226
134 246 263
134 190
34 252
244 263 283
125 141
171 257
76 137 301
146 183 198
82 235 276
69 121 162
187 201
206 214
151 278
74 147 173
131 160 178
77 78 219
144 149 297
125 166 317
135 234 297
180 198
185 276
103 104 292
102 278
160 219
230 241 262
20 79 270
44 89 133
107 162 174
84 86
134 246 276
48 163
20 101
65 160 162
21 48 163
54 82 285
127 163
139 292 300
25 152
11 217
44 165
217 322
67 170 241
65 111 162
15 107
16 91 107
29 82 174
309 325
97 176
143 292
171 264 280
8 242 286
242 271
140 144 146
20 74 168
54 246 285
8 10 165
79 80 127
131 174
103 112
39 73 92
139 294
59 117 193
71 79 148
73 169
59 271
19 77 210
4 104 216
64 120
59 147 301
110 236
10 234 315
48 72 170
21 166 168
29 162 180
16 35 40
42 212 309
213 222 262
84 220
35 36 37
121 209 220
94 168 172
221 225
45 228
26 38 39
144 165 267
31 64
91 115
77 180
161 167 168
111 133 191
102 287 291
50 158 244
8 121 238
75 107
30 225 301
8 19 227
111 300 304
144 303 322
106 169 176
241 254 262
298 300
66 182 200
176 200 266
8 218 292
17 287
58 59
5 17 197
16 37 126
267 271 286
7 84 100
69 126 185
216 300 304
34 147 203
102 127 130
87 238
147 252
29 76 126
8 204 286
23 155 168
50 186 319
106 173 187
21 73 74
8 9 10
75 120
50 51 94
165 264 284
8 248 292
93 131 178
267 290
121 236
83 177 219
272 302 304
237 245 285
149 225 289
202 309
59 183 213
50 62 145
58 72
16 30 180
201 264 267
70 130 193
281 309
6 106 107
169 193 230
137 301
67 71 170
44 88 297
183 188
36 37 76
38 70 166
132 225 289
8 111 300
77 160 209
57 160 208
10 141 234
52 117 230
15 35 126
146 242
22 74 168
178 180 190
202 213 309
52 170 241
141 312
260 263
199 253
278 317
33 222 255
180 208 286
70 262 325
0 80
147 203 226
151 212
116 129 177
271 300 304
103 149 292
26 74 230
35 37
71 80 173
7 204
132 225 302
213 309
48 311 316
177 216 301
104 248 295
111 261
171 312
15 16 126
55 87 244
71 73 170
100 106 126
74 150
165 268
79 102 130
104 258
46 106 236
125 317
183 201 284
125 141 315
157 269
262 322
133 225 248
59 157 186
234 292 304
85 100
122 240 276
14 93 238
48 188 195
121 134 263
59 193 230
201 204
59 124 130
28 35 100
135 271 284
30 106 301
48 186 270
217 292 304
222 226
29 97
279 287 314
81 82 162
13 55 123
82 244 285
141 171 267
92 153
20 48 49
212 218
74 124 230
50 156
50 67 168
88 103 267
226 252 255
30 177
86 106 285
81 82 283
18 248 295
106 172
8 59 112
59 97
29 81 162
171 206 286
144 165 201
99 169
63 114 120
111 242 297
8 10 112
98 173
144 271 304
10 60
60 82 113
34 226 309
53 61 125
141 171 280
144 165 322
35 71 86
224 285
166 251 276
99 292 315
48 72 117
159 167 168
216 227 248
202 206 214
247 252 293
16 37 60
71 172 259
79 127 270
112 229
198 232
55 69 162
255 267 268
149 242 271
172 195 313
214 226 295
31 37 160
29 185 232
160 177 197
102 166 177
121 170
77 137 183
102 188 195
81 86 122
47 84 100
60 63 113
10 73
21 121 170
50 280 302
54 116
155 168
100 232
36 69 107
31 106 115
79 119 163
140 304
0 1
284 287 298
231 263 311
46 71 79
170 183
86 224 266
53 72 125
162 174 185
50 62 200
8 111 234
12 90 116
121 170 188
48 61 62
123 134 263
15 35 60
56 134 301
121 183
193 200 230
54 134 246
51 173 183
57 76 185
10 315
279 290 291
149 206 223
207 255 262
36 69 120
67 68
55 263 283
204 302
80 266
138 197 240
52 61 124
257 313
238 260 301
16 83 138
10 59 112
198 213 255
174 185 311
123 134 276
88 248
107 261
59 74 230
147 206 286
279 290 304
68 269
8 70 71
66 158 274
143 171 280
34 133
102 148 270
144 264
144 286 291
166 215 261
111 218 292
148 154
112 133 302
27 93
109 122 263
233 255 295
77 78 100
244 263 285
146 147 247
130 198 320
21 158 320
234 315
127 152
161 163 318
111 248 292
66 155 282
217 234 297
81 126 166
67 170 230
34 146
107 125 173
12 258 305
10 177 238
144 267 291
157 163 269
50 90
8 140 264
63 120 236
31 60 92
81 226 262
54 86 285
29 126 162
225 284 289
222 281
50 170 230
52 62 200
261 292 302
147 286 305
81 237 276
132 280
25 154
66 155
257 279 314
30 232
59 66 72
40 302 315
161 163
166 278
4 216
17 23 59
216 271 289
246 260 263
17 155
86 90 251
11 111
51 118 313
92 158 320
63 114 175
183 247 296
42 77 231
71 193 252
12 93 106
87 106
110 134 236
59 273
46 70 71
21 70 166
86 245 246
8 227
214 295
66 168
61 74 230
40 46 106
79 107
171 271 298
107 175 249
53 61 72
170 193 230
30 191 305
161 176
48 64 173
83 121 192
35 85 160
86 231 240
16 137 174
82 185 244
57 82 301
76 78 220
83 117 194
162 265 301
20 38 166
6 69 93
18 248
42 107 123
89 218 242
48 50 167
279 289
86 123
135 143 264
197 240 285
206 213 226
130 166
121 123 276
204 234 257
88 141 280
112 297
147 222 252
140 201 264
28 147 183
198 214 293
5 258 261
71 206 325
4 242 286
48 59 71
81 109 238
8 264 302
199 247 295
54 71 245
30 93 160
15 35 115
121 238
267 292
48 124 173
286 305
10 217 218
82 246
156 195
158 198 232
81 162 185
107 246 263
76 126 129
233 295 325
74 247
146 206 253
206 256 286
134 263 311
32 69 126
183 255 267
148 170 186
111 234 315
255 295
162 276 301
8 227 248
4 286 305
198 213 310
44 250 297
74 173 270
203 212 255
9 10
22 157 168
17 88 133
181 265
148 317
202 233 253
79 102 119
33 226 255
76 265 301
151 322
107 126 174
144 201 302
10 279 291
133 149 242
58 316
17 44 211
50 51 230
102 322
11 250 294
151 168 212
60 96
199 295 325
172 273
8 111 315
70 262
185 212
144 272 303
97 99
14 86 224
202 214 253
118 158
8 71 98
178 209
16 221 261
238 260
164 274
178 239 260
81 276
121 122 134
48 99
87 106 177
23 42
284 312
22 50 176
10 121 132
57 126 208
132 280 297
31 55 69
17 104 211
145 153
21 74 273
217 258
132 289 302
62 155
57 205 208
20 158
64 129 263
264 279 298
14 122 123
121 134 265
74 101 127
71 325
35 37 77
16 54 97
78 137 220
26 108 179
202 207 226
87 106 190
60 78 168
17 111 227
284 325
171 204 286
177 180 191
51 102 158
66 99 125
22 59
46 107 301
71 86 245
21 50 158
247 296 325
271 280 286
71 74 127
37 232 286
133 277
207 226
105 215
41 134 237
138 177 180
23 168 326
143 144 204
54 86 245
37 76 160
34 147 247
27 37 100
17 133 228
146 213 214
265 288
11 111 218
17 223
110 185
111 133 248
45 217 297
71 166 187
50 102 140
58 71 86
50 146 183
134 240 285
48 166 168
10 111 315
21 170 172
57 83 177
206 248 302
28 36 57
60 63 115
23 51 168
201 257 271
95 119
265 301
144 264 279
28 65
81 86 245
82 301
216 301
257 302
37 106 173
35 85 120
5 197 198
174 177 180
158 296
70 183
89 196
271 298 302
234 291
280 289 297
5 202
74 166 201
177 195 286
69 82 185
174 178 260
26 74 274
86 251 263
287 302
199 206 325
204 304
81 166 251
182 184 186
10 22 111
134 244 245
299 312
165 280 298
257 315
107 114 175
7 140
26 153
109 110 134
39 92
38 39 213
271 279 302
102 148
18 103 295
130 183 186
20 130 186
234 304
143 149
21 39 92
17 146 250
198 199 295
5 215
16 138 197
26 274
39 213
70 317
80 130 193
6 36
134 176 316
8 302 315
166 187 201
280 312
214 253 254
176 201 291
77 134 263
11 211 249
141 262 264
94 157 163
21 317
20 92
204 257 298
157 326
127 154
118 269 282
17 71 89
36 59 147
34 213 293
20 21 148
83 113 115
18 103
204 287 298
171 264 271
10 60 69
113 148
37 65 107
21 50 92
8 24 320
93 100 106
160 190 197
24 39
84 90
141 201 267
15 219
48 167
31 35 37
175 208
34 243 293
59 117 184
105 149
104 228 248
215 280
154 270
31 160 190
112 227 302
25 156
14 42 77
11 221
17 71 102
59 173 200
107 175 238
147 158 243
76 100 106
54 107 238
205 208
191 244 283
8 204 264
31 55
171 264 284
137 183 198
83 129 301
91 106
50 72 195
227 297 298
217 218
43 294
10 117
222 296
53 61 182
237 245 263
170 198 226
16 75 224
71 313 319
12 54 116
3 114
237 238 260
214 297
26 67 71
76 125 176
50 102 195
8 10 290
1 24 142
24 173
101 127
21 38 71
104 242 280
8 264 291
163 193 303
114 175 301
6 16 47
72 169 170
59 130 193
93 128
119 146 147
61 74 124
82 235
117 170 183
146 214 241
279 291
50 95 313
26 74
8 135 298
37 41 126
36 63 120
4 42 227
88 171
267 271 290
6 46 47
43 88 227
141 177 286
264 280 321
63 114
37 120 126
198 214 295
260 311 316
8 141 234
28 100 110
138 178 190
12 297
48 163 167
141 256 286
77 197
116 125
176 230 270
42 246 260
225 297
82 248
197 198
227 242 294
17 54 245
156 158 168
38 142 154
146 213 295
124 193 230
12 34 133
16 85 120
71 101 102
44 111 248
50 71 319
77 183 197
18 242 280
103 267 275
153 249
45 88 89
146 284 296
83 190
101 102 127
202 233 255
6 40 107
266 311
50 94 158
238 249
71 72
158 258 261
81 265
63 69 113
20 26
125 169 176
56 208
171 195
34 280 281
74 262
44 92 248
51 107 249
59 74 179
60 263 311
217 218 225
225 294 297
16 17 83
35 60 77
166 201
245 265
260 266 276
202 214 255
51 119 195
0 102 154
46 79 107
42 185 276
158 160 197
34 203
103 201 284
166 322
20 186 270
35 178 190
73 150 274
78 209
10 135 298
185 265 301
173 217
71 206
164 168
60 244 311
107 263 285
216 223 292
110 123 185
48 222
158 190 197
78 100 219
12 87 106
99 144 287
107 129 177
30 106 305
121 251 263
76 176
30 174 180
214 241 325
62 99 186
1 2
141 171 271
21 70 102
78 83 107
55 238
27 90 100
54 81 240
52 169
139 291 292
76 297
16 100 107
81 91 107
140 165 264
7 37 209
35 41 90
90 129 177
86 224 244
106 176
59 101
134 224 266
105 217
106 220 224
129 134 263
31 50 90
168 236
59 72 186
224 231 240
33 48
134 236 276
121 251 276
103 292
15 28 35
238 246 260
4 286
165 303 322
36 238
37 41 60
57 91 178
272 300 304
82 185 301
88 105
52 182
17 112 292
16 81 107
231 235 240
74 262 302
169 173 176
8 292 300
77 131
1 154 320
46 60 96
162 175
253 293
139 165 250
98 190
34 147 262
148 170 230
70 79 193
69 82 174
21 172
119 249
177 190
42 231
10 275 280
17 54 71
183 197 198
16 83 129
182 226 293
148 153 155
100 137 219
56 126 185
197 235 240
292 298
271 298 304
224 237 246
177 237 285
22 74 106
74 75
26 157 274
201 257 286
165 284 298
287 304
158 190
264 320
83 137 219
42 244
102 258
271 302 315
121 183 188
185 191 192
23 145 168
53 258
213 247
204 257 287
175 177 219
122 238 276
74 317
61 99 319
48 255 295
16 83
169 325
48 186 195
121 234 311
144 268
248 325
10 112 248
11 89
14 121 238
30 102
121 122 191
24 102 151
134 196
20 94
94 164 326
64 100
201 267 290
132 271
62 125 173
30 223
57 97
94 145 168
97 169
204 268 287
50 94
59 147 173
76 162 192
83 175 177
21 50 94
30 115
12 107 261
103 105
48 169
139 287
59 117 186
171 234 286
82 123 283
3 16 35
121 162 276
31 37 85
36 280
111 133 292
66 99 182
8 218
73 92 108
35 37 255
30 115 301
81 170 226
142 154
228 242 297
59 156
22 59 187
48 157 163
280 281 302
31 57
106 258 305
94 148 186
182 226
6 16 36
16 46 47
78 220 288
8 82 276
60 96 107
16 17 285
77 131 185
77 177 301
54 162
8 59 292
87 110
14 238 260
174 227
1 70
237 283
111 133 305
48 72 176
256 296
195 286
267 271 279
255 268 286
144 280 304
8 19 112
141 279 286
140 141 204
147 222 243
131 301
107 173
10 11
16 60 224
121 170 234
58 173
149 291
146 202 233
90 177 178
55 106 224
15 35 106
140 257 271
34 202 253
63 86 93
10 132
88 140 204
140 171 204
50 118 262
135 149 312
45 228 297
144 204 322
70 172 183
86 245 263
202 206 286
281 302
179 291
20 94 186
36 37 69
255 286
83 121 209
212 309 310
183 188 204
81 166 187
149 304
146 243 284
10 195 204
57 76 244
112 133 227
35 138
34 89 325
141 165 291
237 260 276
102 313
262 302
74 222 274
19 206 292
0 73
59 102 230
70 127 130
42 231 260
16 17
16 83 197
20 21 71
165 286 291
52 53 184
4 35 138
125 173 176
89 212 242
60 208
27 114 120
71 74
16 138
238 251
97 158 204
16 174 177
29 77
71 212 214
218 225 261
218 272
6 93
118 119 274
33 202 252
50 58 99
222 243 256
8 112 248
44 92
16 40 69
16 30
104 111 296
3 115 120
97 188 204
39 162
23 154
55 109 238
27 60 126
55 106
71 316
17 197 285
65 84 107
198 203 255
20 270
6 106
138 262
59 101 112
34 146 296
224 265
69 162
81 265 276
215 216
214 215 261
158 160 320
4 226 254
10 35 69
134 240 263
73 150 168
36 106
71 72 193
14 42 134
54 81 121
215 242 280
46 63 114
50 179 230
141 254 271
29 82 235
4 215 216
29 81 276
183 226 296
124 198 255
8 165
94 168
56 134 160
61 102 230
23 154 274
41 85 120
20 48 176
64 181
10 36 132
80 94 151
31 50 92
149 225
228 289
139 286 300
81 107 238
12 102 106
47 84 93
10 66
142 222
29 197 235
143 165 267
21 79 166
155 161
54 55 81
17 298 299
12 112
158 166
26 230 270
52 64 173
16 30 107
171 280 298
93 185
170 176
144 257 267
216 292
41 126 134
114 244
155 282
147 183 198
16 28 219
175 178 191
158 287
56 126 174
8 111 227
8 292 302
64 76 107
66 195 200
16 46 236
3 15 120
201 204 264
88 228
77 178 190
253 295
47 84 106
202 249
8 141 291
36 69 113
109 263 283
76 129 301
222 255 295
56 131
111 218 272
42 100 263
82 224 244
165 303
27 120 236
271 302 304
29 30 192
154 166 317
127 166 270
81 162 244
260 311
137 147 183
204 298 314
48 168 194
33 34 252
74 148 151
16 78 174
111 292 315
35 85
62 188
202 212 253
144 257
48 116 125
104 280 295
28 311
9 69
55 246 285
60 263
113 123 126
141 271 304
48 49 71
186 195 313
50 214 280
31 63 114
102 140 264
35 206
147 293 325
81 93
202 226 309
180 301
213 249
186 230 270
126 185 208
121 236 238
165 272 303
21 72 273
42 185 212
70 206 262
16 85
48 266
48 125 187
144 267 284
199 206
226 309
121 231 244
97 158
257 291 304
106 126 162
121 134 311
71 86 170
65 84 162
198 203 310
222 274
16 17 261
231 240 265
138 190 219
87 106 236
177 178 191
34 243 284
4 88
48 74 262
121 162 265
27 220
70 168 212
30 225
29 126 276
164 225
103 215
71 74 173
225 228 242
168 172 194
22 161 187
106 220
92 322
22 59 176
0 1 142
93 107 113
34 146 243
143 287
31 190 208
12 17 104
74 186 230
61 74 102
53 61 173
20 71 94
110 236 240
10 292 315
133 215
64 115
12 54 107
168 172
154 274
48 71 206
255 268 275
167 213
30 238
74 177 302
281 309 310
21 168 172
103 228
143 165 201
59 158
12 46
36 174
77 175
121 218
66 282
10 121
100 107 263
133 228
141 165 267
21 70 172
35 84 86
237 285
139 149 242
33 226
107 175
37 85 160
198 293
49 186 230
65 178
8 271 298
132 135 149
139 228 242
201 304 321
73 298
147 247
53 72 173
145 158 168
51 92 158
72 73 170
72 73
57 160 190
223 242
213 226 325
106 176 187
121 231
21 72 73
53 125 184
76 133 162
184 287
89 227 297
149 225 284
76 242 297
141 267 291
157 161 282
141 165 280
16 30 175
29 83 137
206 233 295
21 121
58 188
37 65
116 129
102 166 251
107 174 208
22 157 161
26 53 274
48 124 179
5 261
225 301
47 106 162
46 70
64 173 229
26 320
48 117 176
17 149 257
21 26 320
237 263 283
48 170 187
206 214 295
29 57 97
71 80 168
54 55 283
59 71 101
206 249 252
60 64 129
83 194
229 248
132 315
71 72 169
159 189
35 153
30 180 232
141 320
34 143 280
35 65 75
59 62 173
13 123 276
54 244 276
0 317
10 112 305
212 214 293
178 323
17 104 204
71 197
16 261
63 106 120
30 106 175
71 102 169
103 149
59 117 230
59 79
226 256
112 225 302
264 279 291
50 259
104 228 294
236 240 285
27 46
118 164
83 92 115
71 89
59 127 130
45 111 211
225 228 297
58 62 125
221 262
44 258 261
214 254 255
92 148
4 35
206 262 325
81 246 265
215 218
144 302 309
132 149 234
134 240 265
26 66 67
10 204 257
50 183 230
257 280 304
50 155 168
55 134 246
8 275
13 134 276
140 165
135 280 304
81 121 162
63 114 115
38 154
111 242 292
16 100 219
50 280 284
59 213
133 162
53 124 176
206 243 325
48 50 94
31 114
17 216
10 234 257
99 169 176
34 203 293
140 286
66 108
54 81 244
52 173
63 114 236
84 162
225 297 302
59 186 319
59 79 193
125 186 200
35 85 100
100 106
0 1 102
105 221
82 106 120
74 214 252
80 127
16 183 230
221 258 261
108 230 270
201 257 264
55 57 160
146 158 284
17 229
177 181
52 147 173
6 16 106
76 134 176
202 206 222
19 238
272 284 300
140 201 204
57 81 137
68 130
169 182
36 83 121
172 187
191 237
177 302
57 174 301
94 304
44 111 294
68 167 168
32 69
36 37 126
16 97 176
16 138 177
5 137 261
162 174 301
72 141
52 59 302
204 297
8 143 302
47 84
106 115 245
57 76 301
81 86 251
165 280 291
79 193 322
65 138
271 286 298
97 172 183
132 234 280
169 195
16 64 120
36 83 134
42 134 263
8 111 242
24 151 287
12 103 292
234 297
0 130
255 262 295
59 74 225
169 316
51 200 230
74 154 318
74 159 167
35 54 116
35 100 232
10 217 292
132 141
151 154
206 233 255
224 244 266
74 121 262
22 111 234
212 255
52 204 302
116 124 125
206 211
217 234 292
76 174 301
268 271
8 133 135
52 169 200
78 177 219
71 169 170
147 198 295
111 133 162
48 206 262
16 65 75
187 319
66 145 168
27 35 126
196 248 286
46 79 166
75 123 224
44 270
25 67 222
48 71 74
30 106
99 124 125
137 197 261
50 179 274
34 262
141 286 304
125 154 317
139 289 292
81 240 276
23 154 318
217 218 297
103 217
268 284
62 99 124
59 147
78 160
107 169 187
59 124 193
25 270
35 138 190
29 160
134 185 276
73 166
133 217
62 71 183
141 198 204
58 59 124
3 107
21 73 166
140 144 264
50 125 172
63 175 301
59 72 124
16 35 37
66 156 168
24 166
230 271
214 222 226
21 24 166
8 264 284
77 177
6 16 40
153 156 222
121 220
37 178 232
53 125 173
24 287
260 265 301
4 215 286
59 184 193
106 169 173
26 67
16 60 107
215 248 286
8 135 291
48 94 168
3 120
31 36 106
33 222 226
36 63 113
102 158 258
107 177
52 241
198 295
147 222 247
8 271 300
82 120
140 204 264
169 170 230
114 301
111 225 248
16 83 175
26 188
87 177 265
15 77 107
144 171 257
73 169 170
8 165 291
170 230 241
53 125 186
286 300
21 163 193
209 249 262
62 179 200
26 80
135 267 271
17 292 295
262 293
45 211 297
28 126
16 30 177
33 241
107 190
60 78
48 170 176
10 257
32 69 121
148 151 168
63 120
271 298
72 124 231
55 240 285
50 140 146
71 80 157
81 162 301
81 137
66 72 200
213 293
122 134 265
11 12 111
116 131
8 248 302
12 213 249
59 158 274
248 250
71 86 93
151 317
70 74 150
88 228 297
137 190
177 208 286
10 279 286
178 260 301
226 255 295
4 11
104 132 225
102 317
16 85 126
237 263 285
70 262 322
60 91
25 70
149 201 292
90 199
54 86 93
119 156 157
177 197 285
125 193
111 258
103 104 223
69 261
203 255 310
149 289 297
60 231 244
25 67 156
158 160 190
50 94 164
43 44 297
50 140 280
90 91
117 194
160 197 285
74 124 214
50 140
94 167 269
143 279 290
15 106 137
231 238 276
212 214 295
60 85 311
21 50 140
118 274
103 216 292
82 121 283
132 289 297
30 106 177
103 151
20 153
22 106 187
111 271
50 261
235 240 263
8 264
80 173 193
13 134 265
65 93 160
44 144 242
28 57 85
158 201 204
206 222 255
31 35 206
147 295 296
212 218 242
92 183 198
212 255 309
72 141 143
71 212
121 122 263
53 61 230
87 175 177
206 252 255
106 169
16 107 261
76 176 270
10 248 302
22 175
48 206 222
59 72 179
111 242 294
280 286 291
99 173 176
82 99 106
30 177 191
12 103
17 218
93 106 224
158 183 284
125 212 218
27 90 106
28 57 219
50 74 302
182 183 226
86 87 245
65 114
57 81 126
71 206 254
3 16 107
51 92 94
13 126 134
77 100 113
3 175
48 168 172
111 191 305
55 106 162
36 76 107
98 183
47 65 84
84 285
10 299
54 245 246
40 178
53 72 230
42 224
111 112 133
121 288
13 82 185
8 19 292
28 60
88 111
38 154 320
82 224 235
81 86 240
280 281
46 114
137 232
40 178 180
144 257 271
54 224 244
214 274 282
17 86 245
58 124
149 242
295 296
102 130
234 286
5 197
57 162 185
65 248
51 313
63 175
21 102 130
165 284 291
81 192
143 171 264
72 143
248 286 302
89 312
204 299
15 16 165
104 280 286
102 251
33 48 262
279 286 290
50 157 326
214 255 309
141 144 291
36 106 120
62 71
134 176
20 49 71
42 134 265
20 74
104 132 280
143 144
275 300
77 107 263
44 138
121 231 235
9 302
72 172 195
100 106 178
27 90
132 143
52 74 302
225 261 289
139 267
146 233 247
34 262 325
3 35 65
64 93
187 200
132 264
81 240 265
71 254
97 172 319
111 206 292
67 230 241
48 270
149 217 304
214 241 252
64 93 131
180 197
92 313
107 169 176
103 223 242
21 48 270
127 270
76 208 301
74 147 293
131 160
39 92 320
81 244 276
48 162
8 133 258
19 105 258
62 71 172
17 83 215
151 158 287
158 197 261
27 224
107 173 187
25 151
11 216
198 212 255
82 121 122
42 77 107
15 106
106 224
158 167 274
125 177 195
119 163
31 50
22 230
147 198 310
30 93 131
75 93
121 209
30 137 174
10 112
140 165 204
111 217 292
73 168
10 257 298
93 107 238
110 235
237 276
89 112
87 121 238
154 278
134 245 265
11 229
77 209 219
186 230
26 70 71
24 168
233 247 255
31 63
114 115 245
149 284
75 106
140 257 264
8 267 291
8 165 280
54 134 285
162 177 185
42 93 185
279 286
52 59 117
36 63 115
50 59 62
26 67 79
71 125 212
29 162 192
8 271 302
82 122
290 300
0 170 173
5 137 197
141 177
102 148 188
57 69 76
149 297
12 194 225
158 284 296
267 289
238 266 276
275 279 280
7 69
56 190
85 109 260
55 87 109
262 295
146 206 250
147 247 255
66 155 200
206 214 286
109 238
183 187
118 274 313
67 241
12 305
213 295
106 113 148
82 134 265
60 64 120
12 34 249
129 301
248 252
111 271 315
146 241
27 100 178
35 144
95 195
107 125 212
139 201
20 21
97 204
62 200 274
37 71 255
59 97 158
149 284 292
60 93
22 145 168
14 93 224
199 253 325
48 204
141 201 304
177 178 237
22 106 176
226 247
78 83
17 83 257
141 280 304
8 24
27 37
8 112 133
73 74 274
50 52 169
202 212 325
280 304 321
125 316
74 80 173
34 143 284
6 93 126
106 107 208
76 197 261
303 322
145 168 189
21 303 322
121 224 263
99 124 182
3 115 126
8 59 98
212 325
17 86
65 93 162
29 121 220
219 220
146 198 213
43 223
30 174 175
27 37 84
103 201 292
30 177 180
73 102
152 166
243 284
55 81 266
171 195 234
46 79 236
214 226
236 251 276
112 215
248 292 295
121 122 265
106 116 125
30 177 301
280 290 291
214 226 281
206 248 286
30 162 178
212 222 255
143 144 201
74 167 168
16 54 107
98 172
107 175 301
81 110 236
53 61 124
147 293
114 116
137 180 219
36 69 93
12 105
4 112 215
163 274
202 206 213
48 71 157
171 280 291
112 228
106 125 187
20 71 166
82 285
35 71 206
141 242 280
16 37 180
88 221
275 284 292
22 156 157
35 65
40 180
147 202 325
174 180
36 69 106
31 106 114
8 111 112
8 280 298
46 116
46 90 91
200 230 262
145 167 168
257 299
174 301
37 64 173
139 216 304
3 15 126
144 217 322
271 279 286
50 51 269
28 183
50 59 130
8 132 292
255 262 286
46 237
267 268 284
25 67 79
26 258
287 299
56 126 301
66 313 319
69 76
28 75
206 284 292
57 162 308
271 302 310
197 261
271 286 302
55 121 283
102 140 257
81 86
72 266
104 215 280
275 302
83 134 266
89 217 297
25 127
3 75 126
8 291 298
16 78
66 67 155
76 92
62 194
125 250
166 251
111 315
52 188 204
121 231 237
9 304
83 162 220
31 107 190
137 138 197
44 261
99 107 176
164 326
147 252 293
254 256
257 267 290
48 176 266
105 133
127 151
107 173 176
17 71 86
268 275
29 82 162
78 219 220
10 111 112
206 243 250
64 216
143 280
94 148 168
94 95
5 124 177
200 262
30 115 175
71 148
55 69 82
257 264 298
175 205
3 16 30
135 264 298
110 224
16 60 85
297 316
22 111
83 129 177
214 281
300 321
212 253 293
38 92
79 93
103 221
230 262
228 242 292
240 245 285
144 146 242
104 225 297
80 173
38 213
14 55 134
24 278
156 168
73 170
133 221
86 109
21 73 170
50 125 176
4 89 286
28 57 276
17 43 242
121 237 283
141 149 171
213 247 256
21 101
196 242 286
72 74 159
191 283
61 173
121 224
50 262 302
5 12
183 284
26 71
36 174 177
86 122
72 187
15 77 219
216 291 300
82 115 120
213 295 310
21 26 71
19 297
28 65 113
5 133
10 248
15 144 165
51 249
104 112
139 228 248
290 302
4 149 286
15 28 219
198 255 293
8 227 234
53 72 179
67 230
8 125 186
72 79
267 291
245 246 265
7 35 37
102 182 188
268 284 314
123 246
141 300
36 69 174
81 224 244
281 310
237 263 276
28 65 126
198 199 226
146 206 252
70 74 262
284 300 304
36 106 177
16 106 176
37 160 178
125 184
111 249
37 71
171 300
28 251
121 134 238
96 126
148 151 293
32 36 69
28 35 75
38 151 213
238 246
269 313
42 162 276
81 262
10 279 290
10 149 217
48 176 200
118 119 269
17 83 138
22 23 59
262 310
119 163 164
88 103 242
160 262
201 300
25 74
233 252
123 237 283
48 206
20 21 79
226 249
171 313
59 72
264 279 284
97 98
21 127 270
8 11 312
151 152 287
159 195
44 89 297
50 140 284
38 71 166
12 19 77
198 206 255
139 216
59 193
224 260
66 88
105 225 258
121 224 265
6 69 121
4 149
3 16 85
121 217 262
124 214
31 50 74
8 268
198 295 310
154 322
5 177 216
8 19 149
78 137 219
98 161
103 284 292
51 195 200
30 174 177
59 112 242
101 166
54 91
171 201 280
78 219
58 59 62
31 107
48 127 270
94 163
207 254 295
81 121 276
38 268
134 224 263
31 228
12 90 91
140 171
140 141 254
147 222 293
171 204 298
141 256 325
64 181 263
214 241
92 147 198
204 264 298
37 90 178
68 167 269
215 227 286
103 149 201
238 260 276
198 214 226
21 48
66 72 125
16 83 113
193 303
147 202 206
12 228
39 70 92
3 15 115
89 215 227
37 41 178
50 172 319
15 16 35
10 11 312
77 162 177
225 228
123 180
56 126
116 177
12 213 295
16 30 115
69 93 185
81 86 244
8 11 112
165 280 284
1 142 320
88 140 267
169 188
10 50 280
48 168 189
171 234
88 133 227
103 104 148
83 121
50 119 146
185 208 301
31 93 160
132 204 286
62 183
176 291 315
271 290 302
38 39 320
146 183 296
37 126
247 255 295
45 211 248
74 92 106
271 286 304
257 314
21 303
34 242
147 296 325
48 262 295
83 134
275 304
132 271 289
70 127 193
147 247 325
57 81
135 257 271
59 118 274
185 266
83 255
244 251 276
94 148 157
231 266 276
206 325
24 39 92
50 168 172
166 176 270
71 137
97 125 319
213 255 295
59 159 167
257 264 287
104 279 280
59 117 170
35 77 190
22 106 125
4 312
60 64 311
60 224 263
17 23 155
112 225 242
22 50 230
137 138 320
132 271 302
59 173 186
71 74 168
170 198 320
158 269 313
170 184 193
85 93 160
206 243 252
42 117 170
242 261
16 35 138
30 115 177
57 82 276
60 77 78
162 265 276
12 107 258
70 71 166
24 173 270
8 135 271
59 72 117
212 253 295
49 186 212
103 223
228 242 294
137 183 197
93 106 162
149 275
59 172 176
126 291
76 92 106
94 163 168
15 231
216 221
93 162 178
66 108 241
111 216 300
8 135 284
82 120 224
130 154
176 270
36 63 106
93 224 238
16 54 285
76 106 162
140 141 201
59 176 187
170 226
82 113
290 291
12 54
232 286
99 125 315
58 170
144 173
77 183
57 160 185
79 130 193
143 144 271
74 114
8 165 284
53 125 179
140 171 201
117 170 182
242 271 286
141 289
53 176
262 286
70 130 183
63 113
48 59 301
50 159 189
198 255 295
48 59 72
62 117
177 232 286
86 245
40 106 107
27 209 220
83 93 107
125 173
77 100 185
171 289
116 124
57 162 244
46 65
8 11 59
137 183
8 57 175
48 59 193
42 162 265
81 251
102 231 311
76 121 244
163 164 193
29 175 192
72 202
106 176 316
201 289
214 253 295
252 254
71 89 212
93 160 185
35 65 178
125 186
166 187
9 248 302
3 114 175
254 262 295
202 214 241
6 40 106
27 28
46 79 93
8 70 127
122 265
4 17
14 246 285
31 55 57
63 106 115
65 111 315
76 270
144 146 165
19 77 242
264 279 286
100 106 129
35 37 65
63 106 236
14 55 57
59 99 292
225 289 302
147 158 284
234 280 297
26 38 71
50 146
76 162 244
200 319
104 216 292
93 100 160
131 219
81 91 93
29 208
222 226 262
71 79 193
106 162
59 316
152 278
22 59 118
147 160 222
50 186 230
22 168
61 102 106
16 35 85
28 57 91
10 11 59
33 34
10 50
15 165
214 222 274
147 284
222 256 262
193 303 322
214 233 325
6 32 69
65 107
102 151 182
106 116 129
134 224 265
77 100 106
99 169 292
82 106 115
202 206 325
57 76 162
98 176
48 230 262
139 228 292
143 165 264
21 79 163
114 120
246 276
223 292
113 126 166
61 230
109 240 283
16 35 219
46 107
86 87 251
144 257 264
257 290
21 50
16 83 115
55 57 276
15 60 107
158 284
178 192 232
88 225
107 238
102 257 298
52 302
234 279
222 262 295
267 268 275
43 44 211
81 185
172 303
248 286 295
48 61 173
17 44 133
33 48 255
19 206 223
8 280 302
51 66 168
165 300
299 300
35 190
241 295
36 83 129
172 195
170 176 187
202 203 309
126 162 208
73 102 298
48 167 168
137 147 301
105 133 242
172 316
52 188 195
138 180
104 280 292
162 308
8 70
113 123
13 185
212 214 222
100 178 232
204 257 286
76 77 242
16 107 175
12 106 305
14 265
215 286 305
187 193
8 11 248
132 257
44 144
8 291 302
57 83
51 156 195
8 70 74
140 143 304
201 279 286
149 217 297
63 115 175
83 257
235 240 311
202 214 309
50 72 170
34 250 284
51 119 249
214 280 321
35 37 120
55 56 134
11 88
62 319
163 164 274
20 322
14 123 283
20 48 94
48 176 270
64 99
11 111 248
36 37
81 237 266
66 145
267 290 302
71 157 168
132 149 284
217 218 292
42 77 100
134 316
104 223 242
105 258
76 162 191
59 127 193
244 266 276
257 264 302
87 106 246
161 274
14 238 246
66 158
14 55 246
132 149 297
170 215
29 276
152 166 201
75 106 120
142 153
141 198 320
14 134 246
8 264 279
213 226 309
17 112 225
88 141 149
149 165 217
59 98 148
114 175
78 83 174
20 26 38
48 94 163
10 275 321
135 234
24 142 154
29 83 121
10 11 248
29 162 185
5 124
79 110
77 107 177
13 86 123
31 57 160
216 217 261
26 102 258
82 115
183 213 247
48 59 61
66 72 182
18 223 242
89 111 227
4 112 166
58 172
199 206 247
111 112 302
26 53 258
34 202 252
8 238 239
123 237
35 124
37 180 286
28 100 219
141 291
144 173 217
144 296
216 291 304
146 171 286
110 235 240
148 186
41 60
146 206 243
74 152 201
21 148 186
29 57 81
66 158 198
8 111 292
111 112 315
12 34 242
48 124 176
5 258
247 286
63 236
26 317
141 304
137 219 232
35 77 113
144 309
92 119
218 258
14 86 93
57 126 185
252 256
36 59 69
125 188
160 180 219
88 133 297
235 240 245
23 59 118
126 162 276
248 258
148 320
36 82 174
19 112 225
132 312
176 187 291
71 73
22 145 282
81 266
52 62 124
185 323
4 19
171 176 201
10 112 302
86 123 231
118 269
71 194
36 40 69
217 248
77 106 220
131 208
102 151 158
37 77 160
22 157
16 32 69
66 200
54 81 107
158 160 198
160 198 222
103 267
112 262 302
35 206 253
37 107 160
16 65 138
21 92 108
123 174 180
279 321
38 151
65 106 107
79 152
27 37 90
59 186 195
6 36 69
147 286
24 99 270
10 160 305
16 137 219
99 169 173
50 102 130
79 124 193
117 170 226
216 289 300
106 116 131
146 213 325
112 292 315
10 143 257
177 286
109 134 263
48 127 166
8 143 165
121 162
0 101
146 165 284
69 82 162
81 109 283
71 173 193
59 63 74
31 106 107
12 111
16 46 114
109 240 285
121 283
16 30 106
8 280 291
51 66 157
204 264 302
174 208 301
216 291
17 54 59
76 126 174
116 289
88 227
106 120 236
180 197 198
39 48 162
35 71
81 187
165 284 286
102 291 298
53 125
107 174 260
247 255 286
28 93 126
267 279 291
19 248
57 162 301
13 174
24 158 287
104 292
51 200
36 106 115
135 144 264
206 214 226
71 168 212
125 166 177
76 107 174
71 212 255
10 50 284
15 85 115
132 271 280
72 179 230
8 98 125
62 187
139 141
59 169 230
48 116 124
8 9 312
264 321
35 40 178
69 82
187 303
36 115 177
27 85
36 134 190
76 206
29 131
224 244 263
194 198
135 204 264
16 107 177
187 195
8 112 302
267 290 291
121 238 246
139 250 284
173 183 243
62 200
103 201
194 319
11 89 111
152 322
36 147
55 160
50 72 172
187 316
54 81 162
76 219
12 107 249
110 121 276
20 71 80
73 150
16 28 126
21 48 157
12 54 93
16 60 78
76 162 301
3 91
57 91 208
279 280 321
154 260
173 273
8 112 315
20 74 270
85 160
54 260 285
107 176 187
186 212
16 81 137
98 99
107 115 177
121 237 263
1 166
7 69 204
158 167 269
206 243 256
160 178 190
10 69 121
64 100 263
127 278
80 166
19 211 248
65 106 162
57 219
141 198 201
140 271 302
195 274
195 204 286
29 162 174
126 174
121 237 276
50 159 167
12 46 107
31 287
213 249 295
77 174
139 268 300
121 217
267 271
59 130 183
52 117
106 134 176
53 74 124
207 214 295
17 59 71
111 216 304
28 110
107 174
170 230
162 177 301
227 234 302
66 155 182
104 105
145 158 167
125 158 166
81 93 185
107 177 263
99 125 319
72 73 169
8 248 286
15 35 107
206 286 292
93 131
8 225 302
32 121
48 117 162
56 185
16 30 174
74 222 262
148 188
53 72
89 196 286
60 64 115
56 77
254 262 286
162 244
55 81
121 134 231
206 250
16 126
23 71 117
14 246 276
74 252
173 194
25 67
76 261
88 216 297
141 204 304
15 231 237
3 35 115
244 260 263
124 194
56 123 185
107 160 285
148 322
121 134 244
147 198 226
8 19
116 124 177
13 134
74 147 222
240 263 283
3 28 75
71 74 214
64 126 129
133 135 312
221 248
59 186
133 135
35 178 180
71 151 168
103 223 292
34 146 284
134 174 301
34 280 284
22 50 168
132 280 289
25 80
212 255 293
217 250
253 293 295
70 71 212
103 148
222 226 253
15 35
59 156 157
244 260 276
264 279 290
196 312
10 248 286
46 79 110
57 244 276
54 86 224
43 218
77 219 220
143 267 290
1 221
58 62 124
221 261
22 59 230
144 165 303
224 266
88 227 297
31 100
132 280 302
25 322
16 37 41
44 158 258
22 66 125
198 213
20 71 148
110 134 283
59 184 232
48 64 99
104 295 296
110 285
160 191 305
226 247 255
59 72 176
19 103
79 154
86 235 285
144 271 298
30 265 301
54 97
135 149 234
171 201 286
148 186 188
28 91 93
31 36 37
171 280 286
198 226
81 86 224
65 111
53 74 179
115 116 177
143 204 304
12 221
86 170
42 100
78 160 185
88 216
146 165 286
59 195 259
60 63 107
234 302 315
147 301
114 124
82 231 235
158 167
25 74 222
77 242
24 151 152
76 244 276
38 39 71
45 211 228
28 57
138 197 221
74 173
165 291
204 264 304
13 174 185
150 168
114 245
67 170
36 174 238
212 295 310
204 257 264
39 71
20 26 108
135 304
102 127
88 229
151 248
13 55
16 60
242 280 286
62 176
50 164 326
153 155 156
50 58
248 302
19 250
280 291
113 114
140 254 271
104 294
21 74 186
169 194
170 173 186
20 71
212 241
37 121 126
17 146 242
146 183
21 102 140
90 251
92 158 167
135 257 264
50 200 262
66 158 268
71 74 148
20 21 127
135 234 280
248 286 312
139 143
123 244 263
59 194 225
8 74
48 49 72
8 24 70
222 262
67 156 168
139 264
8 133 242
50 230 262
17 111 261
106 107 258
23 318
28 60 85
35 37 232
5 198 202
26 66 108
50 156 168
170 184 186
30 223 225
119 147
107 169 173
143 275
76 162 182
57 208
82 162 265
43 44
104 279 286
155 156 168
73 152
162 185 276
17 257
237 260
3 93
8 135 264
55 283
48 132 204
22 106
48 71 194
29 121 162
24 152
101 106
53 179 274
147 222
42 107 212
50 183 284
45 211
195 257 286
64 224
50 326
28 36 91
12 34
17 149
176 186 230
75 90
83 115 129
104 225 292
8 165 264
48 162 204
110 185 276
72 99 319
59 61 72
166 170 215
77 219 288
144 284 292
133 216
26 53
193 230
50 167 168
50 67 230
63 82 301
88 171 204
260 276 301
231 235 285
170 219
230 270
63 93
20 38 39
50 159 169
16 78 83
134 237 263
156 157 326
52 117 200
24 73 166
143 144 264
93 120
121 191 283
87 109 238
48 59 173
99 106 187
75 224
42 276
107 176
19 292
60 64
46 166
59 176 193
151 182
32 69 107
107 260 263
16 83 174
53 61
134 237 276
197 235 285
125 166
77 100 178
12 103 104
102 182
51 94 168
225 289
104 228
48 59 186
3 107 115
81 244
143 204 264
72 195
144 300
278 300
237 260 266
109 235 240
0 292
129 177
21 72 195
82 265 301
227 298 302
52 61 173
69 132 174
31 93 100
16 235 285
147 247 252
72 124 230
93 160 178
72 316
185 193
8 9 248
125 141 177
102 195
88 297
33 48 206
15 106 231
206 252
13 123
21 102 195
178 190
54 59 97
8 125 315
202 212 309
203 207 255
134 276 301
82 122 265
42 231 263
206 214 296
73 74 150
84 86 285
20 21 74
26 71 157
212 309
10 121 234
36 83
203 255 309
71 72 170
16 40 180
16 174 180
103 258
48 79 127
240 263
59 101 102
16 107 126
81 265 266
244 245 263
8 300 302
177 286 302
212 255 295
76 276
76 83 92
222 226 255
1 102
188 194
133 258
105 196
17 83
194 198 202
80 102
198 212 307
35 37 71
16 54 91
157 269 313
16 28 75
66 108 168
14 122 238
17 204
8 121 276
109 240 263
16 197 261
10 132 234
8 74 201
71 166 168
57 276
207 212 293
24 99
4 17 83
20 48 166
78 83 220
58 97
61 102
213 226 247
167 269
98 169
10 117 195
60 63 96
107 261 301
48 166 270
183 213
12 102
31 115
17 217
59 292 302
54 81 245
57 76 276
40 46 47
46 100
32 121 231
65 113
117 170 230
45 89 227
137 147 160
31 36 160
88 218
71 73 74
36 76 106
88 140 141
82 174
183 226
28 31 57
264 299
116 172
214 255 295
37 71 173
54 87 238
46 113
260 301
16 83 121
172 188
39 73
267 275 284
52 53 108
72 117 124
162 180
223 242 292
206 247 286
35 75
160 222 262
56 134
264 312
157 186
162 301
22 176 230
160 191
206 307
280 293
7 35 100
21 157 186
104 296
71 195 319
62 70
14 123 263
212 295 325
17 111 250
111 191
104 132 279
83 129
13 134 185
50 94 326
36 87 190
81 240 251
145 189
16 75
57 76
8 82 121
97 204 257
59 71 157
227 258
50 156 157
55 109 283
143 264
8 242 258
93 106 131
99 194
99 107 173
112 133
202 309 310
194 202
37 255
190 222 323
141 286 292
157 320
64 92
196 248
275 312
99 315
21 157 320
16 37 85
81 126 162
309 310
166 261
207 262
312 315
228 261 289
31 36
17 138
8 242 271
35 37 126
35 138 178
60 129 263
15 213
101 216
59 112 292
1 278
103 215 242
73 154
54 162 276
50 169 230
0 1 24
91 208
99 125 176
55 285
75 200
171 195 286
108 148
202 206 252
11 215
4 166 261
81 107 162
24 154
4 17 138
175 323
70 79 106
142 146
1 170
106 116 177
26 52 188
55 57 82
91 93 126
15 35 85
52 108
38 210
59 61 74
39 142 153
34 147 296
138 160 262
53 61 176
81 137 162
202 281
146 241 325
214 295 325
99 106 176
163 326
10 36 69
107 121 238
216 268 300
156 286
118 145 172
21 98
42 170 246
114 115 244
130 270
15 16 85
51 94 157
267 275
46 47
98 176 187
126 276 301
51 92 269
177 237
37 41 120
15 35 219
28 114
71 254 325
74 230
143 257 264
132 171
271 286
36 83 177
198 213 293
35 65 160
125 141 166
36 76 174
48 147 301
16 78 219
97 158 183
60 106 224
107 185 212
52 169 230
15 16 219
171 176
10 149 201
48 74 173
60 308
22 74 274
59 157 158
62 70 150
8 112 227
67 71 168
81 236 251
141 201 290
245 246
121 236 283
156 195 286
57 131
44 242 294
90 178 209
170 184 230
27 107 301
4 12
52 125 173
86 123 224
39 71 73
118 262
66 72
126 205 208
76 265
26 108 270
121 122 238
29 190
218 261 297
22 106 175
59 69
4 133
231 324
262 264 302
173 319
8 19 133
206 222 243
117 195
225 289 297
29 82
240 265
171 201 264
4 254
48 50 71
183 198 213
103 215 297
279 314
50 262
110 276
58 86
196 215 286
86 134 224
87 265
81 109 263
73 101
15 77 137
55 81 265
150 222 274
50 172 182
50 158 284
121 263
40 65 315
207 212 295
24 101
75 120 224
106 125 173
72 231 266
206 252 256
20 48 168
31 106 208
214 226 280
51 183 200
261 289 297
149 217
59 158 183
139 286 292
52 195 204
10 287
31 57 208
48 147 222
21 153
66 72 230
59 170 193
199 206 295
16 46 107
42 212
198 202 213
121 276
24 152 287
121 246 276
48 59 230
169 172
12 225
70 166
93 178 185
75 107 123
243 286 295
84 162 220
48 230 270
74 108 179
169 186 230
203 212 293
74 177
66 274 313
140 171 264
66 186 200
135 271 298
140 143 165
207 253 295
31 100 160
60 92 115
204 257 268
23 67
71 101 151
34 252 255
44 111 297
5 198
212 214 325
149 275 284
35 77
280 291 302
16 138 180
122 194
117 162 182
227 247
287 298
48 125 166
16 96 183
50 62
149 271 286
99 183
32 36 121
31 60 64
123 311
50 195 259
31 63 106
254 271 286
121 162 244
235 245 263
8 186
41 134
83 134 265
187 188
12 77 242
257 279 286
144 149 284
149 217 292
102 230 270
78 137
213 262 295
48 162 182
29 57 276
29 137
20 71 73
257 264 284
71 74 273
20 317
54 162 265
135 264 284
17 19
54 238 260
125 184 186
57 91
132 149 279
59 173 183
20 95 322
270 320
3 205
8 320
242 258
137 160 197
46 110 236
35 138 180
92 106 115
17 261
214 280
70 108 166
71 125 187
34 133 242
111 272 300
40 100
191 237 283
52 64 99
212 222 309
43 88 89
144 284 296
158 198 204
59 79 130
216 218
50 71 168
174 221
72 173
77 288
144 217 242
30 192 232
134 263 283
10 234
271 275
213 247 255
255 267
57 185 276
94 151 168
56 57
61 172
16 180 219
141 286
107 125 187
262 295 325
130 198 226
57 69 185
144 291
16 41 60
92 217 322
56 178
21 72 186
8 132 225
67 71 157
45 89 297
16 78 100
98 161 187
14 57 276
81 236 240
198 213 295
13 123 134
121 134 224
74 124
206 243
27 35 37
183 296
76 133
62 74 150
141 299
48 71
227 302
31 100 107
48 116 172
37 178
48 176 186
21 48 71
7 27 37
201 286
106 134 316
35 253
141 262 302
160 190 222
10 35 37
111 248
17 102 258
215 305
55 87
284 298 314
166 176 201
117 184
110 123 276
103 201 267
20 21 186
50 130
201 299
260 263 311
8 112 242
21 50 130
97 158 319
50 313 319
147 158 160
92 248
51 158 183
27 220 301
10 121 238
110 265
8 10 315
111 242 271
43 211
144 290 291
97 183 204
225 228 289
19 133 292
101 152
10 218 292
59 192
152 154
93 107 160
31 93
43 103
48 194 202
44 294 297
110 134 276
147 160
74 179 274
63 107 175
8 149 258
149 206
206 253 325
134 235 263
27 37 85
102 151 287
157 167 269
21 186 273
188 319
104 204 292
144 146 296
12 93
8 144 264
31 106
20 166 270
42 244 276
176 201
26 67 230
87 107 238
156 222
82 113 115
202 213 325
29 76 276
86 224 240
149 242 258
40 47
158 268
82 134 174
42 93
76 134 276
81 86 109
84 162 209
51 61
139 228 289
59 63 69
234 260 311
99 106 125
158 160
31 91 208
42 81 231
86 170 246
165 284
213 214 254
71 127 193
71 168 194
257 287
36 83 113
67 163
134 265 276
12 227
57 83 175
257 286 302
139 216 292
52 59 173
135 297
106 115 116
147 203 255
49 230
183 230
48 59 124
62 169
24 151 158
204 289
42 227
4 216 286
42 81 244
248 295
74 179
32 37 69
60 244
10 112 218
59 102 158
8 11 111
16 120 236
51 195
8 71 125
119 157 269
16 174
10 302 315
50 214 261
257 300
40 302
169 187
218 225 297
199 295
71 98 148
9 171
69 185
102 108 148
164 193
280 291 304
287 300
59 62 99
71 137 197
171 206 302
144 165 217
138 177
37 93 178
100 185 232
16 114 175
131 137
222 255
29 126
139 257
8 298 302
96 301
48 49 186
35 116 289
94 157 269
162 191 192
175 301
87 238 265
22 59 157
55 123 185
138 190
105 242
124 255
121 231 238
143 268
83 92 162
203 255
62 316
81 244 266
257 264 286
103 275 284
133 196
133 248 250
205 301
8 105 149
17 250
21 92 158
99 319
300 309
48 71 187
112 258
17 43 217
141 171 201
46 70 166
50 319
270 322
257 271 302
8 135 149
78 160 220
29 121 276
48 71 79
10 11 111
52 99
104 279 292
29 137 220
59 79 119
74 102 230
10 111 234
42 93 162
121 244 311
237 266
55 134 185
3 15 35
30 107 177
10 234 304
137 160 320
214 282
6 32 121
24 158
142 153 154
63 86
82 99
101 112
103 149 242
111 272 302
111 225 227
48 50 262
77 169
143 144 257
143 271 298
59 271 302
121 123 263
216 268 304
179 274
88 141 267
59 176 186
21 102
216 261 301
66 72 179
86 231
36 55 106
58 169
106 173 176
81 166 170
126 134 185
104 221
87 109 244
48 59 179
143 204 257
111 302 315
72 188
218 242
74 159 201
105 149 225
71 207 254
74 92 147
123 126
90 178
36 37 65
17 243 250
84 86 265
70 183 193
15 46 237
125 172
190 301
29 78 137
83 175
102 188
130 183 226
12 106 115
74 189 201
41 178
79 102 106
240 263 265
271 272 302
240 265 311
60 64 231
97 194
121 162 180
69 132
220 301
83 194 215
20 74 186
149 201 284
34 296
4 124
22 23 168
125 182 184
229 242
36 76
27 63 114
15 106 237
247 296
11 19
139 204
48 176 201
284 299
42 263 265
8 135
183 198 204
102 177 208
290 291 302
24 166 187
63 106 114
122 240 265
69 76 261
72 99 125
203 310
222 323
52 99 124
71 74 101
165 257 286
110 134 265
106 148
59 302
291 300 304
272 302
57 148
101 154
73 92
59 194
4 258
158 197 198
21 73 92
83 115 177
37 65 160
8 19 258
24 92
21 24 92
48 187 201
42 82
76 134 265
63 82 120
48 71 255
147 158 296
10 171 195
15 35 144
54 81 238
79 270
31 57 91
21 79 270
12 216
72 230
190 222
173 186 270
142 153 222
123 174 311
77 180 219
21 157
147 296
17 59 242
58 224
70 278
61 106 173
264 292
102 230
106 162 301
116 226 249
88 103
47 65
257 268 314
5 297
165 286
59 102 147
7 100 209
238 276
114 116 124
17 54 285
43 44 89
169 176
36 83 115
26 127
12 229
60 92 106
70 170
103 151 248
175 177 191
14 238
146 165
21 170
146 183 284
76 77 107
160 197 198
170 183 226
280 286
36 134 174
16 176
71 214 325
72 186 230
88 133 228
74 302
160 305
208 224 265
233 295
52 74 173
119 157 163
16 40 107
57 69
103 185
71 154 166
111 305
34 146 213
229 297
48 74 124
74 230 270
160 197
44 45 297
35 37 106
202 249 252
57 190
65 111 248
198 203 293
125 166 187
45 248 252
35 77 178
8 279 291
240 311
12 54 77
81 122 265
127 141
195 204 257
257 279 290
30 208
57 82
140 165 291
189 201
48 262
194 316
87 190
1 150
59 147 158
53 73 274
8 82
158 183 197
99 200
16 35 126
81 107 263
81 126 276
8 82 248
316 319
140 271 286
57 91 205
173 270
50 102 169
51 269 313
202 262 325
64 107 263
12 46 91
30 162 223
91 93
80 163
93 102
60 77 308
66 68 157
6 36 121
135 149 284
21 38 166
122 123 283
100 263
143 264 284
99 106 169
158 204
264 287 298
89 104
20 94 158
79 325
170 234 257
111 272 304
235 263 283
77 100 160
223 225
267 268
126 134 174
51 118
135 149 297
59 271 304
197 221 261
213 254 262
33 222
41 46
10 238
211 228
204 257 314
121 236 263
90 116 129
0 166
104 223
48 62
148 230 270
76 77 162
102 298
28 120
237 263 266
32 37 126
53 59 176
111 234 304
10 73 320
82 115 244
17 204 297
206 286 302
84 93 162
64 92 115
146 233
132 298
14 42 93
8 71 74
1 2 194
28 35 65
271 272 304
69 76 129
160 222 323
20 242
118 155 182
162 185 192
106 107 187
4 5
204 268 314
102 311
143 312
48 74 179
8 22 74
83 162 265
201 290
16 65 111
156 222 274
12 91 115
252 255
217 234
62 155 200
116 131 177
50 156 326
59 62
206 248 252
143 204
23 59 117
16 35 60
54 81 93
57 137
16 174 175
106 258
56 160 185
21 71 72
59 183
132 280 286
88 204 297
149 284 297
14 42 227
11 142
71 193
178 237 260
121 126 134
3 16 75
22 156
8 258
112 315
272 304
141 177 302
58 71 170
145 159 189
54 81
221 258
105 312
3 35
82 246 285
58 99 124
43 211 242
21 25
139 144 165
3 106 247
33 222 262
154 325
59 72 173
29 83 162
88 215 297
59 176 230
49 202 212
104 204 296
59 170 186
17 133 217
219 220 224
10 36 238
146 171 206
223 280
173 195 200
28 126 276
35 114 124
139 300 304
76 92 162
69 93 162
238 260 266
21 38
12 218
177 285
77 100 107
149 223
60 114
147 222 296
74 166 177
118 158 172
204 271 304
72 124
158 164
175 177 301
150 156 168
50 59 230
35 54 86
19 206 211
220 224
112 166 215
74 106 247
90 114
35 178
153 170
76 107 160
77 169 183
26 71 73
70 172
88 133 217
234 280
59 97 192
106 115 120
21 130 186
222 262 296
25 67 71
59 148 157
111 292 300
64 99 173
141 234 286
122 187
84 86 93
287 291
53 124
126 185 301
144 242
226 281
52 200 274
72 172 176
121 134 283
158 204 296
267 279 290
206 302
216 292 300
30 76
135 271 304
165 279 291
125 166 176
71 212 254
139 248
20 68
35 65 113
54 121 244
55 82 283
105 112
50 176
17 248 250
61 72 173
16 299
8 10 11
174 260 301
159 201 267
134 291
20 49 186
81 170 187
59 117
8 71
27 84
43 242 294
57 192
31 85 100
8 10 132
76 205
35 77 180
4 302
35 178 232
36 107 177
16 107 176
201 286 290
28 60 311
16 60 64
48 53 124
160 320
36 82 120
38 71
16 17 138
165 290 291
106 205
171 201 204
59 130
17 133
80 152
198 226 255
186 319
257 264 290
231 240 263
5 198 320
17 45 146
11 111 249
50 62 99
76 133 242
112 262
57 81 162
81 137 265
106 116 172
12 46 93
216 280 292
17 146
77 160
8 121 218
52 117 184
202 252 255
143 290 302
147 255 286
50 74 230
137 147
8 257 264
142 262
34 284 296
155 201
215 216 280
8 218 272
177 219
78 83 162
19 248 250
55 238 246
107 160
167 211
144 280 291
81 86 276
134 244 263
5 112
255 267 314
134 263 276
66 155 168
40 106
68 157 269
81 107
16 36 83
77 100 162
89 227
223 227
102 166
25 156 222
32 107
137 160
145 158 274
207 255 295
54 55 134
59 183 193
72 179
114 244 245
216 291 292
70 106
20 26 39
74 225
93 238
35 86 93
66 67 68
48 59 62
67 222
86 237 251
114 124 301
141 171
130 278
132 287
285 300
48 59 183
76 126
141 292
48 64
59 164 193
53 179
20 21 166
180 220
106 107 176
113 166
15 106 107
149 201 275
71 169
29 57 82
16 63 175
125 176
166 177
185 190
171 292
212 293
10 121 218
51 61 230
31 160 208
203 255 293
118 269 313
81 87 244
76 77 177
105 149 242
201 292
82 265 311
35 144 289
173 193
66 67
121 183 243
121 224 244
9 10 248
14 238 276
97 319
50 244
124 193
56 76 301
22 145
46 47 107
88 149 242
228 250
71 303
48 319
144 165 289
64 263
171 204 264
3 106 115
83 175 219
31 55 60
198 226 310
107 231 285
175 185 192
31 57 69
70 193 322
224 240 265
168 212
16 35 75
28 57 81
43 217
160 177 285
149 320
176 194
91 106 115
255 295 310
51 195 313
16 111 191
188 204
17 59 112
39 70 71
257 280 302
51 183 195
70 148
77 107
130 199
48 173 270
176 315
10 282
216 217 304
140 204 302
14 57 82
215 216 227
58 86 170
74 159
57 162 276
150 154
217 242 250
76 126 162
158 274
60 69 113
88 215
126 162 185
33 34 226
126 208 301
146 206 286
106 120 224
212 247 255
48 59 117
227 229
101 112 166
125 218
74 247 252
38 39 70
94 164 168
44 92 158
37 71 170
51 66 158
160 175
27 60
46 110
240 263 311
59 102 151
104 280
98 148 188
90 116
34 262 295
92 162
140 247 254
59 62 200
39 70
55 235 285
231 240
83 113
59 180 192
74 293
60 129
27 100 106
29 57 137
10 59 213
208 229
82 115 301
111 296
34 248 252
14 134
41 237
187 291
90 129
8 10 121
222 248
48 79 166
48 132
139 250
55 82 285
34 146 325
122 238 265
41 129
36 59 125
117 124
89 133 297
8 302
74 230 274
103 310
257 264 279
36 177 238
3 30 175
17 243
127 193 322
135 264 279
215 258
112 251
217 304
3 115 175
4 196
119 146
105 248
226 247 296
8 315
158 183 201
80 154
143 290 291
59 98 125
73 151
59 170 230
146 213 247
86 90
45 89
4 112 251
91 205
177 208
77 270
48 71 193
126 162
134 263 265
48 166 201
107 177 238
59 72 230
262 302 310
34 147 293
149 225 258
111 216 292
99 106 173
88 149
51 66 200
151 168
51 230
32 69 93
158 198 320
10 73 298
50 159 168
81 109
54 55 244
86 224
13 126 185
144 165
28 219
139 248 292
93 131 160
14 55
143 271 304
102 169 230
81 86 170
32 36 37
42 162 244
68 157 163
37 160
70 108
243 250 284
0 278
4 248 286
60 63
150 222
199 253 295
255 275
111 112 305
165 171 280
0 170
55 69
89 212 218
106 115 177
5 248
8 140 165
132 289
256 262 302
48 167 213
3 107 114
6 69
37 173
60 64 224
71 170 193
97 187
44 297
48 187
106 128
185 192
212 295
188 195 204
124 182
43 45 211
61 72 230
36 69
28 60 126
262 264 286
53 59 72
71 89 325
17 197 261
95 274 313
48 62 173
48 79
58 62 99
23 251
97 200
103 223 280
246 260 285
21 48 79
284 292
91 126
36 190
22 50 156
97 176 183
171 195 204
173 195
81 121 244
11 133
219 311
236 251
67 156 222
149 217 234
8 177 302
50 246
36 82
102 177 322
173 316
5 177 197
198 212 293
15 144
4 251
144 165 291
67 157 164
35 37 178
52 147
52 108 179
198 201
81 82 265
1 101
128 142
152 270
48 50 189
46 70 106
102 195 204
59 156 158
134 224 244
149 201
228 265
63 82 113
5 17 221
80 101
54 81 110
140 201 286
52 173 200
60 63 82
50 118 172
126 174 208
36 69 76
12 88
140 280 286
278 320
204 264 279
27 106 301
216 268
125 158 317
67 145
81 93 107
55 162 308
78 83 219
121 123 311
46 113 166
88 204
268 287 298
19 104
54 106 116
50 146 284
140 204 304
109 263
16 78 137
21 150
134 238 276
21 170 273
3 65 75
65 107 160
10 50 140
15 16 137
35 54 77
111 218 248
26 53 74
143 284 298
82 113 123
150 156
70 151 168
118 172 182
301 325
16 83 107
23 51
33 281
59 97 183
177 237 263
147 247 293
123 174
21 163
89 297
81 185 244
14 123
31 107 160
73 102 169
218 225 292
71 79 93
139 216 300
90 106 116
83 115
147 226 247
71 101 148
84 93 100
111 292 304
27 84 100
87 134 190
109 110 235
6 16
106 107 125
34 146 206
27 75
113 115
137 138 180
199 202 253
104 295
8 24 287
216 292 304
24 39 73
16 174 221
102 119 130
48 79 168
134 174
106 107 246
212 242
7 27 100
275 298
17 146 243
86 123 276
8 112 292
140 165 284
48 255
222 226 296
87 238 260
102 142 154
270 304
94 148 151
99 193
21 50 72
56 185 301
69 162 204
16 75 191
141 171 304
141 286 291
76 261 297
54 93 162
17 245
300 304
11 201
81 240 263
22 66 168
27 106 114
222 226 309
74 262 322
22 161 176
270 317
143 165 298
73 153
174 205
28 31 85
67 79
17 258
20 73 92
71 148 168
109 238 244
14 55 238
12 102 258
86 87 285
10 218
132 149 289
20 24 92
73 274
235 244 263
81 93 162
146 199 206
13 126 174
89 218
37 71 93
35 124 255
158 198 201
59 79 127
143 264 290
10 50 195
72 170
144 275
56 162
37 41 106
31 36 93
28 100
21 72 170
147 250 296
142 222 262
112 166 261
77 107 169
271 272
177 181 265
16 111 261
59 225 302
62 98
54 55 246
17 86 285
90 100 178
106 113 120
125 154
37 41
60 64 92
17 44 59
93 131 162
107 285
14 57
59 130 186
146 213
187 201 291
50 261 302
16 138 219
71 214 252
242 271 280
215 216 297
72 183
269 274 313
56 175
116 226
102 291
74 222 252
111 234 297
93 121 238
141 262 286
204 280 304
48 176
166 168
35 63 86
111 271 300
147 198 203
132 291
53 59 61
52 179 274
16 116
208 286
241 262 325
50 59 302
16 40 47
236 240
48 189
252 254 256
166 181
51 158 167
9 234
8 238
8 9
132 304
117 182 226
54 81 86
148 157 269
170 182 183
2 194
26 108 148
42 77 134
81 170 246
145 159 169
59 176
54 107 260
275 280 304
138 240
144 165 280
91 128
55 81 238
3 15
173 182 184
26 52 108
279 300
35 90 178
64 146
109 236 240
20 39 92
8 149 242
27 178 301
141 280 302
198 212 295
64 116 131
34 226 280
35 41 178
59 112 225
87 251
31 90
6 16 69
50 72 230
66 313
137 261 301
101 270
222 226 256
10 37 69
193 273
99 287 292
203 226 309
262 286 302
42 77
63 82 115
6 46 69
50 102 230
134 235 260
29 137 162
141 254 262
183 201
202 214
188 316
147 183 284
103 267 284
28 36 147
74 151 293
65 126 162
140 275
44 158 261
74 167 274
106 125 172
11 103 201
20 24 39
149 223 242
50 145 169
0 1 320
70 152
58 98
176 319
50 59 102
234 260
59 97 172
16 37
202 213 214
21 152
227 247 286
81 166
59 63 66
76 107 261
72 117
86 121 122
264 287
102 106 231
28 276
162 276
90 116 177
79 278
216 286 300
37 84 100
137 219
82 283
21 273
172 176
198 213 226
8 111 218
20 48
139 216 289
76 137 261
143 280 302
223 242 280
44 92 270
132 225
111 248 250
48 255 262
35 63
264 300
121 134 276
27 64
118 182
32 36 107
24 70 166
51 230 270
91 126 208
35 77 160
83 117
50 169
275 287
91 205 208
7 35 209
31 74 106
30 190
37 100 178
110 121 134
111 300
55 246 276
162 208 301
99 182
147 214 252
28 35 126
57 185
175 177
1 24
97 257
54 238 246
31 55 106
36 82 113
112 242
57 77
76 276 301
140 165 286
32 107 121
158 190 232
71 74 151
59 117 274
175 238 249
94 143 304
55 81 185
257 271 286
99 195
10 264 275
27 106 224
140 146 165
81 244 263
175 190
11 111 242
71 148 157
51 102 195
31 36 69
99 316
14 224 265
140 141 171
10 207
84 193
87 198
116 125 177
149 242 297
31 37
163 193
149 258
31 36 190
11 242 294
44 144 297
59 61 62
34 147 284
57 81 276
81 110 276
244 266
88 140 171
143 264 279
72 159
130 198 199
77 100 263
237 263
71 148 170
88 140
126 166
137 261
70 151 212
23 51 313
76 126 208
146 202 213
17 59 292
215 216 286
59 183 186
222 253 255
206 212 214
21 72 172
17 19 112
286 300 304
147 284 296
20 21 38
146 183 213
162 223
51 94 158
126 162 244
104 218
93 102 106
48 59 176
74 124 177
59 117 195
70 106 172
80 151 168
166 176 187
214 233 282
36 59 63
122 219 311
5 221 258
75 178
110 251
141 280 291
8 121 132
86 235 251
171 204 257
171 176 195
183 198 201
62 71 214
172 195 273
57 276 301
12 17 258
28 90 251
16 54 81
20 38 71
59 112 227
31 64 115
77 208
208 232 286
257 287 298
132 149 225
59 179 230
257 268 298
143 280 291
16 83 219
76 126 276
102 148 230
101 102 151
121 220 224
143 280 304
39 92 162
111 284 296
199 262 295
28 60 64
93 100 185
97 125 183
23 59 167
52 62 173
44 144 165
8 290 302
81 82 311
22 59 156
51 183 230
102 119 147
81 110 265
27 37 126
20 71 74
76 261 301
29 81 82
4 166 251
55 160 308
102 148 151
29 162 276
143 271 284
75 106 224
77 107 160
213 214 295
48 200 262
57 126 276
133 242 258
25 150 156
215 280 286
74 124 179
137 221 261
121 180 220
84 100 162
16 17 54
41 90 178
111 271 304
48 176 187
204 302 309
47 93 162
81 109 240
104 223 280
144 165 284
158 166 201
83 121 220
144 146 284
48 50 195
18 103 242
148 151 188
36 69 82
28 31 36
26 151 188
143 204 298
147 247 286
36 37 106
249 252 255
144 300 309
68 71 157
97 125 172
84 86 90
23 117 161
112 302 315
3 107 175
13 123 311
8 290 291
3 16 114
165 267 291
79 106 107
16 32 107
110 185 244
240 260 263
177 180 219
55 134 160
195 259 313
50 280 319
48 97 204
86 251 265
271 284 298
118 157 269
42 260 263
11 228 242
49 71 212
198 255 256
21 172 273
15 35 77
19 206 250
59 102 188
142 153 155
25 74 150
102 106 169
84 162 265
48 59 167
101 112 216
31 107 208
3 35 85
174 178 301
40 47 106
21 48 303
159 189 201
226 280 281
52 173 182
4 89 196
185 276 301
124 177 301
109 235 263
44 138 258
88 89 133
125 176 315
115 175 177
16 17 111
134 176 291
171 206 292
111 284 300
54 162 244
3 28 126
143 165 280
133 227 302
132 149 271
126 166 276
8 292 315
55 134 283
16 137 138
138 158 197
4 196 242
166 177 322
36 63 82
17 54 86
146 206 325
105 133 258
42 81 276
204 257 302
150 156 222
21 48 50
74 222 247
48 200 266
81 87 109
10 66 268
112 221 262
19 133 258
31 37 100
4 35 124
48 99 173
74 114 151
170 179 230
86 245 265
48 173 243
43 89 227
52 264 302
81 109 244
92 106 162
81 82 262
149 225 297
56 126 134
20 48 270
22 176 187
12 111 249
20 127 270
103 267 292
126 185 276
92 217 248
228 248 250
90 91 115
31 63 74
60 64 263
4 35 166
79 102 151
59 101 127
30 175 301
93 100 178
87 238 244
16 54 116
77 78 308
31 74 114
51 118 158
13 240 311
97 106 176
121 170 183
56 76 126
94 148 269
64 100 129
52 99 182
48 166 187
60 114 244
116 125 172
240 245 265
177 191 237
4 5 124
21 26 38
141 166 320
58 86 224
74 247 293
48 195 204
204 257 304
139 141 286
35 144 264
92 119 158
53 108 179
76 162 209
123 237 263
141 201 286
46 70 79
141 280 286
50 168 326
81 107 187
42 77 131
4 196 286
63 86 231
54 55 285
20 94 95
38 39 166
8 74 320
105 242 258
141 262 325
17 44 111
29 235 276
59 117 124
81 266 276
71 170 234
31 74 90
176 187 201
59 180 301
91 126 205
74 230 262
100 106 162
27 84 220
17 111 248
147 253 325
48 71 168
48 166 176
107 238 260
31 92 106
211 228 242
59 167 213
22 156 168
143 165 284
137 160 301
16 111 234
103 149 223
43 89 297
83 117 162
141 166 201
214 295 310
148 186 230
109 244 263
86 109 285
92 119 147
59 225 301
67 68 71
8 57 276
20 21 48
121 217 218
19 149 206
35 37 153
31 60 115
16 40 46
20 48 127
171 195 313
130 193
3 16 175
71 206 214
57 185 301
102 195 313
5 197 261
79 110 236
49 72 202
20 26 71
33 48 222
71 73 169
35 264 289
42 93 224
111 112 227
107 174 238
74 252 293
86 93 224
92 151 248
31 74 92
64 120 224
81 251 276
80 148 151
214 215 280
107 238 249
264 279 321
166 177 181
141 166 177
48 71 170
171 280 304
52 99 173
70 79 80
53 72 124
91 178 208
59 230 271
48 162 301
83 121 162
55 57 69
76 242 261
36 69 132
203 226 255
147 250 284
126 134 276
5 197 221
140 247 286
140 141 304
139 165 284
147 203 293
5 225
81 162 276
133 135 277
121 231 263
21 50 102
29 126 174
147 260 301
225 228 261
172 195 259
31 55 160
16 35 54
223 280 292
84 90 100
16 75 126
88 141 171
31 85 160
171 176 315
38 108 166
36 76 190
48 222 262
125 169 173
198 201 204
59 102 130
50 94 168
11 12 249
118 119 282
111 250 284
20 21 92
13 123 174
183 284 296
147 247 296
27 84 90
121 263 283
215 286 287
103 148 151
13 134 174
47 126 162
26 38 108
16 35 230
59 186 230
8 227 302
34 242 280
28 91 126
28 85 311
28 219 311
255 267 295
50 62 214
102 208 322
81 185 276
123 263 283
112 166 251
30 106 115
81 162 265
169 176 187
20 21 26
178 205 208
130 183 198
