1,2
1,3
0,4
1,4
2,4
1,2,3
0,6
1,6
1,2,4
2,5
3,4
1,7
1,3,4
3,5
1,8
2,7
3,6
2,3,4
4,5
1,9
2,8
3,7
1,2,3,4
2,3,5
1,2,8
2,4,5
2,3,6
1,3,7
5,6
4,7
3,8
0,11
1,4,7
5,7
4,8
1,4,8
1,3,4,5
2,3,8
1,5,7
6,8
2,5,7
1,2,3,8
0,14
7,8
0,15
1,7,8
4,6,7
8,9
0,17
2,3,5,8
3,15
2,4,6,7
4,7,8
9,10
1,2,4,5,8
1,4,7,8
11,9
14,6
0,16,5
6,7,8
11,10
0,21
15,7
14,8
0,22
12,2,9
14,9
15,8
0,23
17,7
14,10
11,13
15,9
1,24
4,6,7,8
16,9
15,10
12,13
11,14
0,18,7
16,10
11,15
12,14
0,26
14,4,9
1,3,4,5,6,8
7,20
12,15
13,14
11,16
12,16
13,15
0,28
0,24,5
13,16
0,14,6,9
14,15
12,17
3,26
2,27
1,24,5
22,8
14,16
15,16
0,31
1,12,19
1,2,4,5,6,7,8
11,12,10
0,12,21
11,13,9
0,33
7,19,8
25,9
11,13,10
16,18
0,34
0,26,9
11,15,9
12,14,9
0,15,20
2,15,18
17,18
0,2,25,8
0,26,10
12,14,10
17,19
22,14
23,13
28,8
0,36
29,8
13,15,9
13,14,10
18,19
17,20
5,32
11,13,14
24,14
14,15,9
13,16,9
18,20
0,1,17,20
14,15,10
13,16,10
22,17
19,20
18,21
2,37
15,16,9
12,13,15
23,17
22,18
19,21
12,24,4
4,6,30
15,16,10
22,19
20,21
23,18
24,17
0,41
32,10
0,11,14,17
13,14,15
22,20
24,18
25,17
13,29
12,30
11,31
1,2,3,4,15,5,6,7
22,21
23,20
13,30
24,20
23,21
34,10
14,15,16
24,21
22,23
0,16,29
0,36,9
22,24
11,6,29
3,43
11,12,14,10
23,24
23,25
0,48
24,25
7,32,10
0,33,16
18,32
34,16
35,15
0,50
11,12,13,15
12,13,16,10
25,26
30,21
11,15,16,10
14,6,32
13,14,15,10
0,37,5,10
11,41
42,10
0,52
13,15,16,9
24,29
26,27
25,28
0,22,17,7,8
26,28
24,30
44,10
49,5
14,15,16,10
22,15,18
25,30
26,29
27,28
49,6
0,23,5,28
26,30
25,31
17,19,21
25,32
26,31
27,30
28,29
23,3,31
39,18
0,57
1,2,3,4,27,6,7,8
16,32,10
22,17,19
27,31
28,30
26,32
0,58
18,20,21
27,32
29,30
28,31
11,28,21
19,20,21
24,17,19
28,32
29,31
50,10
24,3,27,7
11,12,13,15,10
22,18,21
23,17,21
29,32
30,31
13,5,43
3,58
11,12,13,16,10
23,19,20
24,17,21
23,18,21
30,32
45,17
1,3,4,5,6,7,29,8
24,19,20
24,18,21
22,24,17
31,32
0,63
26,6,32
22,23,19
23,13,28
46,18
22,23,20
46,19
0,24,16,5,21
23,24,19
0,66
0,11,12,4,8,32
33,34
37,30
11,56
59,8
13,3,5,27,20
17,51
0,2,15,20,32
24,25,20
34,35
33,37
34,36
49,21
57,13
11,12,13,16,9,10
33,38
34,37
13,58
2,69
33,39
35,37
12,60
24,25,16,8
33,40
35,38
36,37
11,12,4,26,21
13,17,6,29,9
35,39
36,38
34,40
12,13,15,16,9,10
37,38
36,39
35,40
37,39
0,76
37,40
38,39
22,55
22,17,18,21
38,40
12,15,51
48,31
25,54
0,79
23,17,19,21
24,17,18,21
49,31
11,12,13,14,15,16
26,27,28
22,28,31
22,24,17,19
25,26,31
25,28,29
0,25,26,31
0,52,30
67,15
22,24,18,19
26,28,29
26,27,30
25,27,31
11,12,13,14,15,9,10
23,24,18,19
24,19,20,21
25,27,32
30,54
78,6
26,27,32
25,29,31
44,41
42,43
5,80
26,28,32
26,29,31
27,29,30
27,28,31
44,42
56,30
23,63
6,80
23,24,19,21
25,30,32
28,29,30
27,28,32
44,43
46,41
13,14,15,6,40
11,13,14,15,16,9,10
27,29,32
7,81
45,43
46,42
47,41
0,27,61
27,61
24,64
11,77
0,88
26,31,32
48,41
47,42
44,45
46,43
55,24,10
11,56,4,18
6,83
14,15,29,32
47,43
44,46
48,42
29,61
27,63
25,65
18,72
44,47
48,43
67,24
29,31,32
44,48
30,31,32
45,48
46,47
40,53
61,32
79,14
46,48
17,18,19,20,21
47,48
15,80
23,19,54
65,21,10
21,76
0,97
33,5,7,53
77,21
49,50
67,32
25,74
1,3,95
46,54
91,9
38,63
49,52
50,51
24,18,19,20,21
49,53
50,52
0,29,73
23,24,17,19,20
22,24,17,19,21
50,53
51,52
49,54
27,76
0,103
33,35,36
36,49,19
55,49
51,53
16,7,29,52
0,104
33,34,38
34,35,36
0,2,24,39,30,10
40,65
56,49
11,94
51,54
52,53
22,78,5
15,6,84
79,26
55,50
11,24,70
57,16,32
2,3,4,15,5,6,18,7,29,8,9
33,36,37
33,35,38
55,51
0,23,78,5
78,28
0,22,84
11,95
11,12,13,14,15,16,17,9
55,52
53,54
22,85
1,106
34,35,39
35,36,37
33,36,39
33,35,40
56,52
55,53
0,24,84
17,91
25,26,28,30
35,74
34,36,39
34,37,38
33,37,39
59,50
56,53
22,23,24,20,21
25,26,29,30
35,37,38
35,36,39
56,54
13,97
36,37,38
35,37,39
0,48,31,32
55,56
33,39,40
35,38,39
36,37,39
48,64
11,69,32
25,27,29,32
26,28,29,30
34,39,40
35,38,40
36,37,40
66,47
88,25
0,113
0,66,48
12,39,63
0,83,31
105,9
0,114
26,28,30,31
57,58
0,100,6,9
26,28,30,32
57,59
0,15,7,29,65
26,90
22,2,92
0,116
38,39,40
58,59
57,60
0,64,32,21
102,5,10
107,10
27,28,31,32
57,61
27,91
97,21
1,117
0,118
58,61
26,30,31,32
12,13,14,15,16,17,6,7,9,10
28,29,30,32
59,60
57,62
4,115
68,51
28,91
0,11,108
0,13,106
11,12,2,13,3,14,4,15,16,9,21
48,52,20
0,22,16,7,21,54
57,63
59,61
88,26,6
0,15,105
113,7
22,23,17,18,20,21
22,24,17,18,19,21
57,64
58,63
59,62
60,61
0,88,25,8
23,98
58,64
59,63
60,62
90,32
24,98
59,64
60,63
61,63
60,64
71,53
4,120
22,23,24,17,18,21
61,64
62,63
100,25
110,15
7,118
62,64
17,109
63,64
69,59
68,60
0,128
0,99,22,8
46,41,43
5,29,96
110,20
120,10
46,42,43
44,45,42
78,53
66,65
0,101,30
47,42,43
67,65
0,34,5,93
22,110
44,48,41
44,46,43
44,47,42
45,47,42
44,47,43
44,48,42
100,35
46,48,41
67,68
70,65
17,20,98
126,9
0,135
44,45,47
23,59,54
67,69
66,70
6,29,80,21
88,39,9
123,13
7,129
47,48,42
72,65
68,69
67,70
66,71
96,41
0,137
25,26,27,28,32
68,70
33,105
22,116
1,48,4,86
44,47,48
69,70
68,71
19,120
56,53,31
69,71
100,19,21
102,38
0,140
69,72
70,71
46,95
35,106
0,141
33,35,36,38
0,55,26,61
115,27
1,141
1,23,24,17,18,19,20,21
34,35,36,38
33,34,36,40
5,138
4,139
3,140
11,1,24,13,14,15,16,9,31,10
33,35,37,39
34,35,36,39
33,35,36,40
26,28,29,30,32
22,123
138,7
22,23,24,17,19,20,21
33,35,38,40
0,13,90,43
0,117,29
128,18
22,23,24,18,19,20,21
0,2,14,4,15,27,6,28,30,21
35,36,37,39
73,74
28,119
127,20
34,36,38,40
116,32
8,140
74,75
73,76
11,138
0,26,61,63
77,73
49,50,52
77,74
75,76
78,73
0,22,112,17
79,73
78,74
77,75
92,60
49,8,95
122,30
50,51,52
80,73
79,74
78,75
59,94
24,16,7,106
50,51,53
80,74
79,75
78,76
126,28
14,140
0,22,23,24,17,18,20,21,10
56,49,50
50,52,53
88,67
79,76
77,78
80,75
55,49,52
77,79
80,76
51,52,54
77,80
78,79
55,51,52
56,50,52
78,80
137,21
24,13,29,30,31,32
52,53,54
56,50,53
56,49,54
79,80
129,30
18,141
17,142
55,51,54
56,51,53
22,23,17,98
132,28
0,22,34,4,19,52,30
56,51,54
4,15,19,92,31
22,107,32
24,137
135,27
56,53,54
81,82
81,83
0,136,28
25,139
55,56,54
0,15,63,87
82,83
81,84
0,124,41
1,136,19,9
26,139
81,85
82,84
81,86
136,31
83,85
82,86
81,87
100,24,16,28
22,26,120
12,135,21
88,81
82,87
83,86
84,85
25,26,27,29,31,32
88,82
138,32
88,83
85,86
84,87
88,84
24,103,26,19
25,127,20
140,32
4,26,60,83
88,85
4,27,142
88,86
121,24,29
123,51
2,134,17,21
33,34,35,36,37
22,23,24,15,17,18,7,19,20,10
25,28,29,30,31,32
44,47,41,43
45,47,41,42
99,76
88,87
135,40
138,29,8
22,23,24,17,18,19,32,21
57,59,60
132,27,17
0,22,23,24,5,17,18,29,19,21
46,47,42,43
45,48,42,43
57,59,62
4,125,49
57,58,64
99,80
89,90
105,74
44,46,47,43
57,61,62
89,91
45,47,48,41
59,60,62
90,91
89,92
34,35,36,37,40
33,35,37,38,39
99,83
45,46,48,43
57,61,64
58,61,63
14,103,65
78,3,71,30
129,53
0,78,104
90,92
44,45,46,48
45,47,48,43
59,61,63
110,45,28
60,61,62
58,62,63
0,2,13,26,16,27,29,70
90,93
91,92
89,94
57,63,64
59,61,64
2,69,29,84
90,94
91,93
34,35,37,39,40
58,63,64
89,96
90,95
92,93
91,94
46,139
33,36,38,39,40
90,96
91,95
92,94
61,62,64
91,96
92,95
93,94
61,63,64
93,95
92,96
138,50
62,63,64
93,96
88,23,24,27,28
14,81,95
108,82
132,8,50
24,93,74
95,96
1,112,9,60,10
97,98
2,14,82,98
99,97
113,3,80
100,97
111,86
101,97
100,98
8,93,98
101,98
0,78,104,18
103,97
99,101
102,98
66,134
25,26,28,29,30,31,32
66,70,65
100,101
99,102
103,98
25,27,28,29,30,31,32
66,67,69
89,18,95
100,102
99,103
104,98
66,68,69
68,70,65
67,71,65
100,103
101,102
49,50,51,54
11,24,84,53,32
66,67,71
68,71,65
79,17,7,70,31
100,104
101,103
106,98
1,13,108,82
22,23,4,17,18,19,30,20,31,21
66,69,70
69,71,65
101,104
102,103
67,69,70
70,71,65
102,104
57,8,141
56,49,50,52
67,69,71
103,104
113,94
71,72,65
125,5,27,19,32
56,49,51,53
56,50,51,52
2,102,62,43
68,69,72
134,32,43
56,49,52,53
55,50,51,54
68,70,72
113,27,70
56,50,51,54
56,50,52,53
68,59,84
69,70,72
55,51,52,54
105,107
106,107
11,22,12,26,16,17,28,19,0,2,9,31,21
55,56,50,53
105,109
106,108
56,52,53,54
110,105
107,108
55,56,51,54
111,105
110,106
133,83
33,34,35,36,39,40
55,56,52,54
111,106
108,109
110,107
112,105
0,1,24,62,130
44,48,41,42,43
112,106
110,108
111,108
110,109
112,107
22,25,26,27,28,29,31,32
112,108
111,109
89,131
112,109
110,111
44,46,48,41,43
73,74,75
110,112
136,86
111,112
104,119
136,87
45,46,48,42,43
77,73,75
74,75,76
3,14,26,27,28,7,29,30,31,32
78,73,76
113,114
80,73,75
79,74,75
113,115
78,75,76
79,74,76
77,79,73
77,78,74
0,22,11,2,68,16,18,9,83
113,116
114,115
77,78,75
4,26,17,18,19,8,108,30
114,116
113,117
77,78,76
78,80,73
115,116
114,117
113,118
77,80,75
115,117
113,119
79,80,74
115,118
114,119
113,120
99,134
78,80,76
77,78,79
79,80,75
114,120
116,118
139,95
14,5,8,50,62,96
110,115,10
117,118
116,119
0,23,2,14,49,27,90,31
57,58,60,61
116,120
117,119
117,120
118,119
118,120
57,58,61,63
119,120
57,60,61,62
57,59,61,63
58,59,60,64
58,59,63,64
59,61,62,63
122,123
121,124
121,125
123,124
122,125
121,126
122,126
121,127
46,139,63
60,62,63,64
81,82,86
82,83,84
122,127
123,126
124,125
67,13,28,141
0,22,12,25,26,27,17,28,30,31,32
81,82,87
123,127
123,128
125,126
82,84,86
125,127
124,128
33,34,35,36,37,38,40
88,81,84
82,84,87
83,84,86
125,128
126,127
126,128
83,85,87
138,117
127,128
83,86,87
8,86,75,87
88,84,85
88,82,87
0,33,35,36,37,38,39,40
88,84,86
88,83,87
132,12,2,80,32
34,35,36,37,38,39,40
56,49,50,51,53
129,130
88,85,87
129,131
56,50,51,52,53
132,130
133,129
55,50,51,53,54
78,104,81
133,130
132,131
134,129
56,49,52,53,54
135,129
134,130
133,131
55,56,49,52,53
56,50,52,53,54
136,129
132,133
135,130
0,17,116,18,74,20,21
135,131
46,47,48,41,42,43
133,17,96,21
132,135
132,136
133,135
67,68,69,65
133,136
134,135
67,68,70,65
134,136
44,45,46,47,48,41
135,136
67,70,71,65
0,11,24,46,25,16,6,30,20,65,21,10
66,67,69,72
68,69,72,65
66,71,72,65
90,91,94
89,90,96
137,138
90,91,95
137,139
138,139
67,68,71,72
90,92,96
138,140
137,141
67,69,71,72
90,94,95
90,93,96
56,12,45,2,4,19,21,120
137,142
138,141
139,140
89,95,96
92,93,95
138,142
139,141
140,141
139,142
0,25,29,80,19,53,76
91,95,96
92,94,96
22,110,16,8,95,31
140,142
93,94,96
141,142
55,11,12,24,26,18,84,54
101,3,69,18,61,32
93,95,96
94,95,96
0,28,119,71,73
99,100,97
101,97,98
0,34,23,12,111,16,29,9,30,32
0,101,124,26,17,18,10
0,88,67,24,3,17,29,70
100,101,97
22,133,12,4,26,50,20,31
100,102,97
99,102,98
99,100,101
0,33,2,15,115,85,30,20
78,73,74,76
99,104,98
100,103,98
100,104,97
57,59,60,62,64
77,78,73,74
99,101,102
99,100,103
101,104,97
100,104,98
57,58,61,63,64
77,78,73,75
99,100,104
79,74,75,76
57,59,62,63,64
78,80,73,74
100,102,103
103,104,98
58,60,61,63,64
77,78,75,76
11,92,140,63
78,79,75,76
77,80,75,76
101,103,104
44,45,46,48,41,42,43
59,61,62,63,64
77,79,80,74
77,78,79,76
56,49,50,51,52,53
77,78,80,76
78,79,80,74
45,46,47,48,41,42,43
45,2,46,47,48,41,42,43
105,107,108
110,105,107
110,105,108
112,105,106
107,108,109
110,105,109
0,33,34,35,36,37,16,38,28,29,40
112,105,109
111,107,108
110,111,105
111,106,109
112,106,109
110,111,107
111,108,109
110,112,106
110,111,109
81,83,84,85
88,81,82,83
88,81,82,84
81,82,86,87
81,84,85,87
88,82,83,85
82,83,86,87
82,84,86,87
88,82,84,87
66,69,70,72,65
66,67,68,70,72
68,69,70,71,65
66,70,71,72,65
0,33,34,36,37,38,27,39,40,30,32
114,115,118
114,116,117
113,116,119
114,115,119
67,69,70,71,72
113,116,120
114,116,120
113,118,119
114,118,119
114,117,120
115,116,120
115,118,119
114,118,120
116,118,119
116,117,120
116,118,120
117,118,119
117,118,120
116,119,120
48,16,38,91,74,97
0,56,49,50,51,52,53,54
89,90,93,94
44,78,47,28,8,91,41,31
89,92,93,94
55,56,49,50,52,53,54
55,49,5,50,51,52,53,54
90,91,92,96
89,90,94,96
122,123,124
121,122,127
121,123,126
89,92,94,96
90,92,93,96
121,123,127
121,122,128
122,124,125
90,92,94,96
91,92,93,96
89,92,95,96
91,92,94,95
123,124,125
122,124,126
121,125,126
91,93,94,95
121,125,127
92,93,94,95
121,125,128
122,125,127
123,125,126
122,124,128
122,126,128
124,125,127
124,125,128
124,126,127
123,127,128
125,126,127
77,80,74,75,76
77,78,79,73,75
33,34,35,36,14,37,59,27,39,29,40
77,78,80,74,75
77,78,79,80,74
77,78,79,80,76
129,130,131
132,129,131
133,130,131
132,135,129
133,134,129
132,134,130
133,135,129
99,104,97,98
99,100,101,98
133,136,129
133,134,131
132,136,131
133,136,130
135,136,129
134,136,130
132,133,135
135,136,130
100,101,104,97
99,100,101,103
133,134,136
132,135,136
99,100,102,103
66,67,68,69,70,65
101,103,104,97
134,135,136
100,101,103,104
66,69,70,71,72,65
0,88,78,15,6,18,74,30,63,20,21
137,138,139
137,138,140
138,139,140
137,139,141
137,140,141
137,140,142
81,82,84,86,87
138,140,142
139,140,142
138,141,142
88,81,83,84,86
139,141,142
82,83,85,86,87
0,57,58,59,61,62,63,64
57,58,60,61,62,63,64
33,44,45,13,46,47,15,26,0,6,7,41,42,20,43
111,105,106,108
110,106,107,108
112,105,106,108
112,105,107,108
112,105,108,109
110,112,105,107
110,111,106,108
111,112,105,108
12,57,59,60,61,62,63,64
111,112,107,109
57,25,58,59,61,62,63,64
0,1,78,46,3,14,19,92,50,31,32,87
89,90,91,92,94
89,90,91,93,94
113,114,116,117
113,114,115,118
90,91,92,94,95
113,115,116,118
114,115,116,118
89,91,93,95,96
90,91,93,94,96
113,115,116,120
90,92,93,94,96
115,116,117,119
113,116,119,120
114,117,118,119
113,118,119,120
114,117,119,120
66,67,68,69,70,71,65
121,122,124,126
123,124,125,128
81,82,83,84,85,86
122,124,127,128
124,125,126,127
13,14,49,27,28,29,19,0,1,3,102,6,8,9,50,94,32,21
99,101,103,104,98
82,83,84,85,86,87
101,102,103,104,97
88,81,82,84,86,87
1,67,57,58,59,60,61,62,63,21
88,82,83,85,86,87
44,1,12,24,25,103,18,8,64,141,21,54
133,129,130,131
132,133,130,131
132,134,130,131
133,134,129,131
0,99,22,77,111,24,14,47,26,17,91
132,133,135,129
134,136,129,130
132,133,135,130
132,133,136,129
132,134,135,129
132,134,136,130
132,135,136,130
133,135,136,130
134,135,136,130
0,99,11,111,13,3,26,17,28,7,80,141
110,112,105,106,107
110,111,105,106,109
112,105,107,108,109
110,111,112,107,108
89,90,91,92,93,95
77,78,79,14,80,73,74,76
89,90,91,92,94,95
137,138,139,140
137,138,140,141
89,90,93,94,95,96
138,139,140,141
137,138,141,142
137,139,140,142
137,139,141,142
66,22,67,68,69,58,5,70,72,65
113,114,115,116,118
113,115,116,117,118
1,23,68,57,58,17,60,50,61,62,63,64
88,81,82,83,85,86,87
88,81,83,84,85,86,87
88,6,81,83,84,85,86,87
99,101,102,103,97,98
99,100,102,103,104,97
121,122,125,126,128
122,123,125,127,128
0,22,88,13,81,83,84,85,86,87
89,90,91,92,93,95,96
89,90,91,92,94,95,96
90,91,92,93,94,95,96
110,111,106,107,108,109
110,111,112,105,106,108
110,111,112,106,107,108
110,111,112,107,108,109
132,135,129,130,131
134,135,129,130,131
132,134,135,129,130
135,136,129,130,131
132,135,136,129,131
133,134,136,130,131
133,135,136,130,131
89,18,90,92,93,94,95,96
113,114,116,117,118,120
137,139,140,141,142
114,115,116,117,118,120
99,100,101,102,104,97,98
113,115,116,118,119,120
0,88,12,81,82,83,84,40,85,86,31,32
99,101,102,103,104,97,98
0,89,24,3,90,91,92,94,95,96,21,10
0,137,138,139,140,21,142
0,66,67,69,6,70,92,71,72,61,84,65
121,122,123,124,125,127
121,122,124,125,127,128
22,1,100,23,101,102,103,104,97,98
111,112,105,106,107,108,109
99,1,100,101,102,103,15,104,32,98,21
132,133,134,136,129,130
132,133,134,136,129,131
132,133,135,136,130,131
132,134,135,136,130,131
0,137,138,139,140,21,87,142
0,33,13,14,137,139,50,140,141,142
113,114,115,116,117,118,120
0,79,4,137,138,140,20,141,31,142
102,14,15,16,5,137,139,140,141,142
121,122,123,124,125,127,128,18
121,122,123,124,125,127,128,21
121,122,123,124,126,28,127,128
132,134,135,136,129,130,131
132,133,134,135,136,130,131
121,122,123,124,49,27,126,127,128,8
0,113,114,115,116,29,118,119,61,84,21,120
133,134,135,25,136,16,18,129,130,32,131,10
44,55,78,57,69,14,16,28,19,140,141,137,138,139,9,10
66,22,23,24,25,26,49,28,29,92,50,73,51,52,53,10,32,55,12,56,57,14,15,17,18,19,0,1,2,3,4,6,8,9,61,85
77,23,25,16,17,29,19,0,110,111,105,106,107,108,109,84,85,32
66,45,68,25,47,27,28,29,110,111,112,91,93,95,31,56,13,15,59,18,19,0,1,2,3,102,4,5,104,6,106,107,9,108,109,61,20
