0,1,2,3,4,5,6,7,8
9,10,11,12,13,14
11,15,16,9,17,18,19,20,21,22,23,12,24,25
26,27,28,29,30,0,31,32,33
34,35
36,37,38,39,40,41,42,43,44,45,46,47,48,49
50,51
52,53,39
54,55,0,56,57,58,31,59,60,28,61,62,63
22,64,13,14
65,66,67,68
69,70,71,50
72,73,74,43
75,76
77,12
57,78,79,80,81,82,83,84,85,86,87,88,54,89,90,91,60,31,0,92,93,4,27,94,95,33,7
96,97,98
99,100
101,102,103,104,105,106,107,108,109,110,111,112,113,96,114,115,116,117,118
102,96,101,119
120,121
122,123,124,125,67,126
127,128
31,26,56,83,54,27,60,129,33
130,131,63,8,4,86,132,33,133,134,135,136,137,31,93,0,27,62
138,139
140,4
138,141,142,143,144,145,146,147,99,148,149
150,102
151,152,153,154,125,127,155,156,157,158,159,160,161,162,163,164,67,165,65
166,122,167,124
110,102,96,111
125,163,128,165,159,168,169,67
50,170
171,172,173,174,175,91,176,177,178,179,180,124,181,182,183
184,185,50,186,187,140,188,189,190,191
192,193
194,195,141,139,144,99,196,147,197,198
10,199,200,201,202,25,203,204,12,18,205,206,9
207,120,124,122,208
208,209,172
210,187
149,211,144,173,99,197,147,194
12,212
12,213
185,51,177
185,187,191,214
3,130,0,31
215,194,147,138,148,216,144
147,217
218,202,219,14,192,220,221,222,12,25
14,223,12
224,23,225,193,14,226,64,223,12,227,22,192,11
27,94,136
228,56
181,177,70,229,230,185,140,170,231
191,187,232,233,190,170,177,234,235,214,236,237,238,239,185
196,138
240,241,242,243,244,209,245,172,246,122,208,124
247,128,248,67,164,163,65
249,250,251,252,43,253,254,45,46,255,256,40,257,74,258
259,260,261,262,225,13,16,237,263,264,265,266,22,185,231,12,221,70,267,268
124,269,209,167,270,172,122
4,271,272
203,14,273,21,274,25,12,220
275,276
277,158
43,52,278,279
280,138,99,215,281,147,141
208,282
283,109,284,117,285,115,113,96,107,97,286,287,288,119
289,100,290,291,292,293,138,144,147,139,294,99,295
296,96,271,254,141,297,138
225,12
298,299,249,300
33,55,28,94,54,1,8,31,133,93,5,301
140,51,185,170
38,302,303,304,43
78,33,83,26,57,27,93,31
305,306
307,185
213,18,260,14,12,220,11,223
283,110,117,308
122,209
153,309,169,158
310,158
311,237,232,70,50
81,8
104,312
242,208
313,119,314,315,284,97,316,102,286,317,108,110,318,319,320,107,113,96,283
164,163,321,65
102,322,323,110,104,96
324,65,163,157
325,326,47,327,328,329,330,331,332,333,334,335,336,337,254,257,74
124,167
259,185
41,74,338,332
339,147,99,340,144,194,341,211,342,149,343,141
344,209,345
122,167
119,97
225,346,9
147,141,138
104,308,102,101,97
194,99,147,296,347,141
348,331,298,47
337,178,349,101,102,117,119,350,351,43,352,353,74
354,355,214,236,307
332,298,356
101,284,110,286,357,96,119
190,259
9,14
358,157,164,158
359,321,169,65
19,360,12,182
231,12,14,307,361
163,158,362,363
38,350
329,364,74
365,149,147
366,367,26,368
119,107,357,117
8,89,0,27,133,369,370,93,60,86,4,59
309,371
150,117,119,96,372,110,373
273,346,25,226,12,374,204,375,14
147,141,216
376,377,74
305,185,140
192,12,14
67,378
379,192,22,193,380,381,12,202,226,382,225
383,119,286,118,117,323,384,113,104,150,114,97,102,319,110
366,86,94,385,83
27,93
124,386
122,124
170,387,259,185,177,189,190,214,69,237,307,388,389,390
170,391,50,392,232,390,185,393
254,74,394,47,395
396,397,307,261,170,185
150,109,398,318,107,399,113,96,118,110,101,102,400,119,104
87,63,8,83
114,97,401,104,402,110,118,320,403,96,113,119,313,404
283,405,150,320,119,323,406,102,104,286,372
99,407,296,141
177,170,50,185
408,169,163,127
74,409
410,175,411,209,166,172,412,124,269,122
196,413,291,296,149,139,414,415,416
336,417,334
138,147,139,99,149,144,407,418,141
150,96,97
12,192
419,74
420,163,378,421,157,168,67
333,257
14,204,12
102,372
422,122,124,209,423
22,424,25,10,12,11,193,9,21,14
25,227,220,206,12,14
196,280,413,139,425,343
426,99
12,23
177,190,387,191,185
70,35,307,185
114,117,427,101,97,104,286,110,98
149,144,99,428
103,286,429,430,431,432,150,433,113,96,434,104
125,363,421,163,67
435,47,329,74,334,52,43,328,254,436,41,325,255,36,419,39
144,99,141,138,414
138,216
437,172,242,438,208,439,440,422,122,441,442,124
238,140,70,185
443,96,283,97,111
28,93
247,67
67,127
172,444,164,163,65,445
165,309,65,446
164,309
127,164,158
254,447,37,257
101,111,317,448,102,113,96,150
8,31
7,4
449,450,421,67,248,451,452,165,453,454,169,309,157,128,159,155,321,455,408,65,456,163,457,158
172,166,458,269,438,209,122
170,259
139,99,459,211,144,147
460,461,462,194,463,464,149,139,99,138,343,141,144,196,147
158,465,165,466,67
421,247,157,362,164,467
74,336
259,205,177,192,264,468,23
110,320,107,469,104,102,119,150,470
374,346,225,12
471,255,472,249,304,350,257,473,74,329,52,333,334,474,475,37,476,477,478,254,43,479,480,253
481,482,72,483,484,255,485,486,279,38,472,74,334,336,43,487,364,488,254,489,350,490
33,93,31
93,491,63,492,31,32,0,90,130,301,493
494,166,172,242,122
69,177,259
226,14,10,18,23,495,9
496,497,43
168,457,65,498,163,499,158
158,163,165,67,309
169,65
500,11
501,390,235,177,239,238,502,70,259,189,185
503,504,163,446,65
144,347
248,505,183,164,67,152,128,157,153,155,168,309
506,260,16
470,109,97,102,320,507,283,508,509,119,113,318,105,150
150,101,105,510,110
26,511
10,18
185,264,140,170,177,259
280,512,513,173,28,91,514,144,515,141,347
148,217,138,516,414,463,144,215,281,460,141,194,99
149,194,147,141
517,518,519,209
97,111,106,119,110
168,163
194,85,347,138,520
521,99,149,522,141,463,147,523
150,318,524,470,119,317,525,114,110,526,96,113,384,104,117
527,247,67
528,10,529,9,25,12,14,226
39,303,472,257,74
9,10,15,530,25,11,531,532,14,19,202,22,533,12,225,219
22,534,14,64
122,269
535,218
18,9
147,138
299,254,338,352
296,147
52,37,74,328,45,44,536
65,537
527,65,446
283,322,150,113,404,538,105,525,117,97,119
150,102,97,539,443
136,54,63,26,86,85,133,57,540,0,520,31,135,228,80,8,95,94,27,4,93
119,101
163,65,541,542,543,125,544,153,545,169,309,168,503,420,67,165
85,131,27,91,86
25,192
185,191,170,177,546,140,259,547,548,69,186,392,306,187,307,50
549,138
139,513
436,44,475,254,550,74,551,36
552,276,93,83,26,553,54,62,85,369,31,89,60,91,4,27,554,555,129
260,556,14,227,22,12
69,190,191,264,177,50
159,164
28,54
557,431,283,402,102,110,97
67,545
74,45
74,178
119,104
52,558,257
449,158,65,67,163
94,26,559,560,93
472,329
557,561,117,150,562,110,383,563,105,469,104,286,108,113,96,109,115,116,119,107
305,170
165,378,421,169,321,183,65,163,450
468,69
104,117,525,564,565,110,109
93,91,28,8
18,12
318,115,113,283,566,349,567
119,319
165,568
259,190,306,140,191,177
93,63
502,190,546,390,184,185,569,140
76,144,99,141
93,570,90,571,83,56,572,86
352,327,254,299,39,419,484,41,74
116,573
574,122,345,575,166,576,172,124,208
269,175
577,578,157,579,165,421,580,581,127,446,454,65,309,169,67,66
0,31,86,94,60
384,150,115,565,110
25,200
337,41,43,249
582,37,254,550,48,249,299,350,583,334,53,72,471,584,473,74
585,410,246,124,166
138,141,586,587,415
298,356
524,283,119,588,110
409,257
589,590
147,194,591
450,543,358,592,65,159,153,163
226,12
175,122,270,124
593,269,172,594,208,344,209,175,124,166,345,122,246
595,102,119
163,162,596,597,152,504,158,537,165,598,67,164,169
33,0,62,4,129,88
384,150,97,110,318
31,27,63
159,67
599,600,122,601,124
12,14
261,602,237,177,603,35,140,184,185,50,355,239,259,604
605,427,110
124,122
158,169,65
193,606
364,254,74
14,226,22,12
281,591,280,194,460,607,608,147,76,149,99,141,609,211,521,138,610
297,96,97,110,470,430,611,508,107,119,104,566
150,104,384,102,114,109,113,110,117,284,319,612,320
170,231,259,305,177,264,50,191,307,185,355
70,546,307,305,181
413,613,211,147,194,515
536,356,551,303,497,252,614,38,472,615,254,350,258,334,52,298,473,257,74
548,70,185
153,65,162,616,450,165
497,334
190,229,71,388,70,140,185,259
234,617
460,618,141,138,339,619
102,286,101
620,121
173,141,146,621,147,622,138,340,148,149,461,608,99,428
191,307
116,372,101,119
460,521,623
65,159,321,158,163
563,116,508,113
8,60
147,216,139,141,146
8,31,63,80,86,60
124,122,441,269,209,345,624,172
9,204,15,193,219,20,381,625,626,627,182,14,12,202,16
163,408,67,309,421,628,165
119,629,630,104,286,111,102,110,98
461,149
259,191,546
186,264,546,631
229,264
67,632
633,211,149,523,634,173,76,198,295,194,196,147,621,414,280,144,138,99,141
337,258,336,635,352,329,636
215,290,637,148,149,638,639,211,138,640,641,139,347,141,144,291,642,145,196,147,194,99
67,643,453
644,194,645,646,138,280,139,141,99,647,147,196
438,172,243,648,124,649,166,122
193,12
31,8
349,650,510,372,104,109,117,113,97,114,110,102,526,119
631,232,70,651,191,652,259,170,177,140,264,185,190
0,4,511,93,653,94,27,130,31,552,58,54,86,131,654,60,91
158,164,453,165,543,168,65
471,350,394,254,258,48,364,298
2,54,85,129,31
110,96,286,655,357,539
8,656,657
517,166,658,659,599,438,410,167,269,442,244,660,661,172,122,209,124
662,663,664,261,665,170,185,50,140,259
183,66,537,450,666,421,67,165,65,169,163,456,543
219,260,667,206,21,532,346,64,530,12,14,223,227
668,100,211,521
669,97,119,104,110
412,411,240,124,122
226,12,25
67,248,670,65,163
66,163
173,211,515,196,147,99,144,138,347,141
671,14
169,67,153,65,450
480,536,672,52,673,436,74,254,674,675,44,472,478,329,352,676,48,336,376
139,0,31,677,99,141,28,149,57,27,94,275,8,211
47,39,551,258,550,481,48,36,254,334,52,376,678,74
74,679,328,256,38,489,376,299,680,37,681,36,254,72,39,52,334,325,48,485,682
286,119,283
163,277,168
76,147,138,610,100,641,139,99,194,149
683,684,167,124,122
685,686,101,469,104
119,110,102,687
15,204,14,688,689,220,10,627,346,192,223,23,589,690,219,691,692,18,12
139,211,342,144,340,426,76,641,693,639,141,99
91,28,4
14,346,17,192,12,193
301,0,93,133,60
538,97,107,113,119,102,118,650
11,694,22,695,14,12,696
193,697
164,163
698,268
31,60,28,33,26,131,135
78,54,88,131,85,87,540,93,699,31,554,60,28,91,27,0,8,492,657,33
309,163,67
31,60,91,0
460,144,700,141,95,138
701,131
291,139,148,141,702,613
703,192,671,204,667,9,346,14,704,18,64,193,12,15,534
705,706,122
18,12
123,707,175,519,660,172,124,166,269,209,246,122
91,31,85,8,27
91,8
304,254
74,364,249,52,47
113,101,97,102,109,111,107,119,150,286,98,110
37,336,298,584,475,249,254,41,328,675,353,356,257,74
123,124
28,32,8
130,85,86,8,62,0,5,301
119,114,286
4,86
255,364,334,36,329,300
12,14,708,192,709
710,67
54,130,81,133,4,83,82,86,711,712,520,31,8,79,93,27,63,60,28
328,74,258
227,220,14,18,12,713
31,0,28,6
362,168
30,86
705,714,412,715,175,167,658,208,166,269,209,172,122,648,124
716,422,175,172,209,600,208,599,243,124
252,717
18,12,11,346,382
83,136
321,67,65,125,309,168,454,163,544
706,442,123,269,175,437,244,167,594,172,122,166,209,124,658
199,20,226,13,22,14,193,260,10,18,204,202,16,25,424,205,192,12
118,97,357,718
12,192
101,286,104,443,105,118
46,36,675
121,124
104,719,102,114,115,117,96,443,509,119,720,107,317,109
257,49,336,47
582,43
90,91
545,542
185,261
283,110,119,104
619,138
67,65
257,550
185,191,548,177,50,170
721,177,259,722,51,50,546,723,307,237,232,140,185,191,235,69,70
194,144,149,141
93,86
336,39,484
33,699,28,95,93,8,272
141,144,138,460,147,194,99
724,350,334,257,254,302
175,412
185,307,725,187,70,397,603
12,10
97,726,105,110,283,727
0,93,138,141,28,149,513,492,8,460,292,5,54,85,194,31,196,135
25,9,11,14,202,12,528
405,97
421,165,65,728,248,128,67,729
85,133
141,339,27,31
730,50,185
657,88,0,83,511,131
651,305,259,468,186,307,185,50,177,170,546,731
481,550,254,473,74,334,299
283,101,110,102,320,372,150
235,71,140,69,34,263,177,307,170,185,50
330,376,447,489,584,299,724,337,550,350,471,258,732,47,733,37,734,395,74,735
213,708,22,192,226,14,695,266,12,696,18,9,25
283,113,119,109
25,193,15,10,182,736,22,260,21,14,12
141,194
22,375
209,166
80,540,737,738,739,132,130,61,95,27,83,26,740,63,272,134,90,136,741,276,131,93,33,0,57,85,742,743,91,60,28,744,31,745,86,492,8,301,4
165,453
411,209,166
746,48,254,257,74,47,330
306,69,189,259,747,191,170,210,177,70,232,186,307
31,93
376,46,254,748,472,44,255,333,52,334
290,147
167,122,123
202,11,225,226,12
749,119
99,750,149
283,105,687
144,141,343,99
95,85
141,549
231,185
98,110,106,320,96,119
122,124
93,60,95,0
541,163
372,469
9,751,692,19,14,12,22
50,259,170,185,238
752,122,167
185,548,69,140
62,275,136,4,744,31,367,93,33
349,669
408,65,128,453,160
487,753
283,453,290,754,36,74,257,755,17,144,490,67,86
438,756,269,624,246,122,124
391,757,51,265
110,557,669,283,119,96
258,39
232,191
166,124,122,758
695,14,206,374,12,22
170,305,50,177
307,191
70,170
546,261,185,140,390,759,237,307,170
14,193
760,185,191
65,158
110,349
242,124,269,175,122,166
136,31
70,305,237,50,388,761,177,731,546,762,185,264,140
374,202,12,22,14,346,11
85,91,272,743,4,0
74,472
508,119
392,185
609,407,149,99,147,138
97,102,109,150,110
355,50,51,185,191,177,181,34,259
178,40
412,175,270,763,282,124,683,764,122
681,251,298,38,37,334,52,765,48,39,350
259,766,70,50,191,186,185,170,468,767,140,501
136,85,63
86,768,81,60
63,0,4,88,85,769
147,99,770,591
12,533,25
771,110,283,119,319
772,175,124,122
86,63,99,773,89,131,91,149,93,138,88,54,8,339
774,157,324,452,309
216,147,196
775,93
776,65,578,247,67,453,161,309,169,163
627,590
519,777,175,706,438,270,437,240,269,167,172,758,778,779,209,122,780,124,166,243,517
648,240,242,122,269,282,124
27,86
86,28,31,4
670,158,781,169,163,65
165,649,782,121,169,164,65,124,152,158,163,783,166,456,167,122,172
107,283,150,448,105,119,102,110,96,113,470,565
259,170,381,191
175,209,124,122
74,38,334,52,377,299,72,733,254
320,117,349,102,113
133,136
219,213,226,18,266,193,9,25,212,14,12
12,14,213
209,269,122,124
201,204
124,269
147,141
39,74,254,447,784
72,336,350,257
654,275,30,0
454,785,169,165
124,121
32,8
211,141,194,786,149,99
226,533,193,346,199,787,10,18,64,266,12,696,260,219,532
226,225,182,25,533,22,695,12,193,11,14,9,346,532,260,192
36,279,417,675,490,674,53,334,74,337,636,583,48
462,99,138,414,173,788,280,461,147,139,789,786,149,144
62,553,136,60,28,85,559,31,4,130,654
252,790,558
192,14,12,193
193,219,24,791,204,174,192,10,266,18,11,22,221,14,704,12,25
148,147,138,792
122,793,794
240,601,494,124,795
127,183,67,125,796,158,163,797,362,165,545,169,159
336,679
128,798,125,578,378
14,260,18
202,193,204,221,10,192,22,11,556,64,18,222,12,25,14,219,260,9
122,783
139,141,461,138,144,799,800,414,211,801,149,147
208,124
96,372,588,771,110,150,117,612,655,107,97,101,316,102,283
235,546,185,177,191,261
182,260,193,220,206,18,223,689,697,266,25,11,695,802,14,204,77,12
27,31
138,803,211,347,513,147,99
620,494,208
31,570,5
260,64,225,202,12
411,172,122,166
138,426,141,290,139,99,521,700
172,122
39,583
9,193,10,556,804,11,12,204,535,219,260,14,226
96,119,104
206,14
12,203
643,65
175,805,166,124,442,122,246
578,309,168
387,392
138,414,513,294
163,65,165,421,164,179,806
18,22,226,802
807,191,140,237,70
10,23,12,808,192,22
127,157
150,384,475,111,687,809,114,810,73,526,45,377,117,74,104,39,119
811,14
684,812,208,714,166,778,813,209,123,175,269,814,172,246,122,124
172,124
224,260,9
242,175,167,705,124
141,0,83
72,102
651,51
133,55,276,4,31,27,62,29,93,0,815,28,60,91,83
124,269,813,172,122,166
816,417,249,74,475,480,558,636
349,105,119
304,480
305,730,547,191,140,50,259,392,237,177,185,170
12,290,140,580,194,701,163,509,320,257,334
130,31
286,150,524
249,37,39,109
817,455,65,168,453,155,165,324
269,714,209,124
260,18
185,140,506
818,819
820,209,122,124
121,245,166,122,821,411,438,822,649,175,270,126,632,594,167,124
119,372,110
283,823,595,687
235,140,236,34,187
283,98
177,254,67,778,189,31,65,124
93,83,90,56
283,508,315,297,448,323,110,286,402,669,150,349,119,284,118,117,113,96,308,102,97,101
438,705,458,706,752,167,442,124,122,209,172
31,824,8,0,60,28
138,141,825,144,147,194
362,158,309,65
826,208
250,672,249,582,482,790,350,551,827,496,253,38,48,435,256,558,334,636,254,331,376,257,74
97,470,107,109
828,65,359,125,163,153,467,169,168,309,165,164
102,283
261,189,264,50,187,214,236,191,389,70,306,259,177,829,185,181
317,119,102,830,97,283,110,372,150
349,96
405,283,101,655,831,102,832,150,104,98,110,119,526,96,113,320
107,115,434,97
833,74,336,790,337,278,679,253
28,31,8,834,93,228
258,254,334
12,213,226,193,219,10
621,145,149
124,438,172
536,486,835,256,681,254,475
589,808
119,349
364,304,253,419,39,36,558,550,303,472,334,765,614,328,47,46,636,254,496,395,473,74
208,209,756,175,166,122
320,286,687,432
167,309,128,245,175,126,836,122,345,163,166,165,269,172,153,763,837,124,67,442,453,838
302,258,614,334,394,44,42,254,303,352,278,279
355,548
167,172,782,175,519,839,243,840,412,122,841,124,842
518,172,124
110,283,286,97,843
141,292,844,460,280,149,144,211,147,196,99,75,138
845,14,12
846,138,99,173,141,194
139,570,295,0,141,27,549,138,194,31,8,513,460,129,701,149,28,85,100
14,64,689,627
166,167,139,669,165
102,483,337,104,551,719,286,117,107,119,96,113,673,37
170,847,70,819,548,69,259,185,214,848,306
400,150,102,283,113,96,119,110,686
110,399,150,257
717,254
467,169,125,159,457
12,226,14
647,194,516,523,99,789
91,744,8
160,165
93,90,0,28,366,82,86
125,321,67
99,147
575,172
190,354,232,140,236,546,191,237,307,185,70,849,259,34,231
70,191,265,185,140
254,249
486,350,42,256,681
67,153,65,580,408,168,806,163,165,776
548,170,185,231
167,124,209
136,850,88,768,85,27,31,5,4,129,0,741,62,93,63,60
851,632,852,65,169,168,166,163,270,122,209,438,408,624
421,125
537,127,155,164,321,153,798,165,65
65,853
472,74,52,417,40
63,854,93,54,571,95,855
144,138,700,196,637,644
99,586,139,196,622,138
320,117
642,138
245,166,821,715,208,172,814,209,269,122,167
86,31
755,22,12,856,193,530,192
70,236,177,140,170,190
487,38
857,260,226,18,14,21
150,96
298,308,480
546,71,547,307,140,232,185,191
858,166,836,458,438,122,172,124,519,126
144,194,645,149,618,621,138,292,99,290,147
205,193,374,223
253,298,674,38,835,53,44,765,249,478,350,46,37,482,36,278,673,74,254,732
777,756,243,167,438,207,124,122,270,166
37,859,254,256,279
334,257,327
264,546,185,177,731,191
305,603,306,307
0,83
849,177
527,65,165,309
650,117,119,283,401,110,860,107,97
185,64,170
697,12,346,18,14,861,266
324,838,163,162,862,165,450,125,863,66,158,168
261,182,361,50
543,545,864,453,467,362,248,163,165,865,65,127,164,67,866,451,158
211,867,194
14,266
163,309
671,12,589,192,10,590
165,67,537,157,580
638,173,149
83,31,868,4,0,33
388,662,259
70,170,869,186,388,307,237,191,214,546,870,185,177,190,231,396,261,871,50
70,354,468,501,187,170,237,191,140,177,807,259
117,119,872,96,103,105,287,110,102,873
163,165
163,65,157,164,321,874
150,113
83,31,56
102,507,111
527,157,875,169,309,362,537,67,127,65,543,163,165
238,876,259
11,223,877,755,878,225,21,626,193,18,64,192,226,10,267,25,12,14,692,879,182
298,334,38,254
117,113,98
305,140,880,190,237,170,819,239,186,185,177,747,259,392,261,721
548,191
223,694,192,697,10,11,219,12,266,25
639,141,139,428,281
63,27,62,86
164,169
159,128,165,164,728,450,537,568,421,65,247,863,163,309,168
83,191
350,254
329,334,52,38,336,251,298,331,636,254,74,350,256,734
182,18
0,26,27
90,85,54,57,93,742
37,47,327,582,364,255,74,483
50,261,170,181,259,187,189,190,237,307,393,140,70,603,35,177,390,722,546,731,185
337,474,38,37,74,334,550
592,168
881,54,775,272,86,130,824,90,385,83,62,91,28,93,0,31,5
93,745,136,83
90,0,85,93,8,882,130,136,883,63,31,91,28,83,94
292,196
837,411,209,167,175,884,705,172,715,166,885,124,122,422,269
564,402,771,119,320,96,403,113,372
352,254,334
158,597
211,138
506,25,886,212,14
695,14
242,841,683,172,120,166,124,887,519,209,167,175,122
144,194,339,211,138,801,139,99
888,694
857,11
146,647,147
17,12,531,202,889,192,379,25
31,83
14,890,10,891,22
97,110
850,54,88,27,0
804,204,14,213,468,202,264,140,185
95,133,136,60,572,552,8,272,892,31
147,99
822,632
286,104,406,893,96,111,320,102
894,664,259,305,177,70,392,548,190,50,895,170,307,767,896,185,264,140
38,676,352,417,488,338
54,0
276,31,0,272,93,86,54,95,133,8,7,301,85
99,138
122,884,124,345
429,102,106,110
283,119
18,222,12,530,192
110,563,119
110,111
124,172,438,242,175
167,752,841,783,345,242,897,649,438,209,246,122,124,601,175,172
166,269,898
259,214,185,170,895,177
269,601,167,122,124,166,814,172,715
18,182,12,10
412,124
269,175,122,245,209,243,124,683,172
196,139
99,415,194,141,144,196,147,139,523
474,674,74,748,899,336,45,254,39
101,110
533,192,223,694,18,22,689,25,14,12,16,374,202
172,124
96,102,860,119
124,122,209
366,83,27,0,8,85
449,165,67,408,65
104,119,900,526,97
280,141,521,619
110,286,117,118
177,261
901,177,140,651,185
0,136,91,86,33,83
137,83,272
597,169,65,902,163
25,16,12,193
903,124
33,883,4,91,89,571,31,8,27,93
62,31,93,904,301,4,905,906,7,8,654,57,33,0
158,309,169,67,467,66,597
827,117,49
143,414,144,173,290
856,12,9,174,266
173,149,139,99
468,185,189
179,277,67
307,259,181,50,185
269,450,438
250,334
223,12
9,12
609,149,99,341,139,280,211,521,141,618
37,74,471,334
172,124
632,246,122,269,172,124,175
310,454
124,209,593,814,683,715
226,266,12,10,23,202,16,14
364,473,257,38
144,340,907,146,149,415,609,194,99,215,515,291,196,147,138,908,513,141,414,909,910
102,911,96,119,443,286
357,771,113,110,283
252,328,859,337,74,472,334
303,476,74
43,673,74,258,254,481,478,333,255,256,912,496,550,36,486,364,350,45
670,913,169
256,352
914,60,31,83,915
698,895,191,177
259,261
122,124
533,589,273,25,916,204,688,11,696,12,14
512,216
326,74,47,254
168,450,578,162
917,460
92,0,570,83,57,27,89,129
33,83
191,761,70,548,50,177
761,191,140,354,918,307,50,390,185
25,606,704,16,226,12
919,475,536,334,45,488,417,257,74
621,623,149,141
37,329,328,43,74
107,115,108,317,104,669,110,562,101,96,113
286,102
138,149
109,96
254,39,41,299
920,16
259,177
732,43
18,22,218,223,694,361,193,12,374,921,14,25,10
186,70,760,140,307,829,177
595,102
130,133,93,26,369,60,28,86
144,139
409,472,257,331,724,336,43,254
139,211,922,99,31,923,86,194,711,62
258,536,74,334,376,419
540,129,657,27,60
144,31,621,654,292,141,591
193,274
11,25,924,694,535,12
167,243,683,166,813,925,897,175,122,269,422,519,172,124
802,11,219,695
73,337,74
290,99,196,139
109,314,104,288,113,96,317,564,97,98,315,318,106,119,102,107
320,109
173,143,144
14,495
28,4
65,926,798,853,67,466,165
194,215,927
928,471,483,38,481,43,254,473,350,717
883,31,657
22,533,694,21,12,11,929,202,14,226
254,827,52
721,930,189,603,185,307,25,170,9,177,11,12,361,695
632,166,121
714,122,124,240,172,166,208
334,43,45,254,417
415,644
931,148,139,291,591,211,141,932,99,196,922,513,460,908,138,173,144,514,933,194
25,692,625,199,174,192,21,506,226,688,11,934,12,374,193,935,691,936,14,627,10,787,22
819,140,937,760,185,34,938,236
478,472
175,209,270,779,575,814,124,574,122
74,254
39,356,253,302,257,254
185,239,237,186
467,592,165,158,169,309,168,183,363,450,125,939,421,453
163,940,310,862
102,285,526,941,942,96,470,283,97,611,943,110
65,67,456,163,248,578,158,169,309,944,165,543,454
551,325
168,125,499,153,67,455,596,159,798,449,163,165,65,158
8,86,136,85,571,90
18,12,220
256,350,733,417,74
127,65
141,215,144,197,211,464,618,295,290,217,415,99,147,608,460,138
232,617
254,784,258
482,43,336,724
587,138
507,110,113,942,286,117
692,192,11,182,225,14,530,266,9,787,861,10,696,12,219
118,110,96,105
595,406,150,749,401,115,104,97,317,108
167,122
448,588,104,109,110
364,303,481,257,36
198,512,141,415,99,194,290,407,945,211
211,339,946
177,230,140,259,392,947,184
334,254,279,735,717,551
344,208,706,243,209,715,345,948,269,812,445,903,123,660,166,167,175,842,124,246,574,122
399,563,949,102,119,110,111
114,104,110,150,107,323,119,285,105,318,286,113,403
16,64,14,192,888,25,22,21,206,225,13,12
914,8
872,113,110,111,950,101,443,119,109,102,283
185,546,501,70,468,140
8,30,0,93
53,38,73,253,254,732,36,74,257,899,43,859,551,376,765,325
951,196,290
144,291,138,908,139,99,141,173
695,260,193,204,22,346,226,12,14,381,11,10,192,878,16
56,63,58,31,0,93,8,54,26,28,91,2,553,86,83,5
85,952,33,93
127,940
905,85,301,29
352,327,254,478,252,746,582
699,129,131,33
31,93,95,94,8
708,12
307,311,177,185,953
290,141
12,22
119,104,96,323,102
298,333,732,256,419,490,353
828,127,247
150,115,102,113,372,110,320,111,384,107
97,119
211,633
158,165,163,65
67,179,165,578,127,864,158,456,163,169,125,65,358,321
56,91
173,144
472,253,790,328,298,350
261,259
53,790
31,93,8
954,336,254,732,255
290,414
110,97
955,236,185,956
131,129,95,80,28,26,572,957,0,8,31
958,733
538,298,674,256,36,790,254,336,119
74,254,253
147,138
41,334
192,184
64,192,12,226
190,177,70
45,99
111,611
12,22
88,959
50,237,721,177,170,22
960,422
298,328,334,255,551,376,300,249,958,74,254,474,352,43,253
223,192,381,193,219,12,226,692
250,336
31,366,136,0,961,93,56,90,60,28,54,86,85
47,36,49,674
357,106,96,320,102,318,286
