0,1,2,3,4,5,6
7,8,4,5
9,10,11
12,13,14,15,16,17
18,19,20,21,22
23,24
25,26,27,28,29,30,31,32,33,34,35
36,37,38,39,40,35,30,41,29,42,43,44,45
1,46,47,48,7,49
50,47,5,51,52,7,4,1,53,54,6,55
56,57,58,59,60,11
61,62,63,64,65
66,67,68,69,70,71,72
73,74,75,76
12,15
72,77,78,79,80
81,82,68,83,80
84,57,10
85,86,87,88,89,90,91,92,93,94,95,96,97,98
99,100,101,63,102,103,89,88,104,105
106,107
108,109,10,110,111,11,59,112
92,63,64
6,55,113,114,7,1,115,49
116,117,118,7,119,49,6,120,47,55
88,85,87,98,121
122,123,59,57,11
124,80,125
126,127,128,129,130,18
131,72,132,68,133
73,134
135,18
136,65,137,138
135,18
49,120
73,139
140,141
142,143,44
144,145
87,146,147,102,148
149,80
150,151,152,153,154,14,155
156,55,7,46,157,49
84,158,159,160,11,161,56
109,162,163,9,111,57,164,11,56,165,166,122,167
49,168
169,170
75,73,139,171
11,84,172,111,56,173,57,174,10,167
34,41,175,38,31,176,44,42,177,178,179
68,180,181,182,80
183,87,184,85
185,57,10,110,161,186
187,73,139,188,171
75,189,190,191,192,193,194,195,196,73,171
168,197,54,116,198,199,113,200,7,4,6,201
202,164,56,10
194,203,204,189,205,206,207,171,208,209,210,211,212,213,214,187,215,75,216,217,218,219,220,76,73,221,139
59,222
47,116,118,223,51,224,1,120,225,7,55,226,49
92,227,228,102,229,230,231
78,232,233,82,70,234,77,235,236,69,237,83,238,239,240,180,72,241,242,243,131,80
244,33,245,31,44
246,247,248
249,250,12,251
193,73,214,252
253,254,255,70
18,106
256,176,41,257,44
258,176,43,259,260,261,143,257
262,224,200,116,6,55,263,264,120,50,49,5,225,4,1,7,199,51,265
233,266,80,267,241,268,269
270,18,135
6,55,1
271,272,107,273,274,135,18,275,276
259,277
278,279,212,280,220,139,281,73
51,282
162,283
84,283
284,29,32,44,30,259
285,286,73,139
171,214,287,288,289,285,139,212,280,73
290,291,292,17
293,102
294,283,9,295
225,113,296,1,297,6
251,298,299,300
9,160,59,122,301,84,294,56
212,302,303,171,73,220,304,214,305,216,306
307,30,44,29,36,176
308,164,309,11
310,58,311
73,220,212
7,49,47,116,197,1,297,55,312,225
228,87
193,212,313,214
257,176
314,176
11,164,283,57,162,56
187,193,139,315,316
317,247,63,318,319,320,321
322,259,143,323,324,45,31,257,30,325,326,327,328,179,37,176,329,44,330,331,36,332
333,334,26,335,179,30,34
257,336,337,176
274,338
339,340,341,176,342,179
7,47,49
2,343,344,4,116,55,1,6,345,346,120
58,347,202,10,348,349,309,57,11,350,56
351,250,352,153,15,298,17,151,150,353,12,155,14,13,354,292,355,152
353,250,150,298,151,356,357,351
358,1,220,249,351,135,274,176,160,359,278,49,360,44,361
167,11
362,150,12,363,364,152,365,366,299,292,14,155,367,300
368,102,64,92,369,88,320,370,105,371,85,372
68,373
280,73,188
374,228,87,369,375,376,96,377,136,378,184,102,248,94,85,92
316,379,252,380,139,134,188,212,171,381,73,187
382,200,262,49,383,46,1,116
319,92
9,384,111,58,301,164,161,385,10,386,308,162,109,11,56,59,167,309,57,84
382,116,387
126,388,389,135,390,128
73,214,171
185,11
87,378,227,372,92,85,89
73,75
52,6,262,200,55,391,392,47,1
393,182,68,266,394,70,395,396,145,80,397,180,83
116,46,120
298,18
11,159
398,247,399,94,228,85,91,400,87,92,319,376,401,64,98
163,59,301,11,57,309,283,56
257,176,41,402,330,403,256,404,336
405,18,135,129
177,44
162,165,59,167
137,93,183,401,317
167,109,406,407
408,89,247,374,409
139,18,80,410
411,78,253,412,413,414,415,233
388,128,135,390
414,68,83,80
283,416,84,163,386,10,109,160,11
135,417,389,18,274,390
46,262,113,54,51,418,4,49,116,419,55,420,6,47,120
421,422,72,180,361,423,424,133,68,71,425,83,426,268,396,80,358,427,428
429,280,171,430,73,216
431,432,433,129,128,22,390,434,435,274,18,135,270,436
131,421,23,437,80
164,10,385,283,438,59
83,241,180,78,80
388,18
259,439,440,441,257,176,175,442
92,88,102,96
106,129,390,135,443,18,270
57,283
358,253
439,176
444,437
445,446
59,11
447,80
448,449,351,450,251,150,451,151,356,452,17,453,292,299,153,155
11,112
454,455,456,62,369,247,401,319,457,458,87,459,228,460,136,102,378,92,461,371
91,87,102
462,34
11,56
284,331,463,464,337,177,259,439,44
465,171,466,220,73
467,468
274,432,18
73,252,139,305
469,470,298,249,471,472,151,357,153,473,155,299
388,275,432,474,443
88,475,228,247,476,319,477,478,105,96,102
135,129
380,479,171,252,139,212,480,481,220,482,483,75,73,214
46,116,225
484,177,44,34,340,485,41,176
486,107,436,129,18,135
443,389,18,388,135,274
191,194,76,288,487,220,187,465,139,214,207,171,73
488,15
180,421,361,489
179,462,39,490,339,332,491,492,493,330,494,284,257,495,334,45,326,441,44,485,340,176
90,92
128,390,496,127,388,18
497,478,319,85,498,369,247,499,87,500,88,61,94,371,92
501,502
278,280,503,187,504,285,286,203,505,212,506,507,193,508,171,139,73,75,214,213,191,509,306
262,116,510,225,51
85,511,368
135,512
513,250,298
68,238,132
121,514,515,401,399
56,410,283,59,173,516,9,110,11,311,108,122,517,57,350,162,163,84,10
363,298
199,7,6,55
518,10,9,11
139,75,519,520,219,194
361,521,360,80,253
11,308,522,523,524
470,525,291,357,299,155,292,151
120,526
17,470
503,216,75,214,194,139,465,171,288,212,519,187,219,316,73
527,262
188,187,212,139,73
11,84,162,59,56,528,185
529,102,454,530,65,95,478,85,87,531,460,532,64,401,105,247
1,120,225,49,4,118
85,398
533,274,534,338,18,432,135
535,18,536,443,135
262,51
390,431,537,129,128,18,274,417,270,538,389,20,135,539,512,19
243,540,233,422,541,78,360,373,181,149,542,23,543,83,80,72
544,155,453,364,152,291,545,513
41,257
129,443
546,228,547,399,92,247,368,98,445,319,102,514,378
440,548,176
135,18
549,162,10,550,551,161,122,59,167,109,58,84,56,552,185,553,301,11,57,309
259,38,176,554
80,77
401,246,400,511,92,248,454,102,460,515
75,73
460,555,87
556,523,11,185,161,122
216,193
10,11
73,316,139,465,171
169,151,351,150,152
283,557,558,111,122,516,517,110,467,11,523,10,56,559,350,556
211,205,209,483,73,139
530,560,98,561,105
530,92
259,39,340,44
562,274,126,563,106,512,272,388,564,275,135,390,432,565,128,443,536,436,338,107,18
80,145,566
349,10,111,59,57,11
330,340,43,32,490
145,423
80,233
18,567,388,135
492,36,256
568,29,569,44,37
388,570,126,18,129,565,106,571,135,572,436,270,563,274,390
214,573,212,139,221
274,443,18
571,574,512
453,169,152,575,351,545
274,576
453,17
470,298,155,453,352,250,249
73,171
519,73,194,196
96,61,121,63,398,92,227,85
161,84,57,11
410,11
57,84
75,212,577,73
12,155,150
46,225
19,18
417,130,274,578,128,443,388,135,18,270,512,19
55,7,51,579,580,5,225,54,120,49,1,6,420,262,581,312
262,382
139,189,75,171
256,257,582,439,38
252,194,280,73,75,171
113,583,392,47,46,49,55,116,584,51,585,225,1,262,4,117,7,586
452,250
100,460,399,478,92,457,587,88,377
588,589,270,18
34,327,178,590
111,173,310,591,56,10,11,58,59
129,18
592,496,593,270,512,578,18,135,589
542,268,253,131
214,380,465,139,194,187,216,75,288,506,196,219,212,73,577
29,594
270,512,275,274,135,18
176,178,439,244,404
73,216
543,80
36,31,595,334,37,30,44
11,160
596,64,378
271,486,22,436,390,597,276,571,598,435,274,135,534,563,599,588,18,536,443,128,432,19,512
600,250,292,151,355,601
373,361,602,78,239,80,124,603
604,129,274,18
605,340,29,594
7,113,120,264,3,1,606,117,607,608,55
390,18
73,506
7,113,264,1,51,116,510,420,6,4,200,46,55,225,585
609,298,150,610,17
291,17,610,453,299,611,155,151,612,351,357,250,449
88,319,247,248
102,499,100,85,613,247,596,319,515,92,547,98,88
528,166,58,167,164
397,180
64,419
614,388,565,432,390,536,417,615,486,436,539,135,512,18,576,571,129,274
23,424,241
73,76,75,303
162,11
388,272,539
73,212
274,604,571,616
617,618,124
167,556,185,349,283,619,173,112,110,84,516,111,122,310,10,58,11
330,44
165,620
495,621
545,622,17,513
7,312,199,623,46
624,233,149,358,80,361,268
180,68,243,625
626,78
155,17,151,16,290,627,12
403,44,178,628,257,34
351,169,150,629,250,14,155,151,630,631,453,610,632,633,299,152
15,153,12,151,453,17
387,6,51
212,75
634,17
56,111,11,84,310,309
169,450,150,633,151,630,249,14,155,292
571,390,635,274,18,443,129,636,388,107,135
194,187,191,171,73,380,220,520,212,302,211,637,638
150,15,639,151,351,291,357,609,250,640,641,642,154,292,17
302,643,316,479,191,644,194,188,645,212,214,507,646,279,216,75,73,139,187,195
647,86,92,293,460,184,247,228
200,47,648,197,382,4,55,6,225,5,649,116,7
505,519
650,135
188,211,194,651,288,139,171,75,479,212,191,73,214,220
179,176
245,176,501,652,34,548,44
171,188
187,139,192
284,653,654,176,342,30,325,595,38,655,656,336,27,657,658,659,502
262,55,660,343,7,5,225,49,661,1,6,47,198,51,4
662,663,664,107,665,666,432,578,667,599,338,270,436,668,389,563,20,576,106,571,486,669,670,129,589,671,388,443,128,536,539,135,390,512,274,565,672,18,496
51,673,674,7,49,6
675,283,173,348,523,309,112,385,556,167,59,676,347,172,677,11,468,84,222,56,123
84,57,516,162,56,167,59,164,347
678,73,506,74
109,123,349,301,111,406,309,56,11,283,679,59,84
680,92,401
212,280,73
6,5,1,116
252,194,214,681,316,288,289,190,203,191,171,220,519,212,504,206,380,280,313,73,75,139
592,135,274,18,682
59,11,385,558,10,159,58,57,109,56
31,176
113,118,683,225,4
197,168,49,7,46,116,47
5,113,49,8,120,1,7,47,6
486,338,662,684,275,443,128,270,135,18,685
149,180,361,543,131,83
1,673
14,151,351,686
687,688,185,172,522,689,410,84,10,123,467,111,57,347,11,56,349,9,163
113,120
135,129,18,274
80,233,412,241
571,388,129,565,690,128,443,18,135,691
511,692,460,104,693,694,92,102,547,105,695,369,375,696,477,65,88,456,317,697,87
102,148,698,476
202,185,349,164,56,675,59,556,57,10,677,11
41,176,699,594,44,26
700,701,4,7
272,273,274
436,126,338,128,274,486,496,432,565,672,18,129,135,702
59,164,163,350,109,10,112,309,57,84,11
176,37,257,492,703,502,704,44,605,705,706,336,25,707,178,708,30
338,671,18,129,443,536
1,312,225,55,52
697,92
709,395,240,77,415,426,23,68,80,710,233,180,72
711,59,111,56,11
521,712,145
713,34
179,44
225,46
714,89,92,475,377,319,398,85,88,65,460,86,87,693
496,18,474
715,12
151,12,153,250
6,262
448,352,299,351,298,151,639,357,641
716,499,92,717,247,102,87
0,223,718,608,262,118,1,6,200,660,4,120,701,3,225,5,7,49,116
374,63
58,84
59,11,56,165
591,10,84,556,58,410,56,385,162,167,59,160,11,57
338,571,274,388,135,719,720,129,18
390,388,534,18,135,721,274
7,116
272,275,18,135
361,722,241,373,723,268,23,78,239,145,180,131,603,80,424,254
48,585,225,49,55
44,724
699,179,176
724,176,725
325,330,621,44,41,259,176,31,284,277,708,36,501
102,247,399,89,370
180,233,145,726,424,712,727,70,268
728,729,98,515,400,547,121,230,96,184,228,92
120,116,46,730,47,51,5,673,49,113,1,4,674
294,57,59
731,183
102,65
120,46,262
354,732,12,298,250
27,36,257,495,176,402,314,324,25,31,30,485,44,733,258
29,175,27,177,176,36,493,35,30,734,735,736,340,439,34
467,517
262,1
105,98,378,87,85,446
606,7
73,139
261,28,442,331,44
541,625
274,18,135,107,22,443,128,536,106,129
399,88,248,94,147,92,321
200,5
49,54,737,47,120,55,52,648,6,5,225,673,510,4,46,7,262
738,87,85,692,102,247
11,556
739,668,567,598,589,512,106,390,536,128,433,338,18,135,432,388,670,129
139,214,212,171
76,212
152,634
22,275,432,740,741,135,742,106,571,18,512,388,274
341,142
743,5
153,299,471
744,194
96,401,88,247
275,128,106,670,135
745,7,120,116,1,700,47,51,262,225,585
173,162
485,569,336,659,733
652,177,37,29,31,628,176
746,747,212,193
61,87,102,461,96,400,748,227,738,92,88,85
183,399,86
270,275,432,565,128,536,443,107,135,18
102,92,87
461,95
10,56,173
280,749,316,306,75,139,219,214,187,73,750,380
84,410,283,11
702,388,274,496
480,212
392,4
412,395,78,751,69,80,83,72,23,149,752
92,94
143,256
659,38,44,30,176
342,335,582,176,29,44
225,4
521,240,83
753,81,80,754
84,202
347,385,283,755,185,11,173,162,407,84,167,59,58,57,161,10
78,413,756,267,70,373
10,407,185,202,167,56,173,301,57,122,84,162
155,16,298,250,290,151,292
451,453,352,357,757,622,292,715,250,153,169,155,152,758,249,759,151,290,299
98,228,89,511,596,398,85,760,102,95,94,475,369,401,104,64,92,561,137,88,374,247
173,761,109,57,84
84,556,111,10,407
407,309
536,129,18,338
18,106,20
17,151,298,12,363,249,759,545
402,34,605,594,340,706,176,44,31,177,32,33
151,629
762,30
120,55
64,247,374,103,85,96,763,613,92
80,124,361,180,397
145,80
274,20,135
380,139,187,214
202,301,764,11
352,545
202,59
364,12
7,765,5,265,579,6,118,766,262,47,4,54,49,116
64,317
1,262,5
151,641,155,452,453,767
92,93,88,98,246
75,768,171,483,380
343,49,1
340,495,257,35,29,659
769,594,142
355,150,151,453,770,250,299
111,109,123,283,10,771,59,772,11,689,84
262,773
171,73,75,214
774,1,161
432,135,18
566,23,24,753,233,83,752,68,361,602,241,80
139,212
272,18
775,55,5,1
93,96
187,171,507,212,73,75
512,741,589,571,18,776,129,135
180,777
150,364
464,725
58,11
30,778,605,340,261,779,780,42
781,139
292,452,351,151,155
73,678,208,75
401,63,228,748,85,694
187,316,481,210,281,782,506,191,139
752,70,80,180,78
102,104,98,475,246
783,330,340,605,706,257,30,784,256,176,785,339,29,44,733,703,442
11,283
247,102,61,319,561,92,460
601,351
724,307
219,188,139,171,73,481,75,214
104,786,695,763,98,647,247,121,102
787,788,12,292,150,155,151,153,357,152
460,87,532
322,733,724,404,176,29,44,789,26,337
10,56,11
87,446
18,512,720,22
52,55
203,73
778,494,256,284,790,342,176,245,337,44,340,335,178
46,120,791
606,225,120,737,4,1,7
285,171,792,204,73,139
617,80
521,793,80,602
194,75,573,252,139,794,380,286,316,577,73
319,378,795
155,364,151,153,796,797,351,249,470,354,17,292,12,471,798,453,250,799,298
150,298,357,250,299,787,153,151,354,767
621,331
55,116
789,176
46,6
180,396
55,800,8
135,128,18
139,189,212,216,801
68,124,414,423,802,753,426,266,412,437,80
151,298
349,202,11,56,57,803
413,239,709,804,124,603,255,421,72,180,805,361
806,92
249,153,364,298
606,701
807,588,338,443,18,129,135,274,739
337,735
1,46,4,55,6,51,808,264,116,47,225,262,7
18,270
34,37,44,337,277,32,463,783,809
499,62,228,183,695,230
324,37,29,176,490,31,30,568,485,35,143,594,44
167,172,164,162,84,764,11,57
600,251,452,154,292,155,810,357,811,17,812,151,364,249
283,11
211,210,813,216,504,252,73,814,193,171
7,282,55,46,815
357,292,249,153,351,816
249,351,817,14,155,639,250
120,392,6,48,3,730,4,7
12,767
70,233,726,751,266,818,145,421,180,83,819,428,80,131
531,92,446,475
57,11,84,820,185,166
189,193,134,212,73,188,214,187,380,171,821,220,216,139,280
78,255,23,180,521,822,67,70,267,241,80,412,753,233,243,131
310,294,349,9,202,677,59,164,301,10,109,160
211,503,194,73,75
84,550,349
11,294
48,1
222,122,11,823
270,22
188,824,219,171,316,205,825,75,73,252,465,221,212,519
57,123
241,618
11,123,56,826
18,388,827,486
247,102
10,11,161
828,17,351
1,50,262,52,116
24,753
151,298,829,155,150
73,212
66,512
98,247
830,92,831,94,91,85,96
832,507,216,187,171,212,519,316,73,220,304,139
80,833,83,180,752
281,73,834,212,139,203
27,440,38,659,36,44
59,57
398,399,247,499,596,728,835,88,85,760,547,228,121,102,87,378,227
836,73
75,73
252,75,837,139,281,212,171,73
84,164,407,185,56,10,59,160,11
193,220,519,211,75,73,316
565,486,512,107,274,390,690,571,106,533,270,20,417,18,443,128,536,474,338,135,129
183,61,85
547,375,838
839,193,481,316,840,465,171,215,75,212,519,188,73
11,84,56,516,161,309
401,88,92,102,85,247
251,152,600
232,841,414,233,842
56,843
116,1
44,844
247,88
10,11,59
145,489,72,752
150,17,291
380,73,220,212,210,252,219
555,85,547
421,268,131,845,180,373,233,70,846,145,69
17,299,292,249,151,250
847,348,848,159,386,309,84,109,849,517,10,56,123,11
34,485,259
274,135,18,536
18,512
556,11,283
353,152,298,448,469,290,351,151,364,639
180,845,83,241
850,1,6
212,302,73,187,171
84,348,162,755,283,309,11,59,167
114,4,120,116,6,47
214,465,139,252,73,205,519,316
299,356
7,262,113,114,673
249,150
75,73,306,288,209,302,211
600,851,250
159,11,59,185,852,160,552
87,530,763
59,283,310,11,9
437,842,413,853,854,237,131,855,361,144,80,426,23,180
25,809,41,659,501,36,568,256,176,708,260,442,654,44,441,339,29
201,856,4,312,6,225,116,1,53,297,47,120
354,150,857
8,55,3,580,47,7,51,1
485,340,44,143,858,38,595,42,34,484,25,176,36,335
57,11,58,557,10
414,80
669,129,563,18
49,114,262,4,859,737
439,331,32,44
418,4
153,155,453,860,292,362,12,632,17,13,357,251,150
140,432,129,861,862,128,741,135,274,539,571,106,18,863,512
128,571,135,274
11,848,350,56,84
85,806,398,61,92,98
401,500
435,18,135,571
220,171,75,212,214
864,87,369,231,865,85,94,587,102,92,321,530,460
621,330,176,178,502
854,180
176,628
164,348,283,84
17,357,292,249,631,298,866,155,14,351,545,12,250,787,639,151
162,867
512,20,650,22,128,598,662,106,868,274,388,135,432,338,129,141,18,126
120,118,4,6,1,7,225,5
171,380,75,194,73,187,205
42,32,31,485,484,733,462,176,44,703,143,594,177
787,150
73,139
101,530
869,491,569,34,259,177,30,176,31,659,329
763,87,183,460,378
212,214,73
64,94,87,92,247
870,748
871,310,10,872
73,139,794,212,194,75,286
55,7,873,113,6
151,299,298,874
69,819,712,833,373,253,617,358,233,83,254,133,80,751
388,588,589,742,275,875,18,496,274,536,129,690,135,562
17,298,629,14,155,151,796
225,47
603,69,233,268,68,83,23
177,176,32
547,698
571,135
93,795
194,139,75,380,481,219,315,220,507,191,73,212,171,304,214,306,193,206
701,382,6,51,4,47,200,1,225,876,120,49,46,50,674,7,113,114,773,623,116
492,29,569,582
240,489
31,32,493,257,440,30
106,129,671
376,92
472,298,151,758,641,150,797,798,767,770,249,250,877,351,155,366,153
73,205,75,216,139
151,299,351,878,250
496,432,571,388,135,270,588,741,274,129
56,10,84,162,57,59,11
292,357
151,810,453,879,353,363,472
62,320
247,92,246,460,121,102,475,319,98,104
241,880,358,881,68,72
335,330,314,334
147,446,102,515,100,293,882,228,85,105,763,94,319,92
360,422
124,444,78,853,254,883,235
231,87,98
6,585,526,47
342,706,340,261,179,656,569,34,256,30,31,655,257,41,708,143,594,29,277,176,44,402
30,490,439,495,884,342,885,29,44,485,261,334,331,404,621
10,764,9,11,59,56
113,53,116,579
119,387,649,116,55,1,47
73,212,75,194,139,465,252
7,225
547,97,696,698,92,460,102,369,560
349,57,847,10,11,283
262,6,197
116,387,7,297,113,49,120,1
120,673,6,55,225,51,1,117
56,84
280,886,73
17,633,513
73,887
569,809,404,342,257,340,30,44,554,440,703,314,176,26,33
145,233,83
312,888
135,669,18,338,128,588,129
355,251,798,12
75,73,139
55,4,116,660
12,364,600,249,353,17,351,452,298,363,251,150,299
748,247,96,511,738
552,764,10,348
87,401,99,92,93,247,531,103,446
11,111,467,160
512,571,129,388
645,637,832,504,638,219,188,73,171,216,75,465,139,381,483
298,155,351,363,17,292,169
298,889,640,351,155,890,470,250,292,453,152
85,92,497
856,4,585,200,116,6,55
282,6,225,312,1
548,176
274,129
40,42,330,44
73,891
187,188,814,380,506,280,286,892,205,278,681,893,214,252,316,894,171,73,746,75,825,212,139,221
225,1,4
75,212
6,579,585
895,241,77
10,111,56
56,11
382,51
318,92,88
7,199,392,345,116,4,876,120,3
250,292,787
43,494,341,34
896,267
232,70
663,129,670,18,720,135,274,128
135,18
432,18,135
151,155
279,205,188,465,139,792,519,212,316,380,216,73,171
246,92,88,248
241,266
58,109,160,111,10,167,11,57,384
139,171,278
98,96,247
176,27,713,844,548,655,31,502,897,605,656,495,44,259,261,340
369,92,870,547
354,353,890,611,639,151
11,167,549
34,898,490,594,652,176,332,735,897
128,22
109,185,164,10,283,56,59
240,899,543
178,42,30,621,885,342,26,40,41
417,615
414,412
693,293,532,401,398,806,247,248,88,92,530,87,500,85,900,90
836,73
90,838,763,246,85
176,330,769
304,73
659,502,44,143,706,463,176
519,303
756,180
30,44
446,901,92,692,247
756,902,268,255,83,80,266,68,903
364,150
0,6,856
151,250,904,153
443,436,274,905,135,18
286,519
135,432,128
4,225,116,791
31,340,734,725
823,11
151,150,449,155,17,906
331,44
23,235,413,83,145,180,233,82,68,239,240
33,907
594,463,176,44,284,34
18,737,561
470,363,155,17,249,352,292,351,151,12,250,357
11,165
600,151
542,361,23,145,603,80,421,411
216,252
11,283
252,212,73
130,275,443,742,496,576,388,719,18,272,274,135
908,903,80,70
126,443,663,272,270,135,275,720,390,388
274,18,691,270,135
111,167,84,523,10,407,283,385,909,11,309,57,160
151,351,155,357
671,719,875,129,390,443,862,274,576,571,432,18,135
233,753
139,910,212,73,75
139,380,220,73
858,330,30,44,911,336,38,27,43,176
113,392,5,225,7,1,116
436,702,18,128,274
151,153,12,298,759,851,357,155,758,352,453,633
414,712,78
59,872,11,123
18,570
135,18,672,536,388,338,474
47,660,200,116,49,7,583,912,510,6,1,585,225,118,46,120
633,451,151,155
109,550,123,711,202,349,407,57,468,913,56,167,59,914,11,523,310,301,915,10
738,247
879,351
247,530,531,246,96
84,162,347
180,266
1,49
4,856,0,49,51,7,225,585,1
916,7,47,198,4,120
23,424,241
160,917,407,349,59,57,84,11,918
31,44,33,176,330,440,703,492,34
220,194,482,519,214,75,216,381,187,73,206,203,465,139
247,98,499,547,228,87,65,596,85,369,92,146,478,102,63,728,774,231
1,55,49,225,47,730,200,7,116,919,4,262,226,920,921
118,225,1,46
388,135
799,153,155,357,17,622,249,151,452,299,351,250,851
73,203
12,249,299,151
106,18,534,274,135,512
228,401
10,350,84,164,161,11,591,56,165,407,385,185,59,309,112,57
156,116
451,352,292,150
688,283,84,309,523,11,347,764,10,386,167,922,56,173,923
64,85,247,500,92,511
601,924,251,640,292,155
88,454
674,7,925,5,47,51,116,120,265,419,392,49,4,1
135,388,390,474,512
388,274,129
212,220
211,212,744,481,316,75,171,73
299,600,298,767
249,291,12,151,299
73,75,212
112,123
183,64,229,926
726,78,396,413,180
85,247
106,22,432,135,18,274,512
488,357
574,571
521,625
868,927,127,390,436,571,135,107,18,22,496,389,19,272,512,129,443,128,432
299,355
402,789
712,361
354,470,469,351,155,169,17,151
225,4,661,391,118,116,916,6
720,135
351,906
928,377,246,398,247,695,146,368,530,92,228,87,97,102,647,88,320,319,531,85
6,55,1,49
145,83,267,80,521,422
351,150,299
353,249,363,357,828,151,453,17,250,351,251,299,152,298,155
31,259,404,326,706,554,464,340,734,30,654,582,324,736,44,28,32,341,34
193,75,212,206,171,221,465,210
747,519,187,481,929,220,504,73,280
569,463,44,42,554,440,502,177,789
578,571,588,135,433,18
36,724,34
11,803,56,111,59
675,109,160,283,59,309,57,10,122,349,56,552,930,11
839,139,194,212,75
204,280,252,220,74
249,17
327,176,257,259,324,655,707,340,261,44,34,734,30,335,342,785,885
637,287,381,73,219,212,278,479,288,211
194,73
283,123,161,57,10,56,84,11
848,111,517,10,931,222,57,410,160,347,11,185,932,283,59,933,202,553,84
390,18,135
55,581,46,673,6,200,225,4,115,49
72,908,360
52,50,113,47,55,46,382,346,418,1,53,49,51,116,876,120,392,6,5,225,7
547,460,647,102,92,94,88,319,546,247,87
106,18
4,1,200,55,873,113,198,46,117,49,5,934
55,262,116,47,200,6
870,98,92,400,547,399,319
126,572,512,135,18,443,935
11,310
7,225,4,118
7,116
73,519,171,678
87,92
30,44
73,646
68,243,233,566
388,936,588
266,79
84,620,11
937,754,80,602,938,908,846
369,87,121,94,939
243,394,145,361,72,232,78,896,753,23,80,395
66,373
352,155,351,879
618,426,428,752,180,940,883,69,425,145,80,603,941,83,241,77
150,357,452,942,351,151,810,610,14
31,44
943,4,850,225,116,51
44,324
944,616,390,270,128,536,571,18,274,135
50,7
50,47
233,411
436,742,945,270,662,274,338,670,129,18,512,563,576,571,106,588,135,128,536
10,158,123,84,410,167,348,347,309,57,56,11
692,90
80,722,625,241,426,180,428,881,266,83,267,841,752,149
32,502,946,176,492
423,68,396,268,83
276,18,571,135
724,29,261,733
51,5,200,46
947,65
948,473,290,627,153,251,351,363,904,292,250,17,169,12,155
390,20,106,436
65,88
407,10,11
250,151,357,13
699,143,707,335,342,322
790,44,495
145,895
92,587
120,47,4
84,11,385
261,44
814,303,380,286,216,75,316,503,214,203,73,209,949,252
333,735,44
546,497,102,247
298,155,251,812,249
950,66,239,880,941,603,422,233,752,414,397,180,145,83,255,268,237,842,393,70,68,951,722,80
73,220
735,734
139,252,73,212,505,306,171,205
265,51,46,345,200,4,116
274,952,135,19,512
953,280,304,214,954,75,203,188,465,139,171,316,73,252,212,194
84,689,955,10,58,556,309,619,416,185,528,56,11
241,78,941,124,70,82,753,23,903,80,266,83,618,956,361,617,722
957,7
220,380,75,73,316,212,519,958,188,171
247,321,92,511,959,319,763,547
358,78,82,80,940,542,521,83,243,396
960,176
103,865,547,460,399,98
169,363,251
135,92,3
475,408,697,88,499,247,98,246,248,748,102,547,87,86
94,102,378,88,65,477,247,408,87,319,92
159,185,84,9,161,559,56,10,167,11,311,162,406
413,145,180,182,83,80
73,214,212
856,116,118,5
547,88,321,92
714,100
75,84
102,137,476,96
194,73
724,336,43,176
373,753
409,62
299,298,250,292,150
380,187
92,62
242,124,266,83
547,88
135,533
44,33
233,145,444,80,182,818
410,348
825,211
