0,1
2,3,4,5,6,7,8,9,10,11,12,13,14,15,16,17
18,5,11,8,19,20
21,22
23,24
25,26,22,27,28,29,10,23
30,31,32,33,34,35,36
37,38
39,40,41,42,37,43,29,44,45,46,47,48,49,50,51,52,53,54,55,56,57,58
59,60
61,62,63,64,10,15,65
66,67,48,52,37,68,44,29,69,42,70
71,72
73,42,74,50,75,66,53,76,58,77,78,29
79,80
81,82
83,82
17,84,85,16,86
46,78
87,82,88,89,90,81,91,92,93,94,95,96,83,97,98,99,100,101,102
42,103,104,50,37
105,106,107,108,8,109,12,110,11,5,111,17,112,113,114,115
93,116,117,95,82
118,15
44,50
119,16,120,105,110,17,121,122
15,123,124
125,126,127,128,129,130,131,132,133,134,135
93,53,57
129,136,130,135
120,111,105
137,63,13,15,123
138,139,140,141,23,142,143,144
42,145,146,49,50,53,29,147,148,70
135,130
149,72,136,150
135,151,129,130
88,152,153,154,87,155,89,82,156,83,102,81,93
53,157,158,95,42,159,82,50,81,160,29,89,49,93,161
162,163
164,24
139,165,166,144
167,168,21,169,22,170,171,172,173
174,72
175,17,176,12,105,121,107
177,95,158,178,179,155
180,181,76,53
33,182,183,184,185,186,187,34,188,189,190,191,192
129,136,193,130
194,153,95
195,196
79,197,198,199,200,201,202,203,4,13,204,205,10,63,206,207,3,208,15
89,116,158,153
7,209,210,211,63,5,9,65,114,17,11,212,15,213,10,113,110
214,215,82,88,102,81,216,217,116,83
105,218,110,17
82,100,83
29,219,220,103,160
82,155,81,153,221
43,69,53,222,75
34,223,224
225,226,224,227,228,191
229,230,140,231
232,165
127,130
233,234,235,31,224,227
236,237,28,32
238,29,75,46
239,240,55,38,42,241
224,242,243,31
244,158,245,246,95
139,247,248,249,165
250,251
252,253,158,91
254,192,255
256,257,133,258,259,130,260,261
262,263,264,144,265,266,248,267,230,268,139,269,231,232,23,270,271,165
75,181,29,42,53
5,272
273,168,274
275,276
191,184
277,22
144,278,265,229,264,232,23,266,279,280,165,271,281,231,282,283,284,142,139,230,285
286,23,287,260,231,144,229,248,288,259,140,264,138,142,289,290,291,139,292,293,294
17,63
180,295,37,75,240,296,42,66,297,57,58,103,298,74,299,77,300,29,44
42,73,53,29
14,7
301,302,42,160,46,181,104,29,44,51,37,43,303,222
240,29,300
135,149
162,263,304,229,305,285
306,168,169,22
114,307,110,111
192,28,308,225,31,309,310,33,27,311
71,312,129
313,314
315,316
140,256
115,317,318
319,320,133,231
46,37
321,322,98
15,323
126,130,324,134
279,325,326,264,266,327,23,265,328,165,248,232,230
165,291
329,21,330,331,22,332,333,334,172,335,336,337,338
339,129
10,79,13,15
72,340,130
341,273
342,42
340,135,133,130
255,242,189,224,36,343,30,190,344,345,346,237,227,347,309,191
29,42
348,139,284,144,304,264,280,279,349,230,232,350,229,351,165,271,23
42,66,352,52,75,353,354,355,53,181,356,73,70,357,358,359,46,78,29,360
361,17,10,250,15,203,8
15,13
362,341,333,168,363,273,22,364,196,172,169
42,365,366,295,43,57,160,367,368,46,53,369,29,48
22,333,370
50,371,367,57,37,75,29
372,15
5,113,373,20,212,121,111,374,375,105,110,17,12,114
21,168,273,376,172,377,335,22,378,379,334,330,169
335,377,168,380,381,170,382,334,172,22,273
135,130,133
242,227,383,34,189,235,384,385,1,191
172,273
232,283,249,165,271,264,138,139
224,31,343,32
121,386,387,12,13,9,105,200,197,15,317,115,10,17,111,250,201,388
389,390,391,172,22,334,392
393,72,324,135,130
394,388,3,79,13,15
395,33,344,396,191,32,235,227,242,28,224,225,31
205,15
397,186,398,399,343,227,224,400,225,401,402,242,403,404,32,191,189,33,405
158,99,117
335,406,376,22
407,408,409,13,63,410,65,411,3,15,412,413,414,10,123
24,291
72,258,340,149,150
264,139,270,231,415,232,144,140,230,416,142,263
162,260,266,417,418,263,144
93,322,419,81,102
420,421,107,422,114,423,105,112,113,424,110,5
70,241,42,355,53,146,29
425,319,150,426,133,72,427,324,130,129
428,84,110,5,120,7,17,8,105,12,429,113,430,212,114,111,9,86
6,113,431,105,432,5,111,17
433,336,434
435,436
437,89
438,439,24,294,23,138
440,33,31
12,16,441,8,9,250,442
89,88,443,100,96,102,194,81,87,83,444,82
233,189,445,446,447,183
82,95,153,88,90,98
135,130,136,125
170,167,334,21,376,168,337,448,335,449,169,330,332,22
130,450
76,46,368,50,58,42,29
397,347,451,452,453,405,31,28,308,454
57,37,29,102,93
309,31,440
72,133,136
455,388,198
37,66
29,43,57,53,42
158,87,102,456,457,215,89,81,83,458,93,459,82,460,157
3,63,461,388,10
139,279,462,142,232,23
463,8,464,373,17,6,7,16
22,172,338,168
100,465,466,81,221,153,456,82,214,117,215,89,154,102,83,93
467,468,338,433,168,330,172,195,21,167,335,329,22,380
469,470,471,279,264,138,261,462,139,328,271,165,23,263,144,140,287,24,472,473,266,232,231,229
244,474,81,83,154,153,95,82,475,93,476,89,437
197,79,200,15
477,284,229,266,478,230,415,162,23,479,139,232,259,265,480
481,205,3,482,15,388,210,79,323,483,484
277,22,334,335,337
270,261
485,9,8,114,17,486,111,11,113,105
217,93,82,154
114,17,487,488,18,8,12,7,111
9,213,105,489,8,110,212,120,121,107,12,7,490,17,113,16,111
117,491,87,158,492,89,91,102,88,493,81,95,252,101,83,494,153,93,82,495
15,63
213,85,111,107,496
191,497,403,31,224,34,275,498,499
95,500,82,83,93,215,81,102,177,158
16,113
127,501,502,503,324,425,126,258,130,193,504,505,506,507,135,128,129,133
133,42,72,481
508,72,133,509,129,130,510
318,17
511,43,44,29,46
512,23
255,513,227,344,186,31,28,242
23,266
353,29,53,73,70
196,168,514,167,376,377,172,329,515,390,334,379,273
182,31,1,440,191,28,227
144,516,230,294
503,258,319,501
217,153
102,153,494,179
158,82
439,477,249,140,266
517,130,129,518
16,113
519,143,139,260
424,15
520,37,46,241,74,58,521,160,354,369,29
336,522,168,376,434,22,167,362,172,468,523,524,525,273,334,169
518,130,526,127,393
527,130
83,244
165,23,325,143,477
29,179
79,10
95,158,528,179,154,82
36,224,188,227,529,530,28
531,532,533,37,534,53,78
332,22,168
129,324
107,105,8,114,111
330,22,184,453,535,167
536,265,232,284
472,438,231,144,139
537,22,273,169
267,23,280,230,304
538,136,139,284
196,22,172,333,338
5,113
263,165,138,139,265,23
79,539,540,3,205,541,542,62,63,394,15,543,544
545,42,58
42,546,29
547,57
324,501,136,72,149,193,548,549,129,127,135,130,133
328,23
340,550,130,136
314,21,522
252,551
413,552,553,394,540,361,79,15,205
554,83,456
474,494,93,246,98,87,555,83,556,437,557,157,102,558,466,89,559,117,560,155,214,97,81,158,95,475,82
376,522,334,561,562,563,341,382,564,22,332,21,433,169,565,168,566,390,335,172
328,142,264,139,232,269,144
376,195,169,330,314,338,562,168,333,167,567,334,515,380,391,25,568,332,22,378
569,504,149,570,135,130,126,571,72
227,28,572,309
23,140,139,415,265,573,248,574,519,144,271,294
58,37,371,29
575,139
144,266,576,290
102,577
578,556,87,579,81,94,93,152,580,82,83,153
307,213,8,424,121,11,12,111,113,107,422,17,581,105,582
53,75
271,583,232,130,462,133
584,585,275,572,345,27
394,10
586,46,37,50,587,42,588,52,358,29,589,43
79,63,15
51,296,587,29
590,130,591,72,174,133,126,136
66,253,342,82
335,169
263,575
592,29,53
22,392,167,168
284,139,294,512,260,165,230,166,288,23
593,308,334,594,168,400,440,595,172,22,30
83,95
319,126,129,501,136,596,133,597,72,258,340,193,130,127,135,324
324,503,193,598,510,320,590,599,600,340,258,150,506,127,501,136,129,133,509,135,425,130
105,12
318,105,9
116,437
451,187,191,601,400
117,602,603,95,100,81,83,93,604,98,154,82,221,605,578
11,107,17,606,7,485,441,105,607,608,110,5,12
93,53
376,568,196,170,382,22
133,136,609,127,130
264,230,165
42,29,58,40,43
213,610,105,114
53,29
16,8,107,11
542,15
44,29,53,43
332,392
7,111,110,17,113,489
82,93,102,215,89
611,297,43,29
263,232,264,140
612,81
198,388,15,3,79,13,63
126,613
169,21,22
201,10,394,614,615
53,56,352,47,160,29,58
192,191,616
97,83
210,15
8,9
36,33
254,191,233,31,225
130,340
232,285,142,260,617,263,248,23,140,618,165
9,251,423,318,120,5,113,619,441,111,250,114,17,110
57,78,46,220,73,360,180,620,53
267,519
15,621,113,622,9,8
473,271,139,438
29,371
191,623
461,624,413,625,540,411,62,206,63,3,79,626,627,628,10,629,15
97,491,89,179,116,81,99,93,153,83,630,321
82,88,631
632,53,58,49,633,50,181
634,635,483,388,79,372,62,205,202,15,200,63,636
269,191
429,17,9
637,560,154
265,285,286,165
229,415,264,144,294
191,188,227
23,576,283,260
82,102,89,93
638,169,639,168,362,522,335,376,172,171,273,640,167,341,334,196,21,333,22
16,17
165,144,519,140,536,325
130,258
116,82
641,340,642,144,294,643,130,425,264,139,590
266,264
437,419
5,115,17,8,213,644,430,111,16,645,646,7,110,113,307,114
647,113
334,335
81,82,83,94,648,89
470,139
248,130,144,142,103
129,425,72,136,510,649,517
82,577,93
79,650
135,651,130
265,140
279,260,23,231,248,652,142,165,230,140,261,281,139,416,290
653,153,82,474,83,102,98,654,92,81,322
538,655,656,425,501,133,657,340,549,658,130,129,136
134,130,659,136
449,196
660,344,225,227,661,36,182
405,182,662,191,346,188,663,30
248,664,294,229,263,665,138,666,283,667,140,462,165,271
153,101,90,87,456,214,97,81,93
168,376,170,21,22
22,334
133,130
146,353,160
105,8,668
669,654,194,670,99,215,102,81,93,91,153,97,83
8,621,430
632,29
130,135,133
183,234
191,405,671,182,27,343,32,237,28,242,447,384,224,227,672,31
133,127,590,501,510,126,130,135,340
227,28,237,236,182
158,81,82,500,673,153,83,102,674,675,93,676,154
32,677,344,27,31,191,678,679,680,227,28,399,186,343,30,224
625,10,63,207,412,15
106,485,681,115,12,120,213,682,9,5,211,17,113,111
572,186
360,683,46,75,50,70,66,371,587,51,296,57,367,37,42,684,43,103,29
139,143,230,290,685,144
376,329
24,231,470
140,133,142,327,174,135
72,641,135,501,549,526,126,324,130,129
650,542,323,15,413
205,63,686,388,15
9,115,318,7,121,17,19
103,29,37,50,42,238
227,310,399
615,323,687,388,79,65,15,626
135,22
22,168
15,688,63,483,198
43,29
388,10,15,689,690,410,63,691,409
212,130
692,642,285,290,139,264,260,166,256,231,165,271
693,81
694,130,258
323,15,394,10
23,695
133,504,136,72
696,248,284
15,129,241,22
158,466
83,459
227,343
22,334,341,335,224
461,15,388,697,62,372,690
29,93,698,222,699
141,259,415
590,60,134,340,133,700,501,129,130,701,127
170,168,335,22
170,702
488,16,105,17
703,383,343,440
130,129,501,657,425,136,126,506
113,105
388,63,704,540,413,203,62,436,635,542,394,697,10,483,15
324,135
22,448,330,169,338,705,172,21,335,273
62,4,124,10,435,412,15
113,7,115,120,17,105,16,175,5,12
87,706,116
130,501,707,133,583
130,131
503,130
82,708,81
130,504,135,658,339,709
587,67,46,58,40,43,53,29
162,285,232,284,139
187,402
107,619
22,376,196,377,167,314
114,2,107,120,105,122,9,621,111,17,5
528,117,95
79,210,123,10,15
159,560,710,711,157,158,154,83,81,95,500,244,712,82,252,93,713,89
75,58
714,82,81,322,715
707,130
72,130
73,371,50,42
182,191,440,716,717,190
341,25,718,169,329,334,362,382,168,172,171,22,21,195
225,719,720,190,227,309,188,343,33,721,397,27,235,34,191,192,28
722,388,206,15
214,82
53,29
79,15
723,724,356,238,53,58,725
726,63
411,123,79,17,442,727,29
21,22
103,587,355,53,728,729,147,39,58,352,70,73,683,359,534,366,46,66,297,241,37,44,29
229,290,23,144
686,553,412,15,79,730,731
196,167,433,21,172,22,434,169,330,333,335,377,732,338
714,153,528,88,82
264,141,231,291
93,82
617,426,271,23
188,672,185,31,662,191,308,227,33,242
93,83
733,53,160,42,66,103,632,40,734,371,46,633,73,29
7,735,645,736
81,252,97,179,466,82,93,670,89,580,737,738,491,102,87
127,501,131,129,739,136,643,130
29,37
349,740,415,667,165,141
138,248
433,196,22,379,168,338
187,189,188,396
7,9,5,741,318,420
215,81,154,83,88
199,124,79,540,726,203
129,144,742,140,165,340,231,23,72
743,167,22,333,744,334,379
7,110,112,213,745,17
746,542,63,394,13
31,747,186
322,102
21,172,170,28,33,22,191,169,273
29,748,50
22,334
241,87,466
140,230,695,281,284,162,23,266,573,248,166,305,349,249,231,282,415,749,139,144
93,88,81
749,418,23,144,165,230,140,750,285,248,139,349
501,129,751,125,425,130
418,249,752,142,139,266,23,753,143,271
754,51,302
334,22,705,168
15,542
680,34,345,191,401
688,115,10,61,205,755,107,7,17
756,29
234,28,237,513,36
66,37,358,29,49,42,103,589
757,270,248,144,263,261,231
81,637,179
199,540,409,726,62,394,628,10,635,79,123,63,201,413,722,15,203
540,15
366,37,53,534,66,358,76,371,46,728,42,44,29
15,13
130,129,136,501,758,425
168,376
130,320
165,294,516,264
405,383,759,224,529,499,585,760,451,32,227,191,192,678
761,309
82,83
377,392,273,449,169,21,334,329,376,22,168,167,172
165,23
597,258,130
79,614
129,149,319,510,340,72,130
165,415,139,762
135,763,425,133,149,130,129
296,764,49,70,73,37,58,241,587,42,53,765,725,44,29
81,89,102,29,713,42
172,766
113,105
241,37,353
87,89,82,179,83,81,178,154
82,767
298,53,768
29,222
42,66
191,227
135,340,769,549,149,130,425,770,72,751,503,596,136,129
16,424,318,17,115,441,113,5,12
431,487
294,248,280,575,23,140,139,138,232,349,229,271,165
26,83,713
542,9
11,218
90,155,83
248,516
22,172
306,333,335
697,10,628,15
165,23,771
756,57,772,586,56,73,44,29
483,200,3,773,205,123,552,62,539,15,198,726,79,10,13,412,461,388,413
129,136,130,596,133,135
285,280,573
397,192,395,34,677,309
774,397,308,34,346,254,242,191,192,775,30,776,33,224,188,311
15,372,79
137,435,323,63,542,61,199,687,394,388,79,13,15,461,203,413,628,10,777
333,22,778
110,211,18,107,17,105,779,5,441,432,111,120,12,8
27,384,187,405,33,31,780,402,30,182,398,255,403,227,192
72,425
781,80,413,15,79
5,113,110
21,363,22,167,782
255,27,616,224,623,254,183,33,28,191,403,190,452,776,398,513,31,311,308,186,343,783,227,440
335,377,382,784,170,785,195,376,167,22,169,449,168,172
167,784,333,337,21,786,778,334,22,329,273,787,376,172,362,331,377,335,788,168,169
46,43,42,44,29,300
158,155,216
82,90,157,93,102
435,79,3,15
604,456,157,88,215,153,492,244,95,214,117,89,437,194,252,81,83,158,605,93,82
75,161,241,70,222,78,29,44,43,58,57,239
27,774,182,513,789
29,355,67
83,214,437
350,232,249,165
130,790,72,510
34,27
168,334,274,329,778,169,791,22,167
739,129,503,707,657,130
22,21,169,170,314
53,43,521,29
451,31,585,792,309,192,191,793,440,188,308,28
192,398
794,12
93,179,81,82
334,22,330,732,376,782
420,5,7,795,421,796,485,84,797,17,110,113
212,5
191,192,451,225,798,663
63,689,80,205,62,13,799,686,542,628,79,15
555,82
229,271,800
181,50,297,371,46,44
238,533,297,66,29,46,360,43,40,58,57,75,801,53,37
612,81,90,83,802,179
23,232
370,448,21,335,803,334,172,330,169,433,22,196,390,168
188,31,804
226,191,308,347
27,585
522,595
681,84
190,529,186,805,747,27,343,440,454,191,242,224,31,225,383
121,213,5,113
806,434,807,808,335,273,341,332,22,330,809,21,172,333,810,167,337,448,468,338,732,168
811,273,335
139,23,415,692,618
812,575,139,232
751,132,501,136
790,135,150,60,130,501,129
150,659,503,707,501,425,136,813,72,814,130,126,135
388,482,777,461,481,730,15,3,815,62,628,10,13,361,436,79
271,75
115,5,796,430,622,113,105,17,106,9
654,88
130,504,816,506
123,773,394,64,15
817,53
95,82,97,456
226,34,191,192
30,343,31,672,187,677,224,227,34,234,186,497,761,192,191,440,818,243,182,242,28,447,395,775,185,345,33,275,183,32,235,344,403,190,237,397,308,747,27
72,509,510,819,129,136,130,258
79,64,123,627
820,413,726,63,10,687,205,15,688,4,64,123,79
821,134,319,651,136,72,510,655,174,127,340,258,133,822,813,758,129,126,501,135,790,130
186,780
324,590,130
5,619,120,114,107,115,9,441,108,318,105,421
230,757,749
5,113
182,191,535
167,329,334,22,823,562,338,376
415,231,139
117,93
401,191,28,497,27,224,31,780,187,227
434,195
392,335,21,824,333,168,22
825,110,112,12,442,115,421,6,7,581,17,105,9,213,373,120,607,211,118,16,111
37,103
778,21,167,333
167,21
818,28,403,343
466,57
261,826,472,139,279,479,232,256,165,23
604,82
10,3
107,130,3,827,628,674,13,29,11
273,196,828,335,434,21,171,22,341
136,134,324,751,59,501,135,130,127
248,294,165,271
436,411,688,544,63,3,123,481,79,15,394
600,149,130,133
282,261,349,142,829,230,830,271,165,415,139,144,248,418,749,23,264
294,23,271,165,812,350,692
831,258,72
394,542
333,196,809,828,172,334,169,330,314,376,168,22,377
61,13,15,79,64
133,501,641,149,832,324,128,129,506,425,527,833,130,503,136,134,450,258,340,135,590
227,529,792,32,191
258,834,129,133,835,72,130,125,769,836,135
95,458,154,93,87,245,82,101,91,81,83,96,217,153,494,215
376,434,837,786,332,22
165,666,838,162,248,144
60,527,501,700,135,130,659,821
839,178,215,840
111,8,318,485,120,420,272,110,2,17,441,112
227,31
664,130,126
129,501,709,133,134,130
22,561
157,82
129,130,340,550,425
542,15
186,27
841,483
501,842,127,130
168,335,169,22
297,53,843
16,113,488
53,241,588,73,57,58,66,51,728,42,43,29,587,586
165,279,231,439,692
377,788,448,195,22
506,701,501,129,425,130
680,28,191,404,188,747,1,36,227,237,844,845
124,17
643,510,834,136,501,258,340,129,846,133,426,130,504,596
50,58
192,760
839,83,214,493
105,110,7
351,23
324,135
129,751
376,172,22
335,827,341,22,847,172,168,449,169,391,524,334,376,848
169,849,335,376,638,850,851,593,172,784,22
796,121,110,115,5,111
9,17,107,614,250,481,79,7,105,63,687,15,16,12,373,113
57,367,620,103,29,46,50,66
788,273,335,376,514,823,392,330,332,22,837,329,196,172
12,852,606,9
186,227,719,789,30,818,28,237,235
853,1,27,405,403,275,224,237,398,31,783,343,660,192,191
140,230
139,284,573,264,144,692,271,165,23
26,82
22,169,273,33,333,21
236,308,224,399,192
105,205,388,210,107,15,731
168,468,514,392,811,338,172,778,167,333,169,362,332,22,433
230,144,264,472,270,830,165,23,162,266,232,139,349,576
42,367
783,188
139,142,270,854,855
50,531,354,532,368,103,29,353,43
82,221,102
42,93
397,343,36,227,31,677,747
377,376,168,523,639,22
201,781,413
129,135,549,856,324,425,130,136,133
111,11,114,5,9,107,113,796,17,110
402,346,28,224,31,191
392,376,22,168,857
327,139,286,231,165,265,328
206,394,13
17,796,431,5
526,133,135,60,659,501
113,122
394,12,441,386,120,123
858,31,859,860
537,172,169,334
448,22
781,10,199,861
21,337,277,329,273,335,167,522,333,336,862,334,390,332,22
32,33,678,499,440,344,859,242
67,29
863,794,115,8,864,113,865,16,9,421,110,120,121,17,420,318,105,581,7,668,5,107
188,719,677,237,860,866,186,343,30,32,227,34,31,584,661,192,191,27,235
22,172,334,379
113,8,5,7
114,429,17,16,111,867,5,105,868,12,112,113,218
489,7
656,130
869,394,62,79
870,415
501,135,596,127
130,340,129,609
451,717
569,129,136,320,135
871,58,296,29,53,180,42,68,356
29,161
872,15
436,15,625,482,206,79,4,205
83,215,580
229,23,139,231,290
719,343,572,873,189
57,241,50,360
776,28,860
248,23,165,325,138
133,130
299,46
874,144,279,263,142,327,232,139,875,283,876,23,165,290
9,5,867,113,17,105,16,111,19
412,63,62,650,10,877,79,15
142,23,415,283,269,231,139,270,294
124,687,386,10,697,15
201,79,200
107,15,115,17,373,105,7,3
266,138,279,473,878,293,231,271,284,140,23,287,800
53,342,46,181,50
350,231,263,139,516,265,879,144
129,135
165,854
739,130,527,763
571,324,72,126,880,425,149,856,340,135,758,130,150,881,319,133
801,50,882,883,29,57,884,683,46
21,22,273
81,495,117,710,83,221,153,713,100,217,89,466,82,93,885,676,159
267,23,263,266
886,139,291
266,284
93,560
29,50,58
337,329
229,290
597,133,613,130,129,503,887,701,501
670,81,158,154,82
116,81
133,888,130
551,93
309,345,405,402,225,27,343,399,0,403,227,853,192,182,680,396,237,311,254
333,524,406,329,21,168,376,22,562,379,334,167,314,169,273
285,248,889,139,165
698,353,37,683,40,53,46,29,42,58,57,587
240,29,53,764,57,754
135,501,819,890,834,130
536,232
394,15,3
394,123,552
229,263,507,144,130,23
23,139
891,237,798,308,31,623,188,892,186,397,191,192,440
53,50
116,82
361,624,62,124,137,893,63,894,15,79
111,7
227,310,1,308,399,719,892,242,28,275,663,185,224,30,343,792
462,165,838,248,349,895,667
273,377
785,376,390,167
15,10
745,7
896,112,17
10,388
609,165,130,753,23,897,501,264
113,111
779,17,112,114,12,250
184,399
898,735,17,113
619,19,20,899,111,5,7,17,8,105
121,16
169,22,743,376,170
381,467,333,21,168,167,172,341,169,335,377,170,22
379,390,21,172,341,22,168
237,310,535,192
79,65,15,10,63
22,362
81,715,87
30,235,845,255,31,225,403,191,192,447,227,226,671,900,28,497,185
394,206,79
114,107
552,413,198,901,13,542,902,15,203,10,553,3
711,715,153,83,97,81,93,82,475,95,89,158
104,58,46,42
115,17,903,107,441,111,8,12
22,334
28,308
231,263,829,232,140,418
241,103,240
328,248,23
3,388
17,113
271,294
72,136,312
150,130,133,136
809,172
93,155
144,349,23,573
597,324,501,133,130,126,129
83,158,91,89,81,153,93,322
113,464,8,19,9,12,794,114,111,107
646,212,111,11,755,114
32,224
451,1,347,191
15,323
229,23
130,340
102,81,177,83,100
29,75,95
447,844,513
29,303
123,15
403,235,32,497,227,182,759,780
123,628
10,3
767,713,706,493,904,244,839,693,81
258,133,127,324,130,506,135,501
209,200,205,13
237,32,513,403,844,775,227,892,224,905,234,346,255
133,127,427,258,72,324,548,129,501,130,135
266,270
141,265,165
76,29,40,906,53
62,781,634,79,394,907,199,63,10,15,202
908,126
123,553,15,79,413,63
263,165,573,287,139,875,757,516,23,265,327,685
764,520,42,29
596,909,129,130,135
10,387,627,626,80,15
192,445,32,33
16,735,213,108,12
79,15
29,42
910,806,334,392,21,22,338,168,335,315,273
165,270,290,162,536,249
501,319,151,908,149,340,258,518,193,834,911,130,135,129,549,136,133,912
61,15
81,82,767
72,130
83,802,26,648,87
660,237,186,33
135,913
105,12,212,114
246,802,83,528,95,93,158,244,153,194,580,81,82,102,560
101,83,802,88,674,100,528,82,93,102,95,153,221
42,29,56,103,70
22,172
498,191
50,37,104,29,57,914,300,53
63,689,635,553,411,79,15,915
644,916,107,11,120,646,917,9,5,113,622,115,12,105,745,17,213,114
476,93,82,918,89,673,83
40,239
402,32,182,451,28,233,191,33,798,31,343,27
224,344,273
15,10
37,51
179,93,547,158,98,528
79,435
531,40,299,768,756,919,29
13,10
222,66
227,191,308,672,28,398,601
149,320,72,130,258,129,501,150
24,263,162,144,139,232
33,761,804
83,81
775,242
165,144
920,21
818,235,33,192,34,776,237,440,775,399,255,32
144,290,263,576,284,165,305
111,16
224,191,184,759,344,227,402,234,34,309,31,585,225,28,242,921
89,82,83,153
232,248,140,139,165,23,231
338,22,390,21
224,922,513
150,130,136,135,655,320,834
263,165
857,376,273,21,172,341
799,15,10,615
281,231,325,879,165,264
382,22
923,63,10,394,893,15,79,553
165,23
532,37,241,77,103,55,924,754,29
229,265,284,771,271,139,267,23,230
72,130
390,341,828,732,335,22
611,29
93,88,83
82,456,157,87,322
273,172,169,335,21,22,376
31,404,309
81,83
224,900,235,28,395,227,187,188,192
83,904,99,98,82
87,111
290,925
47,53,42,40,342,37,46,29,43
157,98
62,687,626
206,926,688,200,927,386,202,394,3,413,923,15,79
10,62,15,3
167,22
698,50,160,75,42,37
263,23
928,391,389,929,22,930,931,335,172,433,167,376,334,333,705,169,329
117,81,221,87,699,456,83,102,82
110,7,17,16,114,12,5,442,108,115
484,79
441,250,15,17,841,394
9,441,114,11,17
635,124,688,123,202,483,542,200,201,413,63,3,636,199,628,932,10,210,79,731,13,15
309,445,845,31,225,933,30,343,227,403,33,275,192,191
329,314,22,376,640,172
647,17,423,12,7
53,43,42
400,27
28,786,309,452,338,169,379,761,717
934,778,21,332,22,638,467
265,257,263,574,935,266,165,304,140,230,248,231,279,936,291,139,23,162,232
172,169,847,338,824,334,22,937,784,434,168
81,153
116,81
769,517
938,900,334,170,21,561,775,392,172,168,381,22,376,27
386,79,939,10,3,483,15
15,940,79,10
93,252,221
87,802,711,89,92,81,528,492
21,467
50,43,241,76,531,52,29,532,46,48,40,53,57,58,296,78
412,410,10,15
179,83,437,89,98,158,93,157,460,941,81,547,95,466,708,82,605,676,221,153,528,612,102
158,82,46,89,729,97,839,53
23,130,942,649,144,135,230,340,136,641
713,102,918,547,179,802,83
95,767,87,493,157,93,554,918,116,159,102,579,221,244,83,495,81,179,82,578
561,31,562,808,329,172,186,377,661,335,224,332,22,21,434,30
242,225,31,34,805,343,384,224,191,192,227
231,263
10,121,681,7,455
237,255,224,344,191
444,88
158,83,89,674,26
105,9
15,10,79
62,544
816,140,248,130,821,320,133
130,510
264,294
203,869,13,461,15,436
440,395
112,943,111,105,318
394,10,687,15
144,875
50,29
230,279,416,23,327
58,76,29,521,53
841,650,553,15,205,123,63
192,672
83,767,244,648,100,708,93,82,159,81
130,135
138,248,762,256,270,165,139,328,231,23
381,273,390,333,335,376,22,314,857,168,524
944,205,10,3,542,413,945,13,65,946,15,372,79
135,324,887,131,133,136,503
140,936,232,265,139
42,354,41,947,296,75,948,727,239,53,73,46,29,50,55
40,947,238,43,42,51,906,53,46,683,52
659,510,258
637,557,675,83,93,949,555,89,253,158,82,466,95,155,179
83,44,29,37
5,11,113,212,8,17,121
42,74,26,53,29,950,918,82,368,555,103,97,66,81,58
102,476,556,158,547
138,129
343,172,379
129,814
260,139,897
205,15
854,294,469,139
130,425,129,596,501
951,136,130
210,198,123,13
260,232,263
370,809,22,172,377,335
72,501,135
398,601,440,775,31,28
189,191,237
130,136
