0,1
2,3,4,5
6,7,8,9,10,11,12,13,14,15,16,17,18,19,20
21,22
23,24,25,26,27,28,29,30,31,32,33,34,35
36,37,38,39,40,41,42,43,44,45,46,47,48,49,0
50,51
52,53,54,55,56,57,58,59,60,61
62,63,64,65,66,67,68,69,50,70,51,71,72,73
74,75,76,28,33,77,78,79,34
80,81,4,82,83,84,85
86,87,79
17,88
89,90,91,4,92,93,94,80,3
36,95,96,97,98
99,100,101
102,103,23,30,74,104
105,72,73
106,107,108
109,110,111,112,113,3
34,74
114,74,28
115,116,117,17,118,12,13,119,16,120,121,9,6,122,123
124,125,126,127,128,129,54,55
117,13,16,130
131,73,72,70,132
133,110,134,81
70,135,136,72,137,105,138,50,51
139,140,141,54,59,142,52
26,143,144
145,146,112,84,110,147,148
70,71
149,150,113,151,110,3,152
101,153,154,155,156
97,23,157,158,159,0,28
160,161,162,163
126,108,164,58,59
6,20,121,16,165,166,13,167,168,19,115,169,118,170,171
118,6,172
117,6,16,20
173,174
175,176,177,3,178,179,180,133,181,182,183,110,184,151,90,185
186,117
43,187
188,189,190,162
191,192,59,193,61,54,53
163,194,195,193,196,197
198,110,199
200,199,85,110,84
201,202,84,203,83,4
204,205,43,44,206,207,46,36,208,97,0,209,210,45,211,41,212
38,208
213,101,214,215,216,217,218,219,220,221,154,222,193,223,224,225,226,163
113,227,90,110,199,228
105,229,51,71,230,231,72,50
84,232
51,233,67,72,234
125,61
235,236,79,237,238,239,28,240,30,241,242,25,77,243,23,244,245,34,246,33,32,143,159,74
118,115,19
247,248,101,249,250,251,252
253,254,255
72,256,50
0,204,257
108,54,258,58,59
259,260,46
50,72
74,261,28,262,143
263,264,54,265,52,127,266
197,267,101,194
268,21,269,85,270,92
83,271,85
272,108,52,53,273,61,265,59,274
187,275
13,276,19,277,130,278,20,115,279,171,280,281,7,9,17
268,90
70,72,230,282
188,283,284
265,56,285,54,286
159,287,98,244,288,289,245,290,34,291,74,292,293,33
162,59
83,85,22,4
252,226
32,294,35,295
296,180,297,110,134,199,3
149,298,110
225,59,61,164,54
252,193,101
45,44
46,299,300,97
74,159,34,301,86
302,303
3,298
304,144,235,305,74,306,307,308,159,309,30,34
38,0
310,108,311,125,312,313,54,126,314,59
101,197
39,315,316,0,317,275,259,44
204,0
223,318,214,249,101,319,215,225,193
320,321
223,249,163,254
322,160
323,59
85,324,325,92,326,327,328,329,81,83,330,5
331,105,256,132,332,71,131,73,135,51,72,50,333
101,53,253,194,334,154,223,54,224,59
115,335
19,121
3,336,337,110,180,182,338,94,93,133,339,198
275,315,187,48
0,1
9,340,6,17,341,115,342,343,277,276,19,165,344,20,118,13,18
1,275,345,346,42,347,79,0
58,127
348,108,140,349,58,59,258,53,61,350,54,253,56
351,72,51,71
180,297,110
59,258
352,353,50,51,332
238,354,355,23,159,294,244,30,34,236,356
357,15,9,358,276,16,13
53,359,142,258
6,19
360,4,84
361,51
118,362,363,51,70,364,17,365,9,73,366,50,367,72
159,28,30,143,245
20,368,165
228,110
199,3,369,182,110,370,133,90
51,71,72,50,135,63
19,276,371,115,121,18,372,373
374,48,97,74,159
329,375
48,204,346
376,85,21,377,378,82,84,379
4,85
110,380,90,381
382,383,384,90
385,21
85,377,268,386,92,4
73,67
101,195,266,226
387,388,91,92,145,268,201,328,82,5,4,377
389,97,0,390,48,210
59,52,108,391,392,265,53,393,394,395,396,397,54,61,127,253,398
79,399,74,400,30
275,0,42,401
402,403,305,77,74,30,404,356,405,23,406,35,34,245,407,236,33,32
408,409,296,410,337,151,411,412,199,110,183,297,113,413,414,298,133
46,204,74,208,300,415
197,416,417,418,419,420,284,174,421,422,154,163,225,101,188,223,423,252,249
50,51,424
425,16,6
249,174,217,60,426
427,428,54,429
430,23
236,245,431,77,23,244,432,30,26,144,433,33,79
71,72,434,365,51
302,435,401,275,36,46,0,210,38
30,159,241,261,26,436,238,98,437,23,28,432,104,291
313,359,54,140,348,61
395,438,54,61,153,59,439,53,139,427
200,377,22,440,327,80,441,387,442,270,4,443,5,21,444,92,84,85,445
446,396
101,252,284,223
118,447,276,63,16,448,335,17,72,69,449,366
83,85
85,450,388,4
451,181
97,0,452
453,424,454,132,455,73,456,256,50,66,71,448,105,367,72,131,51
381,410,369,133,110,457,408,297,458,459
204,39,48
460,115,186,13,9,19,118
72,73,50,461,105
74,79
159,25
462,284,223,463,99,464
257,315,45
101,465
71,50,72,466,51
207,38,467,452,208,468,257,158,46,0,48,469
1,187,43,46,211,275,157,208,210,39,0,45,97,96
17,16
110,470,90
21,133,110,377,3,471
210,472,262,305,79
473,23
474,223,188,475
476,436
97,477,46,478,204,303,0,43,210
163,252
115,10,342,118,13,479,480,481,19,165,20
252,249,215
19,16,276,118,72
482,110
471,483
195,484
84,4,485,442
265,58,142,486,61
225,474,223,160,101,475
365,51
253,57,101,52,161
57,272
230,50,487,72,367,51
422,225,128,488
72,71
51,50,132,72
204,467,48
154,101
74,77,78
72,51
9,489,115,490,491,19
101,492,493,494
495,297,496,4,386,497,498,499,410,500,3,471,84,110,388,376,90,203,85
501,491
147,176
356,74,79
178,502
474,161,422,503,194,492,174,504,505,195,101,506
167,70,507,508,71,69,73,105,115,72,51,19,50
509,50
166,20,118,17
510,91,329,21,83
449,51,72
447,72
109,199,110,151,134,511,296,133
19,512,118,169,17,479,186,13,513,277
505,61,57,56,418
3,181,381,110
168,514,121,343,118,276,16,115,6,20,480,186
217,215,101,161,252,223
77,79,28,143,144,291,74,35,34,32
515,516,249,506,251,484,194,197,417,101,195,217,188,517,154,518
519,21,520,521
522,186,118,523,72,105
390,98
46,43,315,469
284,524,506
204,51
525,90,298,110,337
108,526
171,527,481,117,9,19,528,118,13,20,491,529
240,143,34,23,244,26,437,32
143,23,304
475,530,419,422,420,188,223,531,197,284,193,161,190,532,162
533,253
30,288,33,402,74
340,115,118
94,228
4,534,84
90,535,133,536,537,198,180,94,538,3
127,107,52,446,539
540,182,151,110,183,541,112,297,542,2,502,179,90,543,296,544
545,60
380,546
252,422,163
26,35,241,547,288,30
56,548
452,316,45,42,48,0,275,204,320
167,479
50,332,115,72
549,150,3,83,84,110,550
551,51,552,553,105
554,61,59,555
9,20
101,194
186,281
556,13,72,453,276,557,558
23,262
115,165
4,559
365,560
23,34,275,561,562,0,259
71,563,51,131
0,564
35,23,305
46,0,45,36,257,204
81,385,83,565,268,4,145,566,376,375,386,85,82,377,567,568,388,21,569,84
19,570,165,17,571,335,16,276,491,20,118,6
186,165
172,17,72,572,573,434,16,51,73,574,50,116,71
21,376,85,386,575
159,35,262,98,32,23,576,77,577
216,578
454,72,50,62,105,51
296,110
433,30,26,579,402,34,262
72,365
310,61,580
380,541
156,52,348,54
150,110
329,534
71,434,367,72
581,582,583,258,61,52,60,59,265,486,54
59,584,585,54
586,21,377,521,80,84,268,328,388,587,588,534,589,85,4,386
196,222
0,46,30,590
591,592,5,22,593,594,85,21,595,379,84,329,92,83,203,596,89,443,597,567,377,598,268,4,386,599,600
16,115,118
199,3,180,133,146
23,32
386,388,81
397,601,548,58,191,53
602,36,211,46,208,300,0
67,73,603,604,66,50,71,131,455,605,365,606,607,70,105,64,367,72,51
533,57,427,608,310
72,105,353
48,211,374,0
30,98
193,195
348,53,585,609
196,163,225,610
376,83
597,4
422,252,197
162,154
101,174,162,223,416,100,225
378,388,85,84,83,21,611,612,586,613,614,4,615
54,60,616,253,273,427,61
42,47,617,208,39,259,204,618,97,619,212,257,46,210,48,275,211,315,620,347,0,43,621,36
140,548,59,58,153,54
622,19,6,281,623,118,115,362,16,358
624,105,361,71,625,50,135,67
323,163,160,506,418,195,224,193,223,190,626,627,216
66,132,628,367,72,70,73,135,105,625,63,71,51
369,298,629,113,630,296
74,33,294,98
386,81,5,631,379,388,21,201,85,84,632,4,82
284,223,633,213,464
326,388,5,21,534,614,500,4,575,232,81,634,565,591,80,327,91,82,595,379,85,84
59,108
110,133,113,470,297,451,90,3,2,511,181
361,51,6,130,118,171,256,551,12,72
223,635
54,129,446,636,608,334,637,53,253,153,108,59,638,52,61
315,0,275
151,485
17,639,513,6,501,19,115,118
21,180,640,575,597,2,151,369,338,641,84,110,4,386,451,498,81,538,82
235,34,30
339,179,184,642,180,90,297,470,338,182,110,380,133,151,3,199
20,118,6,529,19,17,186,115,14,447
73,71,72,70,51
58,125,128,61,446,643,258
480,19,514,16,118,340,6,20,447,116,528,17,9,358,171
644,118,13,6
43,315,645,210
59,52
30,646,241,433,23,79,34,24,262,74,159,245,26
51,132,256,331,73,72,647,648,105,50
101,154,284,649,650,251,173,225,220,252,524,188,195,163,651,267
652,199
103,98,23,79,35,34,159,653,654,74,26
447,186,117,118,9,479,115,276,480,13,16
26,23,74,305,30,33
655,125,584,446,60,61,54,656,253
50,51,71,72,63
56,555,253,54,52,59
143,74,305,114,33,23
657,151
70,365,72,256,658,105,50
659,110,3,90
508,50,70,449,73,135,624,72,660,66,256,71,661,51,662
19,118,171
499,4
663,664,182,338,110,90
34,316,665,32,433,36
50,72,256,132,71
666,26
16,19
44,42,0,667,469,668,97,204,299,275,210
85,566,443,534,669
130,170,281
670,136,671,647,135,73,424,256,70,628,51,365,624,461,71,672,625,573,367,72,105,673,50
115,19
51,424
210,204
20,513,186,674,13,165,130,6
453,51,71,132,256,367,72,70,50
619,675,143,676,104,677,210,452,30,36,97,34,35,32,211,26,294,0,23,678
679,36,48
35,301,23,238
52,265
680,241,32,23,433,681,547,682,98
2,228
377,387,85,375,683,82
34,23
491,171,115,9,19,527,130
652,451
81,84
16,121,186
417,223,484,252,474,163,57,129
616,153,391,311,54,253,129,393,350,684,126,57,139,59,58,108,52,61,685,258,427,686
597,202,386,687,688,4,327,388,21,81,689,85,377,534,378,84
197,416,163,422,174,223
542,690
166,16
250,225,416,195,505,691,251
46,0
23,26,98,74
491,692
394,59
410,3
693,72,624,132,51,256
255,58,61,54
170,115,694,501,479,447,366,121,16,695,276,344,19,696,6,20,17,118,13,281,9
210,0
697,110,457,182,199,3,698
359,699,61,526,391,107,125,311,58,700,582,701
21,85,498,81,4,587
702,186,9,171,371,6
8,121,513,15,118,480,17,19,20,6
110,588
68,51,256
428,609,396,253,446,348,61,656,54,55,274,391,129,127,52,703,608
704,63,51,105,705,70
133,151,388,328,84,110,339,687
101,250
50,71,625,508,706,51,707
287,708,547,78,74,295,35,34,244,104,159,245,30
197,530,252,194,154,189,162,220,101,709,419,710,223,188,711,173,249,193,190,712,284,163
713,110
542,113,112,178,297,3,369,451,110,482,483,411,152,181,182,296,90,133,337,714
715,6,12,20
390,36,257,45,211,716,204,717,0,42,48,347,467
225,223,418,650,252
83,718,719,388
212,597,197,59
118,9,20,480,115
82,720,81,599,485,21,496
17,6,118,16
511,182,3,336,2,380,175,110
0,46
721,1,45,722,407,723,0,30
204,158,45
72,19
188,474,252,101,249
17,13,118,186,166,276,480,16,171,20,9,358,123
16,13
724,276
725,726,3,185
205,43
383,110,3,380,182,90
4,268,21,386
33,23,301,26,74
162,416
727,249
85,329,83
317,48,467,212,1,45,300,211,275,38,728,42,97,158,46,0
729,224,101,163,219,195,188,223,154
98,730
216,162,284,422
683,451,4,85,90,133,297,731,110,21,732,89
733,97,42,38,478,204,0
115,6,341
300,210,204,45,39
44,35
268,133,450,297,3
734,268,586,444,297,3,386,133,298,411,735,2,112,80,537,84,110,519
666,0
318,284,736,416,163,249,222,215,610,266,101,197,712,223,220
626,197,284,249,217,252,223,188,250,190,578,196,474,215,416,488,154,422,225
42,48,210,737,45,204
83,738,377,4,329,612,85,441,327,386,84,592,375,388
150,179,739,381,659,409,151,537,110,90,740,180,297,380,3,133,713
6,171
71,624,741,461,132,72,742,105,487,135,73,51,50
46,212,208,300,210,48,204,44,0,42
90,743,2,3,744,147,112,134,732,296,133,180,175,745,110,151,381,178,746
86,77,30,34
627,54
35,26,432,290,86,74,262,23,144,79,159
21,388,329,575,85,485,4,84
377,386,21
524,423
297,199
204,243,79
747,170
263,322,163,223
42,275,665,44,45,209
297,183,748,339
127,253
54,253
711,749
416,101,224,160,223,225,163,750,221
751,46,208,257,259
28,752,415,23,34,98,30
108,656
110,3,199,297,133
108,53,609
2,133,642,753,109,754,755,150,182,110,369
387,442,91,498,85
296,386
159,26,23,98,143
54,124,446,756,545,699,253,53,314,395,255,59,58,142
245,23,209,204
757,252,650,421,284
23,44,39,758,275,26,315
652,111,110
759,50
127,394
760,684,311,61,128,108,761,253,60,59,58,53,349,54
59,54,108
127,428,762,128,763,554,61,59
388,203,202,201,84,268,82,387,597,586
140,264,764,58,59,54
315,42
132,557
30,98,78,477,722,204,292,74,45,235,26,0,40,23,210,48,187,143,257,44,36
197,163,188,416
527,72,73,186,765,766,767
51,73
296,90,110,746,181,298,133,151,3,199,339,768
85,268
230,63,434,455,229,73,51,70,50,704,72,71,769
770,46
480,170,19,20,9
54,258
771,224,727,163
6,13
772,727
386,84
329,82,85
118,14,276,773,20,13,344,6,9,774,165,372,16
59,154
566,738
24,35,74,402,775,33,776,777
127,778,608,59,107,486
442,379,779,84,268,85,81,328,82,202
115,368,50,10,63,280,51,13
38,187,302,722,780,210,275,0,204,1,45
471,409,84,329,781,21,377
307,159
44,0
84,133,83,338,664,82,85,541,180,4
293,34,159,407,288,405,240,241,354,144,98,74
725,110
84,81
2,3,451,782
118,117,692
768,184,110,412
71,135
20,165,9
132,50,71,783,70,51,72
256,51,71,138,72
58,108
492,650,729,463,252,784
50,73,135,51,62,367,72
521,85,591,84
252,494,162,99,515,249,223,418
50,72,70
315,785,39,46,208,257,786,300,204,0,45
275,43
85,84
787,73,135,72,788
789,30,102,34
186,165,364,766,790,791,480,6,13,792,362,16,19,277
793,85,110,296
725,483,541,151,296
286,61
151,183,781,112
133,3
794,252,223
575,92,520,377,4,388,795,549,85,84,21,328,83
180,110
438,215
3,110
110,176,796,663,471,297,360,151
82,597
732,110
118,6
50,72,51
118,13,20,186,18
28,32,75,304,23
51,50,63,365
210,786,42,0,302,39
94,337,797,110,3
59,139,127
74,28,23,776,730,77
756,61,334,53,59,58,108,762,127,54,253
284,223
81,377,586,203,83
220,188,284,193,154,101
736,161,188
39,452,74,34,35,242,33,211,275,798,38
21,329,498,85,688,377,388,799,669,386,84,387,379,566
800,461
377,801
174,802,488,101
46,204,452,0
210,667
803,755,175,804
163,223,750,284,101
61,394,253,59
4,377,85,268,376,21,510
151,180,184,110,182,3,497,150,659
622,13
105,552
249,61,188,446,284,190,224,99,59,60,162
28,476,74,26,307,98,32,805,78,675,34,35,23
671,138,105,50,551,51,72,508,788,70
83,296,182,797,84,324,381
806,4,85
256,658,73,807
483,110
808,311,258
16,368,17,9,20,13,171,170,165
809,73,105,424,131,72,70,66,50
121,9
698,810,663,3,199,228,297,811,151,110,2,296,90,812,360
769,70,105,72,449,51,787
253,398,191,601,54,55,813,446,153,127,59,58,61,348,265
3,2
814,815,43,347,46,187,315,816,259,204,42,210,97,0
126,57,108
197,160,162,154,226,284,223,250
102,26,789,144,436,289,23,817,288,245,74,79,28,432,35,34
74,34,23
534,818,268,4,81
173,225,252,418,284,224
748,110,199,296,298,133,630
819,767
26,34
73,820
97,0,39,275
99,284,223,821
132,51,73,822,742
823,20,364,118
6,115
0,43,204
46,677,48,36,34,45
824,559,380,540,176,85,825,21,3,502,4,112,801,498,826,298,385,133,84,110
367,50,365
53,258,762,749,253,61,349
84,21,83,827,377,386,594,599,85,4,598,268
180,409
35,23
110,133,735
329,5,587,377,386,202,388,440,613,597,85,81,84,566,376,828,4,22,83,596,203
35,32,400,23,30,98
262,24,104,23,159,679,98,26,30,77,35,34,436,74
829,377
71,50,830
302,204,0
34,473,245,305,74
402,23
461,105,424,72,367,70,50,73,135,132,831,51,71
832,319,284,194,197,225,249,163
66,73,72
0,210
297,184,110,3,133
71,365,70,833,456,105,822,51,65,449,50,135,72,367
9,186
834,44,0,275
17,51
84,376,734,83,835,4,21,836,388,687,592,837
496,377
480,115
130,73,115
13,118,171,121,838,169,19,790,20
19,280
839,98,433,840,33,262,26,307,74,34,79
85,500,567
598,85
347,97,46
586,591,4,85,841,82
54,197
53,59,700,107
105,51,70,73,132,72,508,50,424,466
196,610,750,506,842,154,284,843,195,225,188,223,162,416,494,772,484,417,252,423,163,101
71,70
347,275,45,844,321,617,46,204
624,276
50,51,72,105,71
845,697,175,134,337,381,150,133,177,110,713,743,2,535
133,383,110,151,3
175,179,5,534,81,184,718,82
30,257,98,97,45,0,846
51,105,50,72
847,276
82,92,21,85,550,806,4
182,3,199,110,755
256,71,51,72
90,110,536,339,803,150,804,112,381,541,3,380
440,83
79,25,144,293,675,28,305,26,23,678,32,74,235,159,104,34,35,30,31,98,848
341,13,425,276,529,6,366,168,118,121,343,17,20
427,348,128,849,850,253,258,533,265,313,139,127,54,106,61,394,393,273,59
82,795,91,386,565,85,4,388,818
118,9,851,171
46,209,204,48,210,275,43,0
284,154
105,138,72
210,97,42,40,0
84,9,6,82
284,101,266,193,249,484,712,852,248,154,163,318
853,187,212,602,618,716,44,0,259,204,97,210,48,275
3,4
21,81
73,50
854,61,446,59
268,329,549
118,276
855,70,51,365,831
165,121,9,341,13,16,19,856,281
680,404,74,407
449,625,72,71,70,624,822,73,135,132,50,857,51,456,858
54,61,59,265,127
320,207,42,859,620,37,860,617,861,619,40,39,316,303,97,259,204,257,44,210,666,48,36,38,275,158,46,212,43,206,815,49,862,0,390,45,208,187,315
19,16
13,19,838,115
127,153,52,314,258,191,533,656,54,310,393,394,427,762,61,850,429,636,60
77,238,405,28,245
26,863,98,104,235,23,32,789,78,74,30,34,35,24,143,262
505,691
210,43,275,158,46,0,315,187
28,98,291,74,34,35,23,33,436,677
269,566
691,224,757,154
431,43,210,28,26,0,275,402,864,24,315,785,244,204,96,32,257,35,79
78,245
16,13,20,121
118,13
1,275
328,82
222,515,584,101,54,601,727,61,312
20,16,121,19,13,118
795,387,85,592,84,4,377,83,586,495,386
284,484,729,422,101
83,80,567,145,600,4,21,549,84
865,207,257,44,46,0,315,39,48
73,70,63,105,809,866,132,68,51,234,72,71,867,868,50
186,171,19,15
3,411,110,90,640,133
328,270,21,669,568,689,441,81,84,22,836,591,4
869,104,30,23,34,789,33
27,159
223,249
133,84
43,299,316,48,210,206,302,870,45,208,469,0,40,39,46
9,19,115,6,16,88,118,501,871,20,14,715,872,873,874,13
875,533,265,129,608,656,54,393,108,60,58,52,253,446,439
62,424,71,50,51,70
127,395
50,628,51,449,72,70,73
87,23,30,292,776,876,74
386,443
134,2,110,90,810,180,3,151,179,411,133,298
53,699
128,539,764,253,55
367,491,105
0,42,315
105,132,71,50,72,51
877,225
235,98,30,290,34
491,456
199,586,268,386,184,498,878,152,151,21,81,90,84,85,663,109,746
377,386,21,92,329,612,4,84
223,421,197,193
617,34,47,43
386,85,269,500,586
589,519,21,613,879,520,567,377,450,386,4,85,84,80,91,329,718,268
245,646,405,26,103,880,143,35,34,79,881,23,304,98,244,309
259,44,666,97,43,0
253,54,756,580
242,436,23
348,253,127,882,58,439,52,125,539
883,4
884,204,48,95,46,0
71,66,51,820,885,625,72,50
195,101,684,686
886,310,108,54,59,58,61,253,258,129
162,161
447,171,342,118,276
268,376,84,734
424,70
597,596
629,84
691,319,887,162,195
3,110,183,133,629,151,451
45,888,210,46,43
536,152,199
624,889,72,51
66,461,51,105,449,70,72,508
14,19,490,118
196,422
252,224,163,464,101,757,475,188,223
72,70,105,51,71,135
150,890,134,740,296,381,90,113,629,133,891,110
139,54,349,153,164,446,58,60,53
6,19
54,892,108
734,82,91,325,85,269,21,591,444,84,377,83
91,799
55,258,893,253,190,57,162,391,488,58,59,217,188
48,38,0,716
135,51
629,540
669,388,376,4,83,377
151,3,111,133,90,180
210,97,477,894,861,46,43,865,275,452,44,0,38,895
0,204,97
726,151,184,540,369,180,296,541,110,411,896,3,897,228,133,298
634,657,4,795,268,81,589,381,3,386,382,85,84,110
898,304,23,262,28,245,34,235,75,32,292,74,241,77,405,159,26,30
28,307,26,899,354,98,23,24,436,433,74,159,35
781,519,199,92,85
160,61,126,52,703,190,163,263,253,248,729,416,446,188,59
468,98,302,158,36
20,6,13,186
108,127,153
900,710
63,352,73,800,71,51,132,50,448,367,72
4,84
483,296,536,184,511,228,890,542,133,151,181,297,90,3,384,726,731,110
66,658,72,51,71
625,51
417,651,197,223
46,47,39,204
388,445,203
84,4,268,91,92,498
901,188,197,902,53
85,21,81,84
34,290
3,410,85
151,180
50,256,68
110,337
268,377,81
83,377,567,388,84
71,136
133,199
101,249,154
186,277,342
325,442,388,84
253,446,903,108,54
23,275,74
249,54,710,420,195,188
74,26,30,23,78,245,28,35,33
276,171,18
105,71,904,72,50
210,212,208,0,42,204,97,43,46,187
364,20
50,72,51,70
36,44,0,315
110,3
294,159,34,235,776
760,582,54,253,583,125,359,53,52,446,427,905,273,59,548,61
197,503,101,196
208,159,98,38,906,275,46,347,0
28,307,26
186,165,118,20,17,692,838,13,529,8,9
151,110
118,121
20,63,71,132,70,256,367,72,277,527,51,7,16,73,907,6,50
322,223,101,154
213,691,284,215,223,908,578,484,249,420,225,163,216,627
195,101
0,275
70,909,50,529,72,51,910
807,72,51,230
182,896
59,465,554,61
214,531,901
806,4
223,348
893,655,911,128,685,253,808,55,54,762,53,58,59,61,127,126
73,912,63,913,51
17,276,19,13
43,0
118,121
684,61,914,108,749,348,685,129,265,699,915,253,56,125,764,916,426,54,127,53,58,59
23,35,34,79
806,386
16,118
55,446,61,52,155
917,241,75,789,245,244,144,98,34,143,77,26,159,74
255,61,53
39,0
692,14,9,19,130,6,918,823
311,59
292,758,23,159,32
526,52,156,128,56,58,59,61,108,140,427,54,609
253,127
297,744,151,919,782,133
105,51
30,34
381,878,175,110,84
609,429,397,127,427,349,61,312
539,52
60,54
167,210
57,349,312,580,61,265,920,59,153,108,191,446,916
0,26,347
225,154,195
281,6
163,161
358,13
105,69,135,71,72,70,51,50,63,624,68
3,921,179
922,338,151,180,698,133
575,923,3,924,110,84,600,180,21,386
156,53,59,54,108,140
133,183,3,93,151,381,812,2
361,352,105,72,71,448,51
284,446,197,533,52,162,195,99,524,253,54,163,58,59,225,258,554,161,426,249,61
890,110,298,925,149,471,184,182,181,199,3,151
115,874,168,9,18,661,460,331,51,132,13
386,85,718,271,377,83,388,926,80,232,612,500,21,927,379,268,4,84
21,84,594
78,290,34,289,646,245,305,26,23
180,146,796,228,90,663,182,538,3,110,133,151,175,803,134
74,703,624
39,0
928,929,656,54,350,253,265,61,258,427,52
121,528,130,13,171,17,118,19,166,9
174,101,249,162,492,421,422
523,460,6
117,17,823
620,618,315,46,275,930,0,467,210,302,49,390,39,97,204,259
252,223
508,63
85,84,83,21
34,23,752
97,0
393,53,310,446,57,931,685,258,52,273,108,54,60,59,58
373,16
71,134
297,175,381,336
38,97,45
151,3,90,746
401,0
885,367,72,352,132,563,51,256,932,105,70,449,73,606,50
105,51,367,831,50,70
386,755,2,113,21,498,924,534,110,376,85,324,933,111
13,18
478,36,38,467,870,42,206,187,97,865,621,43,737,275,48,210,0,302,46
51,50,71,434,624,456
240,677,305,34,35,30,239
934,127,314,609,931,253,266,61,154,108,53,191,475,163,54,52,155
186,278
211,48,97,0,204,44
105,508,70,607,50,672,256,788,51,135,907,935,72,448
85,575,21,84
176,147,726,90,146,725,380,180,110,133,297,3,151,414,113
457,936,110,183,179,338,744,337
476,431
386,83
98,241,245
174,59
101,418,153,258,729,937,253,254,193,54,223,58,322,225,686,61,548,266,416,882
723,432,679,75,235,241,30,34,23,159,938,289,79
587,21,388
735,386,112,519
111,179,113,546,296,133,298
98,898,939,74,23
644,121,6,276
940,118,167
197,193
120,171
84,4,324,200
865,257,210,469,46,476,45,97,619,0
84,615
28,275
718,575,612,941,942
163,416,267,162,712,484,225,223,197
411,133,111,267
40,41,359
105,72,51
110,659,133,94
767,118,167,694,115,6
72,625,50,71,551
943,101
73,132
446,314
807,72,50,71
295,26,244,355,245,34,242,77,840,433,28,577,374,23,30,944,287,98,758,79,33,32
916,778
133,919,175,297,382,184
662,71,70,256,560,72,73,624,51,105,448,50
945,101,284,252
133,148,112,297,181,152,946,2,110,175,180,3,90
387,443,4,84
43,204,0,947,467
70,71,6,51,867
727,194,163,948,691,101
3,411,451
690,180,949,90,110,133
30,0,315,204,23,210,32
639,167
458,781,2,184,690,110,726,370,339,845,754,337,150,803,90,411,3,297,338,369
52,61,911
337,369,950,297,642,183,110
3,2
511,632,84,549,377,768,203,145,297,520,565
17,118
204,95,45
446,225,52,249,214,55,54,216,129
4,720,82,878,386,5
529,118
90,182
945,224,750,163,418,691,252,154,193,197,101,249,821,223,188,712
833,132,51,73,951,807,72
699,914,107
427,394,125,255,253,52,893,636,314,608,701,548,61,265,53,359,108,58,59,57,55,656,54
667,97,0
54,929,350,446
500,83,377,586,84,441
328,781
49,0,38,43
159,78
73,480,13,50,16,19,9,952,72
946,381,296,94,151,110,183,740,3
82,387,829,83,4,85
111,511,90
161,223,712,190,215,225
4,84,442
223,322,162,417,531,154,650,174,953,217,252,251,249,163
565,21
316,467,46,478,96,204,947,275,48,210,257,0,97,43
223,749
72,822,18,51,867,50
395,258,349,129,253,699,348,636,139,52,273,61,58,53,54,608
82,84,202,83,4,85,388
9,115
72,807,51,50
168,767,13,479,170,281,20,277,527,18,954,276,14,340,6,19,118,165,9,17,16
163,710
328,575,84,597,83,377,91,388,21,829,683,375,85,379
13,479
947,478,955,43,956,0
182,148,3,753,411
503,223
38,207
719,4,565,84,597,85,534,81,91,83,600,388,614
66,72,51,73,135,71,230
638,60
163,223
376,85,328,80,268,498,588,21
45,43,863,39,23,46,275,211
792,115,957,118
223,250,958,160,163
0,894
233,424,51
