0,1
2,1,3,4,5,6,7
8,9,10,11,12
13,14
15,16,17,18,19,20,13,21,22,23
24,0,25,26,27,28,29,30,31,32,33,34
35,36
37,38,39,31,40,25,30,41,42
43,44,45,46
47,48,49
50,51,52,53,54,55,56,57,58,59,60,61
62,63
64,65
43,21
66,67
68,69,12,70,71,72
73,74
35,75
76,77,78,79,80,69,81,82,83,84,85,70,12
74,86,87
88,89,43,45
90,91,92,63
93,94,3,7
95,96,97,98,99,100,101,102,74,103,104
105,106
80,107
108,109,33,110,94,28,111,112,7,113,1,64,25,3
114,70
115,116
117,118,119
120,121,122
123,124
125,126,127,128,129,23,130,131,45,132,133,134,135,136,43,46,137,19,13,21,138,139,18
140,141,142,143,144,10,75,12,118
45,145,128,21,13
146,147
148,149,104,57,74,150,151,152
74,101,153
154,33
3,1,6,155
124,3
156,63
157,158,159,160,161,83,162,163,164,72,165,80,70,166,76,117,77,12
167,7,1,6
3,7
168,169,41,170
10,66,116
171,172,20,128,15,19,18,127,45,43,13
24,173,174,154,175,39,176,30,34,0
177,74
178,179,180,181,182,183,55,54,60
184,124,185
186,187,188
189,190
57,191,192,60,193,194,183,195
67,196,197,198,199,200,115,201
202,203
102,204,205,206,101
39,24,173,30,207,31,26
208,209,210,187,90,211,212,188,213,49,214,47,63,48,156,215,62
118,216
179,217,54,218,219
86,220,221,96,222,104,101,223,224,225,74,151,206
226,74
227,228,229
212,63,230
0,26,40,231
232,233,234,235,236,237,238,7,239,240,94,3,241,124,242
105,243,179,183,57,52,191,54,60
58,244,245,195,246,247,248,183,179,191,50,54,249,60,55
191,250,60,249
194,193,51,183,54,191,217,50,192,251,60,55
69,80,252,216,83,72,253,12,114,107
254,255,10,201
156,256,63,45
257,258,259,260,49,261,188,202,48,262
226,102,263,101,264,265,151,266,267,74
268,269,32,270,233
95,271,74,264
101,74
183,219
136,13,21,272,273,274,275,276,277,278,279,19,133,137,18,132,45,43,280,281
174,154,24
277,138
282,173
283,6,7,40,31,30
284,285
132,286
287,288,259,289,63,90,290,291,257,188
78,12,83,292,80,76
35,96
293,218,226,104,151,74,294,245,60,101,97,295,205
188,212,48
67,296,140,115,35
113,7,3
173,297,298,25,299,300,301,184,24,94,26,168,7,6,3,110,34
302,10
227,118,216,159
70,303,164,304,77,305,12,118,80
306,307,24,26,207,0,39
30,308,309,310,111,40,311,25,269,32,312,313,26,314,0,315,24,39,173
302,35,316,116,115
98,317
90,210,318,63
202,319,48,257,320,212,321
184,3,240,6
28,31
112,32
322,302,115,165,77
323,324,60,325,326,251,50,54
289,202,327,328,329,49,90,212,330,257,188,331,332,210,91
236,94,65,333,6,334,1,238,7
335,70,165,12,336,117
337,80,159,12
338,321,339,340,341,91,342,331,63,343,344,289,49,257,156,345,90,346
15,21,23,277
347,113,240,283,236,1,268,348
13,15
26,32
349,48,135,350,351,352,43,63,353,18,23
36,12,354,355,356,116
96,151
196,357,36,358,359,115,360,75,361,229,302,189,362,363,199,364,67,10,142
365,366,367,74,368,104,369,101,206,95,370,177,371
372,26
373,25
341,374,90,49
136,43,19,280,44,375,13,45,132
376,299,377,207,378,111,110,25,24,0,379,282,30,26
165,216
50,326
49,380
165,381,354,164,80,12
160,141,227
31,382,383,33,110,384,385,24,41,386,27
97,387,263,151,223,264
12,81,77,80
154,231,378,388,299,29,389,376,173,34,30,111,25,24
342,208,344
9,77,390,83,391,392,76,393,394,162,359,159,336,115,70,229,117,80,395,66,12
330,343,188,331,211,396,287,91,48,63,256,341
212,63,156,187,210,257,397
90,318,49,63,215,210,188,213,343
398,399,75,400,10,392,401,402,36,390,189,403,227,404,393,405,302,196,406,140,356,407,228,115,408,116,35
409,410,411,118,12
407,412,36,393,116,413,414,35,227,10,415,416,142,115,228,67,417,75,418,419,140,66
164,83,165,216,12,420
366,266,421,226,74
72,12,80,422,77
423,39,207,0,26
424,173,207,25
425,389,173,231,372,426,31,0,32,34,424,111,427,207,428,429,430,299,306,154,40,39
240,236
71,70,140,431,80,400,12,393,76,10,107
35,75
432,400,107,12,80,85,36,336
433,74
314,30
189,434
227,75,142,12,165
435,247,179
436,393,406,140
57,437,250,438,50,439,183,192,58,179,195,191,60,271,55,440
57,441
115,75
442,12
18,375,19,21,443,444
84,83,78,70,12
66,115,189,302,412
24,445,446,33,447
179,54,191
57,435,54,60,247,448
216,449
435,450
35,10
7,2
191,52,60,54
97,226,104,265,74,99,96
12,451
271,60,183,54,195
452,6,94,453,454,455,3
10,66
97,74
54,179,60,456
302,10,116
347,3,457
458,459,264,101,151,460,73
12,83
227,189,161,12
94,461,6,7,455,3
89,172,23,349,45,18
40,299,111,462,269,110,26
463,101
275,43,44,464,13
111,299,26
368,465,293,60,466,265,326
21,467
468,245,247,246,192,178,435,469,57,54,470,471,60
15,45,18,43,472,473,474,475,476,136,145,22,21,13,477,20
30,173,27,26,34
104,435,86
478,87,100,479,480,98,481,267,97
410,253,164,80
482,60
77,164,165,12,83,216
483,471,484,191,183,60,485,469,57
21,43,45
486,167,94,113,373,1,7
487,7,94,184,348,3,488,489,1,233,6
490,30
491,178,57,325,183,492
493,413,115
494,91,342,343,188,495
19,472,278,13
303,12,76,409,164,496,165,497,498
31,462
132,21,127
499,115,140,75,407,500,10,360
501,23,502,18,43,46,19
67,227,503
181,105,60
18,504,88,13,21,43
101,505,55,50,151,60,506,97,179,153,74,264
67,70,72,12,507
19,23,475,13,464,508,273,127,281,504,18,509,45,138,172,128,510
289,511,257
55,251,512,326
280,472
116,10,400,66,36
14,18,21,13,20,349,513,19,128,135,45,514,133
66,116,115,10,75
18,277
107,408
515,173,31,516,39
54,195,105,448
12,80
497,75,400,164,67,517,159,115,66,518,10,393,35,12,165,302,253,519,116
71,12,520
164,165,381,76,12,216
19,128,510,521,23,349,89,275,21,43
97,102,74,264
257,522
479,523,365,524,97,96,525,104,86,95,526,527,103,528,153,529,530,74,151,101
264,326
111,386,31,34,531
532,40
490,385
187,289,533,290,188,90,212,534,341,63,213,535,48,122,536,397,537
63,90,342,210
83,76,413,117,72,10,304,538,12
299,207
348,242,373,5,334,185,235,64,539,540,298,541,542,543,544,284,1,6,233,94,488,3,7
326,101
545,546,325,547,548,549,55,326,191,183,435,57,60,550,54
80,381,70,83,161,12
551,113,40
308,39,269,154
102,370,552,553,73,104,554,151,555,387,74,556
31,111,231,110,34
154,557,29,285,558,7
57,60,491,50
115,35,398,66,518,75,36,189
228,35,559,390,560,66
25,561
107,12
10,35,436,358,413,364,75
151,104,74
562,563,46,349,136,564,277
138,18
54,565
211,257,48,62,188,91
566,60
341,567
325,50
33,111
531,568,426,382,25,32,425,386,31,569,39,33,24,26,570,30
24,31,169,25,39,26
322,571,335,76,381,107,216,572,117,72,83,165,77,118,12
111,26,207,0
113,6,283,457,242,124,5,1,240,373,94,7
87,74,101,104
418,66,115,143
50,491,51
229,35,356,406,228,115,198,66,10,573
237,30,39,111,7,238,334,453,233,515,4,240,574,65,110,575
118,12
207,169,377
60,57,178,271,326,576
136,43,131,15,89
577,546,152,60
264,525,578,100,205,96,104,86,95,97,153,101,74
70,305
579,49,349,188,21
558,7,3
400,66,189,580,229,227,35,36
97,95,74,581
211,256,63,318
111,154
39,27,24,372,33,111,25,376,427,490,176,30,515
582,54,179,183,60
583,12,584
97,74
114,160,68,585,70,72,165,216,118,12,83
289,210
586,176
39,587
7,6,239
588,363,560,227
60,191
497,159,107,72,589,160,304,83,395,12,77,590,216,80
83,107
299,27,30,0
39,24,236,113,25,3,452
58,60
49,353
184,285,7,591,297,1,592
466,60,179,57,54,55
80,395,35,593,165,199,594,163,67,115,595,304,12
49,332,289,397,210,63
31,26,0,173,596
597,64,598,599,240,600,167,124,6,94,601,1,602,348,123,3,603,298,604,486,7
191,50
72,77
63,342
605,353
18,273,444,475,606,277,607,474,43
12,498
246,60
1,239,454,235,7,608
13,21,20
373,6
97,74,191
387,60
496,432,71,381,72,76,216,83,77,80,12,165,431,164
165,164,66,302,82,609,393,610,611,116,115,83,142,612,12,613,229,80,395
185,614,240,587
156,188,615,289,341
616,86,74,97,369,263,96,102,101,617
17,21,618,19
102,104,387,481,460,101,74
113,94
173,603,124,64,113,283
10,196,36,66,393,519,115,198,189,356,407,619,620,401
50,179,549,191,74,55,54
1,3,239,298
621,18
25,299,236,111,31,7,348,3,30
161,70
280,89,622,156,130,187,510,18,15,63,257,45
72,70,165,434,66,75,76,623,227,119,115,361,118,12
66,624,140,10,625,36
7,236,270,3,6,489,1,626
124,240,7,298,544,488,233,558
326,60
82,80,12,497,117,165,77,70
326,179
387,627,628,365,95,101,264,100,629,97,578,630,74,151,104
236,1,631,113,3,632,94
469,54
26,56,101,12,633,92,10,115,394,128,24,418,216
476,634,635,18,275,128,43,19,464,21
195,636,441,58,60
637,638,25,168
77,395,71,165,12,83,304
151,97
409,76,12
371,74,554,153,387,101
6,426
519,115,142
639,115,191,121,466,193
240,7,236
386,378,30
21,23
1,640,240,641,113,124,3,7,94
642,238,64,113,643
636,58,57,576,195,484,178,644,60,217,191,54
354,12,117,77,165,83
595,72
257,63,645,210,122,261
107,80,409
75,10,115,354,80,497,646,66,216,107,400,393,411,162,227,12,71,140,161
39,3
444,135,277,607,13,21,45,18
167,6,647,648
74,60,86,649,265,104
7,1
599,6,3,7
140,499,302,391,559,296,407,650,390,66,75,624,434,67,10
393,390,408,418,651,361,10
244,105,60,195,438,58
115,67,116
101,74
90,652,397,257,653,210,654,212,188,261,655,63,656
186,212,202
576,657,60,658,191,179,659,183,326,57,181,105,195,660,271,55
263,151,101,97,661,74
490,372
270,7,648,6,113,300,601,283
377,647,39,30,1,3,298,169,31,662,7,154,231,6
3,373,124,642,184,6,284,663
183,54
302,115,199,358,10,227,584,75,664,140,407
164,72,322,85,117,395,190,118,12,81,80,83,78,665,165,70,216,84
330,202
54,179,183,666,456,191,251,667,60,57,58,326,549
77,12,354
211,656,187
10,668
10,503,359,196,302,356,36,227,116,75,200,399,401,669,67,391,670,66,115,228
277,671,128,136,23,672,19,43,464,13,21,132,45,46
229,35
532,31,299
472,43,135
673,289,92,674,380
74,101
210,187,342,675,257,676,63,188,212
26,7
183,152,677,192,678,60,679,179,250
210,615
240,7,238,680,626
681,131,89,136,21
682,375,45,277,171,18,131
116,399,683,140
238,454
532,154
7,94,3
27,268
258,230,156,684,685,318,380,686,210,188,343,48,49,327
43,18,687,21
688,326
452,1
21,15,273
87,552,223,689,97,50,99,95,438,60,74,101,264,206,54,265
127,690,606,349
334,691,113,373,602,6,348,680,235,124,692,239,240,603,693,455,3,1,94,238,7
428,462,24,39,154,372,173
236,94
229,67
92,329,187,63,188
67,36,66,418
165,621,190,267,472,694,249,7,326,695,67,365,503,24,104,696
497,84,83,697,216
326,50,439,435,57,183,698,689,191,152,699,700,701,178,54,60,702
229,393
402,229,403,35,36,400,198,10,358,703,116,143,115,75
50,52,191,245,704,705,194,576,54,105,179,658,249,60
151,195,706,60
74,104
37,26,110,173,42,207
184,600,3,113,707,708,541,6,240,124,64,709,285,7,283
710,711,165,68,712,216,409,72,70,164,160,304,713,114,714,118,12,395,80,76,161,83
72,70,82,12
198,503,399,10,646
400,390,35,10,418,115,228,361,116,36,66,196,401,394
6,1,284,3,373,64,334,7,240,235,608
83,77,80,12,395
18,90,715,213
151,146,220,716,104,717,97,263,87,267,523,101,371,153,433,387,74,459,530
66,67
156,718,230,287,719,286,685,48,212,90,210,188,257,49,211,186,187,720,213,605,63,328
76,70,431,409,721,572,216,78,165,164,83,190,395,159,72,80,107,71,12
80,722,77,165
78,77
157,77,164,723,724,140,83,322,360,70,216,66,12
171,21
179,54,57,193
725,361
91,318,674,330,342,534,49
189,66
184,486
36,115,116
726,77,302,70,322,72,115
285,7
357,189
93,647,113,5
677,60
257,289
24,379,231,111,282
60,58,101
16,43,521,135,23
115,116,406
187,48,345
289,339,257
60,365,102
75,144,229,10
475,340,727,289
371,96
623,116,227,66,36,390
145,504
13,43
212,728,257,321,289
94,599,486,113,373,3,236,184,457,6,1,124,729,238,7
75,229,227,391,361,730
731,549,324,60
83,165
212,90,727,521,23,277
599,1,6,663,240,4,3
165,80
173,33,732
349,45,46,474,502,18,622,23
18,21
348,113,6,240,184,242
192,492,438,60
70,12
207,24,31,25
96,74,264
0,154,27,110,33,111,41
376,386,111,26
54,178
113,3
733,19,171,510,48,23,682,90,127,474,62,52,342,45,43,202,135,18,13
10,189
625,415,35
165,77,734,80,72
277,272,137,45,467,16,735,18,21,736
165,80,355,76,72,70,83,216,432
226,95,100,104,101,74
111,447
43,136,14,279,21,131,502,88
310,24,26,6,25,299
1,236,3,7
83,322,72,70,737,12,697,158,738,498,739,216,303
740,19,45,127,14,741,43,18,21
742,165,227,354,10,252,190,80,391,35,12,72,115,162,163,140,83,743,85,229,66
171,210,344,43,672,135,744,741,23,156
165,710,72,166,71,70,216,119,36,745,75,67,409,117,83,140,189,304,115,118,12,497
180,565,193,58,54,271,746,677,251,60,438,512,456,549,469,435,441,50
165,381,12
227,116,229,75,66,499,390,189,413,36,140,67,747,748,10
12,381
229,749,75,72,164
90,618,257,750
296,67,66
751,88,21,135,752,18,127,502,15
190,80,753,754,71
129,755,272,464,21
64,1
19,127
597,558,591,64,542,575,756,3,184,94,348,7,240,454,1
63,674
116,757
379,7,113,314
268,7,543,455
19,514,504,15,45,132,43,349,606,138,127,18,21
10,80
99,365
39,568,27,173,732,31,758,207,26,759,111,25,33,34
35,36
434,35,393,302,196,66,140,363,399,228,115,413,10,584
287,188
74,101
83,80,70
74,527,760,204
115,35,116,434,499,10,229,613
167,240,4,6,1
454,540,124,236,176,25
87,204,206,365,153,761,104,97,102,151,630,74
154,530,20
269,111,33,0,423,27,30,207
336,70,12,165
95,365,264,223,101,151,74
66,159
246,60,179,54
10,399,390,75,613,518,229,359,227
432,165,409,161,762,12,72
763,372,34,25
3,299,30,626,7
764,257,740,188,765,43
43,18,476,145
212,766
7,0,25,1,27,39
36,767,75,399,198,116,142,66,228,115,67,35
50,54,699,60,251
35,116
26,283,299,603,240,0
74,104,57,50,60,183,768
31,769
52,704,251
438,101,54,770,183,97,151,96,60,74
287,188,536,186,257
60,771
1,238,233,539
328,188
74,97,760,103
210,52
287,156,342,257,48,122,289,605,187,210,772,49,321,259,328,63,188
387,97,101,98,95,147
187,328
173,773
173,168
187,212,774,210,775,90,776,48,684,345,777,49,208,259,188,257,63
7,778,373,447
104,74
393,66,730,227,229,10
6,94,113,31,490,239,111,779,373,3,64,1,7,0
45,63,277,257
74,433
399,393
399,198,189
151,147,104,780,95,153,87,101,74,97,553
781,74
782,3,558,783,592
184,1,238,167,708
31,240,25,24,34,3,372,7,173
21,210,212,52,128,43
784,769,30,39,785,586,25,33,110,24,0
365,86,97,264,786,267,153,151,265,104,74
400,35,787
188,257
503,189,140,228
156,211,321
488,631,1,6
788,264,74,151,789
331,187,344,522,188,210,341,289,63,90,257
102,790,263,74,480,789,365
116,356,35,503,140
791,526,206,433,263,151,96,74
183,441,60,505,448
104,102,792,554,151,87,74,177,101,793
105,60
270,300,184,235
251,60,54
354,737,165,794,12,83,795,141,80,304,70,76,77
704,50,105
179,183,247,60
186,63,212,188,321,257
171,23
545,60,192,104,74
299,39,173,31,111,26,154,769,796,24,0
39,769
58,746,468,448,435,50,55,60
92,330,289,676,318,62,797,257,188,48
144,165,115,798,305
181,438,55,60
19,21,90,342
227,799,399,800,228,390,35,361,66,116,393,198,593,801
342,90
6,802
140,35,36,316
593,229
257,775
45,136
576,525,104,481,60,96,433,95
25,803
43,48,23,15,278,472
83,571,66,12
804,240,632,1,6,242
805,349,15,133,277,510,13,464,806,20,45,89
479,74,100,151,788
807,151,74,264
751,23,14,89,21,19,808,20,43
45,808,136,15,21
94,1
7,233
809,3,599,641
321,810,48,772,494,338,156,811,328,766,49
31,207
470,178,456,271,59,440,323,57,183,54,179,667,50,60,704,251
663,334,457,539,113
116,748,189,66
117,812,12,813,814,722,381,83,80,355,76
39,516,428,309
115,10
687,13
145,514,138,19,349,18,43,172,20,23,22,276,132,45
179,689,60,815,195,265,104
179,60,505
156,341
142,436,10,316,412
10,140,35,400,189,390
467,188,62,15,156,21,171,23
128,346,262,816,136,188,289,171,22,13,21,18,19
195,326,60
160,72,12
212,63,90
817,80,498,83,77,818,422,71,12,819
54,705
66,35,364,820,142,36,75,116,67,10,518,358
21,18,14,45,504,43,475,131,128
207,112,31,39
326,60,192,470
50,179
746,26,821
20,63,187
206,151,74,761,153,629,102,73,101,822
74,87,103
823,171,274,349,18,464,21,13,45,43,127,131,273,15,521,145,276,277
60,104
400,356,196,393,229,358,35,824,390,10,115,228,402,227,75,651,66,399,36
58,54,60
341,288,49,259,63,156,210,257,825,186,342,211,343
35,77
216,72,497,12,70
373,348,26,25,124,241,64,3,307,424,27,6,0,240,7
88,43,472,13,135,18,808
50,826,54,827,60,191
80,361,216,66
373,93
701,271,326,636,57,667,183,54,53,828,58,52,243,438,829,50,245,105,698,249,60,191
12,165,164,80
74,792
48,171,18,261,467,341,19,128,15,257,397,830
326,60
137,21,510
314,299,7
104,74,293,365,789,96,267,101,760,317,460,264,97,478
106,831,60
5,632,626,113,240,238,7,3
165,434,66,216,395,589,80,12
74,60
6,239
780,832,556
60,826,439,191,179,52
407,408,406,670,646,66,36,67
646,115
264,833
75,356,35
13,280,43
424,173,25,31,299,24,834,773
381,336,77,69,79,216,12
730,10
548,60,191,181,152,179,483,52,50,57,659,835,183
282,31,39,33
156,210,289,90,257,49,188
66,824,391
836,97,147,153,95,387,460,74,101,220,87,368
350,837,89,464,145,276,504,63,136,23,188,744,45,652,43
45,521
488,7,333,6,640
179,60
257,838,156,537
839,204,206,101,840,554,822,95,86,265,102,74,151,841,264,97
446,27,39,531,574,26
26,515,168,110,25,842,176
253,83
330,63,257,136,13,21,342,511,19
111,389
386,31,0
71,190,409,83,72,498,843,118,12,216,85,595,665,165
165,12
63,257,686,121,342,211,92
31,299,154
93,3,648,7,348
173,388,844,27,34,110,428,0,176,30,154,384,26
66,70,625,228,10
25,169,299,379,310,26
3,7
845,326,679,60,179,251,577
75,10,116,115,200,670
303,83,164
179,505,178,702,438,217,689,55,183,192,195,54,60
0,846,3,6,7,31,283,1,25,236
257,45,21,210,49,18
101,95,151,552,847,220,102,97,481,153,433,387,104,74,226,293,98
63,318,48,188
539,124,7,285
361,75
389,25
10,12,559,164,399,75,115,848
326,325,50,437,54,698,61,105,148,191,827,849,835,435,52,60,179,704,53
131,171
236,3,167,170
512,60
359,296,409,228,190,229,85,140,83,72,393,12,10,395,107,743,36
779,600
15,273,504,43,23,21,13
340,289,342,49,318,850,330,615,257,63,48,90
96,104
202,90,851,48,136,21,13,261,22,63,291,375,89,272,19,289
100,629,102,103,87,101,554,97,153,74,151,104
36,115
54,104,249,629,60,786
751,135,18,740,375,45,23,133,43,19,20,128
40,39
74,628
3,239,240
216,72,665,165,159,80,12
532,111,298,34,25,7,207,154,39,3,1,626,94
34,24,173,25,31
50,191,179,677,435,57,448,53,60,54
418,140
127,136,607,19
400,66,583,391,10,573,115,229
74,251
83,70,12,117
198,140,499,356,361,35,852,227,116,519,399,66,390,189,302,413,36,67,10,228,115,229,853,408
239,854,648,604,708,6,1
803,7,373,173
413,198
257,212,656,256,156,188,49
74,742,113,156,7,249,25,289,86
131,89,808,18,278,502,349,510,128,21
855,45,21
7,3,33,39
94,7,3,1,856,6,64
424,31,207,0,108
80,610,12,857
178,183,700,195,57,482,179,54,60,326
49,171,352,133,621,339,45,145
108,24,154,858,1
24,31,207,27,299,30,154
17,502
31,372,859,39,33,313,0,26,426,173,532,25,844,379,30
860,535,861
83,12,862,75,863,413,164
156,131
7,242,298
188,49,864,331,289,464,23,18
739,164,80,77,83,12
90,213,865,48,188
866,49,867,257,342,825
335,70
97,151,371,868,95,525,101,153,104,265,74
754,585
60,869
431,12
312,37,110,870,25,207,871,834,26,111,31,39,872,378,873,24,874
80,393,35,107,364,83,71,142,12,10,738
256,92,321
43,23,13
19,171,349,21,135,514,18
875,821,599,876,235,877,93,297,5,283,878,167,604,64,184,236,640,373,488,270,541,4,298,3,334,240,113,300,124,242,1,879,348,6,880,881,94,238,7
663,173
356,800,200,10,67,189,140,361,35,66,75,115,882
264,883,153
677,702,884,689,55,54,60
110,26,885,299,25
26,804
671,18
1,348
11,72
58,549,183,54
137,43
767,694,35
63,90
100,371,421,153,293,74,97
138,579,19,43,22,171,21,13,472,18,133,45
886,887,552,153,365,367,102,265,101,151,74,868,465,293,264
326,50,183,60
282,231,0,596,111,40,888
889,299,40,110,34,30,24,111,890,173
19,15
117,337,589,497,633,721,165,77,164,571,80,216,72,891,12
94,64
74,151
30,40,376
31,6,1,237,270,26
74,101
60,152
110,25,173
549,250,827,438,435,57,54,192,179,835,191,60,326,582,547,183
582,54,179,505,746,60
181,439,251,60,326,892,667,52,183
107,12
387,780
1,3,457,7,6
791,552,194,104,50,667,99,698
140,35,393,75
548,326,179,52,193,60
188,653,211,212,259
188,63,48,210,343
152,54,576,55,271,326
135,851,171,508,19,15,735,816,18,43,13,21
86,153,460,293,223,893,264,365,97,103,87,294,101,225,151,815,371,74,104,265,102
64,680
27,173
455,7,348,124,626,1,113,233,6
894,187,341,188
342,472,772,208,89,262,510,895,349,615,18,321,21
83,395
97,101
424,26,33
555,527
15,43,896,14,508,19,20,135,136,139,127,45,21,13,18,349
48,654,259,90,341,210
18,45
188,63
89,477
66,116,142,393,189
414,703,625,897,196,229,228,115,316,66
132,135
898,206,387,104,480,74,153,97,101
191,546
99,74,151
10,68,165,72,117,12,80
151,101
619,35,75,316,67,229,356,748,10,142,620
467,49
391,10
183,60
13,567,18
365,263
21,18,89,23,22,135
210,15
0,662,285,899,348
900,857,77
482,582,326
71,165,107,12,77,10,70,229,399,496,743,140,361,409
30,154,40,31
85,72,901,160,12
122,329
24,902,903,904,445,40,154,531,905,0,30,39,769,570,26,25,173,299
539,626,235,233,3,236,283,7
227,189
679,181,906,576,58,105,57,435,469,191,492,326,60,325,152
25,30,33,31
188,318,156,345,797,744,286,811,63,750,210
68,190,165,79,517,216,520,305,907,337,83,72,633,70,901,164,304,409,12,721,107
135,19
134,19,188,210
77,818
116,67,140,115
5,184,532,34,602,7
7,6
455,3,240
908,50,182,60,179
236,240,124,1,7,641,6,631
591,1,240,124,7,373,94
356,10,361
154,33
43,19,45,15
184,1,3,7
909,23
777,90,43,510
227,35,75
194,250
171,88,145,851,806
97,153,151,74
116,302,35,66,10,229,399,493,227,36
36,434
237,94,3,238,7,626,1
639,910
30,31,34,426,24,26,25,39,111
43,23,21,211
76,80,161,72,753,381,12
911,510,127,896,20
293,74,716
899,24,168,40
72,395
70,164,12,726,83
25,39,34,0
72,216
50,183,58
63,211
57,60,294
712,304,813,76,497,164,253,83,165,70,590,216,80,395,12,72
51,565,912,57,60
165,12
240,7,6,641,1
5,778,602,1,913,64,233,7,184,94,268,3,236,240,348
179,54,55,387,97,152,264,435,57,151,74,178,60,657
37,33,24,111,154,637,30,173,39,0,315,763,382,27,31
191,582
914,656,62,330,352,187,915,865,494,212,63,188,90,257,49,211,202,652,256,916
656,156,850,645,533,330,92,343,258,211,342,186,210,122,47,338
1,6
10,503,882,12,316,165,66,229,77,189,390,362,35
165,72,83,292,80,12,164,711,710
615,90,289
628,104
133,13
257,63
0,111,6,24,173,709,31,30,7,888,917,26,539
269,769,870,111,110,0,27,428,26,24,39,918,313
472,504,45,21,19,18
187,19,744,49,579,504,15,145
433,102,841,371,919,104,265,87,153,97,86,95,815,151,264,101,617,920,365,74
921,23,88,17,127
3,7,124
179,677,60,191,468,52,324,61,55,435,57,58,183,326,325,54
584,115
210,674,894,257,259,341,187,328,63
55,884,179,60
69,12
187,259
60,179,57
226,151,220,478,552,267,264,840,97,74,387,101,104,265
128,740,764,805
379,429,33,111,3,173,298,283,64,94,27,905,113,922,6,242,207,7,285
413,229,395,399
707,3
94,238
70,77,76,12,162,85
923,72,83,12,721
115,399,364,66
226,101,887,781,74,95,506,151,387,365
924,566
26,844
746,74
223,250,95,151,760
21,209
387,97,366,153
30,31,372
257,90
115,593,406,408,407,573,67,75,142,189,10,925
60,55,54,746,183
10,198
74,926,100,151,101
265,97,266,95,86
21,13
151,204,54,927,57,435,74,87,267,195,55
240,113,236,643,3,7,6,631
33,423,30
847,104,87,365,524
304,80,409,165,817,84,814,422,928,69,929,395,164,77,431,12,71,381
310,601,574,239,299,25,40,3,575,111,24,6,308,1,27,7,348,859,333,284
49,63,91
128,15
177,840,74,97,847,920,204,101,104,265,365,100
188,49,121,48,156,930
165,726,83
390,140,66,198,399,302,10,36
80,83
5,235,452,7,64,113,604,373,185,94,455,3,641,1,240,601
265,74
14,127,21,15
467,136,43,63,287,342,18,397,751,257,443,21,188,145,331,48
267,87,223,97,151,552,265,98,101,931,74,153
182,219,50,105,191,250
15,635
57,152,194,60,704,251
58,658,179,701,55,932,438,195,471,933,60,50,326
85,12,80,83
33,111,462
304,83,66
466,60,932
18,375
12,49
761,74
263,74,460
118,722,72,253,85
934,116,115,395,117,497,216,12,118
99,74,97
746,195,54,50,178,60
417,935,71,9,36,141,10,165,72,393,107,67,407,160,118,12,936,115,228,498,83,140,85,613
251,57,546,60,191
937,83,304,164,10,115,35,381,158,399,12
227,938,624,503,584,75,66,613,116,302,393,10,364,115,36
104,223,153,54,939,217,97,86,95,940,100,60,50,151
630,263,54,60
165,77,12
599,64,424,108,184,445,30,25,306,240,239,3,7,1,858,39
70,520
348,93,6,941,7,64,270,1,642,113,942,300,236,3,729
77,162,164,165
18,43,816,15,467
777,605,63,187,188
0,299,285,24,943,173,124,944,25,6,26,575,7
118,83,159,70,165
