1,2
1,4
2,3
1,5
2,4
1,2,3
1,6
2,5
3,4
1,7
2,6
3,5
1,8
2,7
4,5
3,6
1,9
2,8
3,7
4,6
1,4,5
1,2,7
1,10
1,2,8
2,9
2,3,6
3,8
4,7
5,6
1,3,7
11,1
1,3,8
1,2,9
2,4,6
2,10
3,9
4,8
0,4,8
5,7
2,3,7
1,12
11,2
3,10
0,13
1,3,4,5
4,9
5,8
6,7
3,4,6
2,3,8
1,5,7
4,10
1,13
12,2
5,9
1,5,8
0,14
6,8
1,6,7
1,3,10
11,3
2,13
1,14
12,3
11,4
3,4,8
6,9
7,8
3,5,7
2,6,7
5,10
4,5,7
1,7,8
2,4,10
2,14
13,3
1,6,9
12,4
7,9
11,1,4
11,5
6,10
1,15
3,5,9
1,2,14
8,9
2,15
3,14
13,4
12,5
1,13,3
11,6
1,6,10
12,2,3
7,10
11,2,5
1,12,5
3,5,10
3,15
11,1,6
1,13,4
13,5
0,18
12,6
4,6,8
11,7
8,10
11,1,7
1,12,6
2,8,9
4,15
13,6
4,6,9
12,7
11,8
2,13,4
4,7,8
9,10
12,2,5
14,5
1,3,7,9
13,3,4
15,5
14,6
11,3,6
13,7
3,7,10
12,8
3,17
3,8,9
4,6,10
11,9
6,7,8
15,6
14,7
13,8
4,8,9
1,12,8
1,13,7
3,8,10
12,9
11,10
1,13,8
11,1,10
3,14,5
1,15,6
15,7
2,13,7
14,8
6,7,9
13,9
11,4,7
1,14,7
11,5,6
12,10
2,14,6
12,3,7
13,4,5
11,4,8
3,4,6,10
1,14,8
11,2,10
13,3,7
15,8
2,13,3,5
14,9
4,9,10
11,3,9
11,12
1,13,9
13,10
1,15,7
4,19
12,3,8
3,14,7
1,15,8
11,1,3,9
14,10
2,15,7
12,2,10
2,14,8
14,4,6
11,6,7
3,15,6
7,8,9
13,5,6
12,3,9
11,5,8
11,13
15,9
2,13,10
12,6,7
5,20
2,14,9
15,10
12,5,8
11,12,2
0,25
12,13
11,14
2,15,8
3,14,8
4,15,7
11,1,14
2,14,10
13,5,8
15,5,6
13,6,7
1,2,15,8
12,14
11,7,8
11,15
13,4,9
3,14,9
11,12,3
0,16,10
1,25
11,2,13
3,14,10
11,1,15
12,6,9
11,6,10
11,2,14
4,15,8
13,6,8
11,12,4
12,5,10
12,15
13,14
11,13,4
12,2,14
12,7,9
14,5,9
3,15,10
12,13,3
13,5,10
13,15
11,3,14
11,12,6
3,26
2,4,15,8
12,13,4
13,4,5,7
12,17
15,5,9
11,3,15
13,7,9
12,2,15
14,15
14,5,10
11,14,4
1,14,15
11,14,5
12,13,5
2,13,15
14,6,10
2,15,6,7
13,7,10
11,13,6
12,18
23,7
11,19
22,8
15,6,9
11,1,8,10
12,14,4
12,4,15
21,10
12,13,6
11,13,7
13,3,15
23,8
13,4,15
11,14,7
1,13,8,10
2,13,8,9
11,13,8
26,6
13,14,5
15,8,9
12,13,3,4
14,18
3,14,15
15,8,10
14,9,10
3,30
16,17
26,7
24,9
14,4,15
11,13,9
11,12,10
13,20
15,18
13,6,7,8
11,15,8
11,13,10
24,10
12,15,7
15,9,10
16,18
6,28
14,15,6
5,30
3,32
11,1,14,9
11,14,10
16,19
12,13,10
12,15,8
2,14,4,15
17,18
1,34
6,9,20
0,34,2
12,14,10
11,1,5,9,10
12,15,9
17,19
16,20
1,13,15,8
13,15,9
12,15,10
16,21
17,20
18,19
11,26
0,37
11,4,15,8
13,6,9,10
12,2,15,9
11,13,14
11,12,15
13,15,10
22,16
18,20
17,21
29,9
14,15,10
2,17,20
12,13,14
23,16
19,20
18,21
22,17
1,24,14
0,39
12,14,6,8
12,13,15
12,13,6,9
24,16
22,18
19,21
23,17
34,6
24,17
13,28
25,16
2,39
23,18
22,19
20,21
0,23,14,4
35,6
4,37
13,14,6,9
11,31
15,27
26,16
25,17
23,19
22,20
33,9
24,18
12,30
34,9
26,17
16,27
1,32,10
25,18
24,19
23,20
22,21
25,8,10
2,41
15,28
0,43
33,11
27,17
26,18
25,19
24,20
23,21
16,28
3,41
2,43
15,30
16,29
35,4,6
0,45
27,18
25,20
24,21
22,23
44,1
26,19
17,28
17,29
11,13,15,7
28,18
4,42
27,19
26,20
25,21
22,24
16,30
5,41
17,30
18,29
28,19
27,20
22,25
23,24
26,21
39,8
18,30
29,19
28,20
22,26
23,25
27,21
39,9
28,21
2,47
8,41
12,37
19,30
29,20
22,27
23,26
24,25
0,49
30,20
29,21
22,28
23,27
24,26
8,42
44,6
22,29
23,28
24,27
25,26
30,21
34,3,15
1,23,28
2,50
12,30,10
16,17,19
33,19
22,30
42,10
23,29
24,28
25,27
13,40
15,38
23,30
24,29
25,28
26,27
0,35,18
37,16
33,4,17
14,40
16,18,20
24,30
25,29
26,28
37,17
0,54
45,10
25,30
26,29
27,28
16,39
0,55
13,43
17,18,21
26,30
27,29
38,18
49,7
0,56
49,8
14,43
17,19,21
23,16,18
27,30
28,29
25,32
16,41
4,54
22,16,20
23,17,18
23,16,19
33,25
28,30
22,36
7,41,10
48,10
24,16,19
19,40
18,20,21
22,16,21
29,30
44,15
25,17,18
22,18,20
8,31,21
35,25
8,52
44,17
22,23,16
16,27,18
22,19,20
40,21
22,39
24,17,20
26,16,19
25,17,19
36,25
12,35,15
22,19,21
24,17,21
26,17,19
16,27,19
0,35,27
35,27
13,49
22,34,7
57,6
11,52
31,32
48,15
47,16
22,25,16
23,19,21
25,18,20
26,16,21
16,17,30
24,18,21
22,20,21
45,18
44,19
37,26
2,8,54
25,19,20
22,23,19
16,18,30
33,31
37,27
55,10
16,19,30
27,17,21
17,29,19
22,24,19
1,64
17,7,41
3,62
26,18,21
13,37,15
16,28,21
1,2,62
35,30
34,31
33,32
28,18,20
22,26,18
26,40
27,18,21
36,30
24,42
22,23,21
34,32
35,31
24,26,16
22,24,20
26,19,21
16,30,20
17,19,30
23,24,20
22,24,21
22,25,20
24,16,27
48,19
25,26,16
12,49,6
26,20,21
36,31
26,41
33,34
38,29
11,3,53
35,32
17,30,21
14,54
22,16,30
24,27,17
29,19,20
37,31
36,32
11,57
33,35
23,45
22,17,30
23,27,19
23,26,20
22,23,24
34,35
37,32
23,17,29
25,27,17
33,36
22,18,29
67,2
18,30,21
56,13
38,31
29,20,21
25,16,29
24,17,29
22,27,21
25,27,18
29,41
0,70
23,18,29
38,32
22,29,19
33,37
50,20
27,43
44,26
39,31
57,13
34,36
22,28,21
35,15,21
25,26,20
57,14
1,70
22,23,26
50,21
26,17,28
35,36
40,31
25,16,30
30,20,21
39,32
33,38
34,37
41,31
25,18,29
55,17
22,30,20
23,28,21
23,24,25
25,17,30
35,37
44,28
25,28,19
33,39
34,38
40,32
25,29,19
58,15
55,18
52,21
33,40
22,23,28
23,50
41,32
35,38
34,39
30,43
24,29,20
44,29
22,24,27
24,19,30
36,37
19,54
22,30,21
42,31
26,18,29
22,25,26
27,17,29
23,24,26
22,20,32
2,19,53
36,38
22,24,28
47,27
22,25,27
17,28,29
31,43
42,32
35,39
34,40
33,41
14,40,20
12,53,10
28,18,29
24,30,21
36,39
23,24,28
27,29,19
56,19
44,31
32,43
33,42
34,41
37,38
35,40
33,25,18
44,4,28
34,42
35,41
27,19,30
25,30,21
23,24,29
33,43
26,50
45,31
37,39
37,8,31
36,40
44,32
22,25,30
59,18
46,31
27,30,20
18,29,30
37,40
33,44
34,43
26,51
35,42
36,41
45,32
49,28
0,2,75
38,39
22,27,29
24,25,29
25,26,27
23,27,28
38,40
49,29
33,45
44,34
37,41
35,43
55,23
36,42
37,9,32
7,71
24,25,30
24,26,29
13,6,60
38,41
13,59,7
4,75
28,30,21
55,24
25,54
22,27,30
39,40
36,43
37,42
24,27,28
34,45
44,35
24,26,30
25,26,29
12,27,41
28,52
45,3,32
38,42
45,35
44,36
37,43
39,41
11,25,5,40
27,17,18,19
24,57
71,10
24,28,29
45,36
34,47
44,37
38,43
39,42
6,65,10
40,41
23,29,30
35,47
45,37
44,38
39,43
40,42
59,15,8
45,38
26,27,30
35,48
44,39
40,43
41,42
52,31
11,72
79,4
45,39
5,19,60
24,17,43
79,5
22,24,18,20
26,28,30
27,28,29
57,27
42,32,10
41,43
44,40
1,83
16,8,60
45,40
55,30
33,52
44,41
42,43
25,60
67,18
11,74
0,85
27,29,30
48,38
45,41
44,42
36,50
33,53
58,28
22,23,24,18
55,32
34,53
49,38
45,42
44,43
35,52
0,22,65
12,2,57,16
25,62
56,14,18
27,30,31
45,43
38,50
37,51
58,30
17,71
44,45
35,54
26,63
45,35,10
0,25,37,28
23,59,8
88,2
48,42
49,41
3,58,29
59,31
12,5,73
11,79
56,35
23,37,31
22,23,26,20
39,52
49,42
44,6,41
44,47
50,41
60,31
1,59,32
59,27,6
51,41
50,42
28,64
78,14
23,56,14
33,40,20
22,25,17,29
46,47
44,49
66,27
68,25
77,16
23,16,27,28
28,18,29,19
52,42
44,50
46,48
55,39
58,4,32
1,89,4
55,13,27
24,17,54
53,42
46,49
47,48
25,50,20
35,60
69,26
88,7
57,39
46,50
47,49
36,7,53
17,50,30
28,19,30,20
38,39,20
46,51
47,50
48,49
11,86
24,26,27,21
47,51
48,50
59,39
90,8
6,92
0,98
25,27,17,30
23,25,51
18,81
26,27,17,29
0,99
36,31,32
46,53
47,52
48,51
49,50
37,62
26,27,17,30
22,23,25,30
33,35,32
57,43
46,54
47,53
15,85
19,81
14,86
48,52
90,10
49,51
24,76
55,46
59,42
47,54
48,53
3,98
49,52
50,51
38,63
15,86
5,96
25,17,60
33,38,31
56,46
49,53
50,52
8,51,43
48,54
55,47
71,31
24,8,70
50,53
27,28,29,19
2,101
40,31,32
33,39,31
57,46
56,47
55,48
51,52
36,14,53
55,28,21
22,25,28,29
41,31,32
34,38,32
7,97
28,76
11,93
36,37,31
83,21
33,34,37
55,49
51,53
46,58
50,54
57,47
56,48
34,40,31
14,19,51,21
46,18,41
51,54
16,8,81
58,47
1,104
0,105
52,53
35,39,31
56,49
55,50
89,13,3
35,17,53
18,87
35,38,32
33,40,32
33,41,31
57,48
36,37,32
33,34,38
46,59
58,48
36,39,31
35,40,31
25,81
33,57,16
33,34,39
8,98
57,49
58,8,40
33,41,32
75,31
56,50
31,32,43
47,59
56,7,43
46,60
0,106
52,54
55,51
13,46,48
33,34,40
35,41,31
47,60
48,59
57,50
53,54
69,38
34,35,38
58,49
0,107
37,38,32
55,52
37,39,31
36,40,31
33,31,43
44,31,32
56,51
34,31,43
14,59,28,7
36,40,32
34,35,39
37,40,31
33,34,41
55,53
59,49
56,52
34,42,32
48,60
18,90
58,50
57,51
37,71
35,42,32
34,35,40
58,51
59,50
15,94
44,34,31
34,36,39
56,53
55,54
5,62,42
37,41,31
36,42,31
34,37,38
37,40,32
57,52
99,10
49,60
38,40,31
33,37,39
34,45,31
34,35,41
46,37,27
59,51
33,35,42
58,52
57,53
0,110
56,54
35,36,39
68,42
37,42,31
60,50
37,41,32
36,31,43
33,34,43
34,36,41
44,35,32
55,56
38,41,32
58,53
33,44,34
33,36,42
34,37,40
22,44,45
57,54
60,51
59,52
45,35,32
38,31,43
51,40,21
36,37,39
33,34,45
55,57
45,15,52
44,37,31
33,36,43
39,41,32
40,41,31
58,54
34,35,43
91,21
44,36,32
39,42,31
59,53
33,44,35
35,38,39
60,52
38,42,32
35,36,41
66,46
58,26,28
34,36,43
35,37,41
40,42,31
34,37,42
45,36,32
38,32,43
55,38,20
55,58
33,38,42
33,49,31
60,53
33,44,36
36,38,39
56,57
34,39,40
71,42
59,54
88,25
27,86
35,39,40
36,37,41
45,38,31
33,39,42
57,26,31
60,54
41,42,31
34,37,43
34,45,35
56,58
33,38,43
44,39,31
105,9
44,34,36
55,59
33,45,37
44,23,48
40,32,43
41,42,32
44,34,37
55,60
35,38,42
36,39,40
33,39,43
35,37,43
34,38,43
35,39,41
44,39,32
29,86
56,59
57,58
33,45,38
42,31,43
45,35,36
56,60
35,39,42
35,38,43
37,39,40
57,59
35,40,41
37,38,41
1,24,91
41,32,43
51,65
13,38,65
37,39,41
58,28,31
44,34,39
35,39,43
37,38,42
44,14,59
57,60
44,35,38
45,41,31
44,42,31
34,41,42
58,59
45,40,32
42,32,43
38,39,41
44,25,49
58,60
36,82
45,42,31
33,44,41
35,40,43
37,40,41
36,39,43
37,39,42
14,104
0,118
33,42,43
28,90
45,31,43
36,40,43
45,36,38
37,39,43
38,39,42
44,36,39
32,87
3,116
44,37,38
59,60
102,17
79,40
28,91
33,44,43
44,34,42
45,35,40
70,50
39,40,41
46,74
25,95
37,41,42
38,40,42
44,45,31
59,51,10
69,51
39,40,42
44,36,41
44,35,42
44,45,32
16,52,53
34,45,43
45,38,39
39,41,42
45,36,41
90,32
16,106
4,118
44,38,41
44,37,42
40,41,42
45,35,43
44,34,45
61,62
3,120
6,117
71,52
82,41
92,31
45,38,41
44,45,35
39,42,43
45,37,42
61,63
12,38,74
6,75,43
100,24
0,124
1,123
44,40,41
40,42,43
44,39,42
61,64
62,63
101,24
18,107
0,125
45,39,42
41,42,43
48,26,52
61,65
62,64
33,93
33,34,60
57,50,20
45,39,43
96,31
99,28
44,40,43
7,120
44,45,38
63,64
62,65
66,61
52,75
44,45,39
45,40,43
58,39,21,10
67,61
66,62
63,65
68,60
102,26
69,59
47,81
44,42,43
68,61
67,62
64,65
66,63
69,60
13,116
121,8
69,61
55,23,52
44,45,41
68,62
0,130
67,63
66,64
56,74
77,53
12,118
55,25,51
33,48,50
70,61
69,62
68,63
67,64
66,65
45,86
104,27
68,64
71,61
47,42,43
14,118
70,62
67,65
69,63
59,73
0,132
79,53
126,6
104,28
71,62
70,63
69,64
68,65
66,67
72,61
39,94
72,62
34,37,31,32
45,59,30
71,63
69,65
66,68
61,73
60,74
36,98
88,26,20
99,35
73,62
57,46,32
61,74
72,63
71,64
70,65
16,119
66,69
67,68
39,96
33,35,37,31
48,59,29
22,114
61,75
62,74
73,63
72,64
71,65
67,69
66,70
67,70
73,64
74,63
66,71
68,69
72,65
12,73,52
39,98
62,75
0,89,48
73,65
63,75
74,64
66,72
67,71
68,70
1,94,43
99,39
129,9
64,75
29,60,50
74,65
66,73
67,72
23,13,103
68,71
69,70
55,84
52,87
66,74
24,53,31,32
75,65
67,73
68,72
69,71
99,41
112,18,10
20,120
46,47,48
44,49,6,42
33,38,39,31
56,42,43
26,115
22,119
67,74
68,73
69,72
47,94
70,71
66,75
36,47,59
33,37,41,31
33,38,40,31
67,75
68,74
135,7
69,73
2,140
70,72
80,62
47,95
37,105
71,72
58,48,37
60,41,42
24,59,60
68,75
69,74
70,73
2,90,51
13,130
34,36,31,43
46,48,50
46,47,51
69,75
71,73
70,74
60,84
33,34,36,42
0,36,49,60
77,68
70,75
71,74
72,73
110,35
4,141
33,34,38,41
47,48,51
46,48,52
71,75
72,74
60,86
116,30
133,13
46,50,51
46,49,52
46,47,54
46,48,53
72,75
73,74
83,64
105,42
22,125
35,40,41,32
35,36,37,40
47,49,52
73,75
67,81
84,64
56,92
34,114
36,39,31,43
56,46,47
47,49,53
47,50,52
33,56,60
74,75
0,149
35,36,38,41
45,36,38,31
47,50,53
48,49,53
49,50,51
47,51,52
48,50,52
77,73
0,150
1,149
26,28,54,43
37,40,31,43
48,49,54
55,47,49
47,50,54
75,76
97,54
102,49
11,140
46,105
58,63,31
39,40,41,32
57,47,48
57,46,49
47,51,54
80,52,20
3,149
19,81,52
143,9
4,148
55,46,52
48,51,54
57,47,49
49,51,53
46,58,49
9,83,61
77,76
33,120
13,141
46,48,60
56,48,50
49,52,53
55,46,53
57,48,49
78,76
133,21
0,154
55,48,52
44,34,37,40
46,58,51
49,52,54
58,47,50
47,48,60
57,48,50
77,78
50,51,54
149,6
55,49,51
79,76
92,63
57,47,51
47,59,49
146,9
39,42,32,43
44,39,41,32
44,35,36,41
33,4,119
138,18
34,39,41,42
46,59,51
47,49,60
51,52,53
56,46,54
57,46,53
77,79
55,47,54
56,48,52
100,56
55,48,53
80,76
147,9
14,82,60
50,52,54
55,49,52
46,60,50
58,48,50
33,45,39,40
44,45,36,32
58,47,52
77,80
48,49,60
46,60,51
78,79
46,58,53
57,46,54
55,50,52
56,50,51
81,76
17,140
57,47,53
55,48,54
55,57,46
44,34,39,41
59,49,50
56,50,52
51,53,54
48,60,50
57,47,54
0,158
46,58,54
33,125
56,48,54
88,70
57,48,53
78,80
58,47,53
77,81
82,76
46,60,52
55,46,58
37,39,40,43
45,35,36,43
79,80
47,59,53
77,82
78,81
57,48,54
83,76
56,51,52
56,50,53
96,63
56,49,54
39,120
106,53
55,56,48
55,52,53
58,50,52
56,50,54
57,103
57,50,53
47,60,53
77,83
19,141
48,59,53
55,51,54
57,49,54
84,76
78,82
40,120
79,81
118,42
55,57,48
49,60,51
14,16,130
56,52,53
60,50,51
49,60,52
55,52,54
79,82
3,158
57,51,53
77,84
37,103,21
56,57,48
12,149
58,51,52
0,161
58,50,53
85,76
78,83
80,81
44,37,38,43
57,51,54
80,82
48,60,54
56,46,60
55,57,50
55,58,49
77,85
55,48,59
78,84
134,28
79,83
86,76
133,29
132,30
4,158
59,51,53
45,35,41,42
56,47,60
122,41
81,82
135,28
11,152
56,36,17,54
79,84
56,48,59
78,85
22,141
46,58,59
39,92,32
12,151
56,53,54
57,52,54
87,76
80,83
77,86
56,58,49
55,59,49
45,38,39,42
59,52,53
143,21
79,85
48,116
59,51,54
56,58,50
56,57,51
80,84
57,47,60
78,86
56,59,49
88,76
146,18
81,83
77,87
57,59,49
57,58,50
55,57,53
56,57,52
80,85
57,48,60
78,87
13,152
156,9
15,150
58,53,54
58,48,59
46,59,60
50,94,21
81,84
23,142
79,86
49,116
89,76
82,83
88,77
56,59,51
45,38,41,42
57,58,51
80,86
3,37,126
56,57,53
57,59,50
60,52,54
79,87
159,7
90,76
82,84
81,85
77,89
88,78
88,79
56,60,51
55,58,54
77,90
89,78
80,87
33,134
81,86
82,85
83,84
122,45
55,56,57
56,58,54
103,65
57,58,53
58,59,51
55,59,54
78,90
83,85
82,86
89,79
88,80
81,87
55,60,54
55,56,58
59,60,50
2,136,31
83,86
134,6,29
58,59,52
148,21
58,60,51
56,59,54
79,90
29,140
165,4
89,80
88,81
84,85
82,87
58,60,52
55,14,59,42
90,80
89,81
88,82
83,87
84,86
46,124
44,126
56,57,58
55,57,59
90,81
88,83
84,87
85,86
89,82
96,75
57,114
124,47
56,57,59
55,57,60
129,43
97,75
90,82
144,28
166,6
89,83
14,158
88,84
85,87
58,114
44,128
88,85
56,58,59
55,58,60
86,87
89,84
14,159
90,83
165,8
42,131
147,26
24,149
90,84
89,85
88,86
80,94
143,31
5,7,162
165,9
0,174
90,85
89,86
88,87
133,42
169,6
126,50
57,59,60
90,86
89,87
132,44
133,43
157,19
4,172
176,0
91,86
90,87
88,89
165,12
88,90
100,37,41
133,45
14,4,160
15,163
14,164
89,90
3,16,160
116,64
50,54,76
100,80
129,51
0,180
57,124
165,16
166,15
2,179
139,43
0,182
91,92
13,117,53
34,149
91,93
56,128
145,39
168,16
22,100,63
102,83
88,59,38
91,94
92,93
48,137
65,120
35,150
0,3,182
1,4,180
123,62
131,54
133,52
13,172
91,95
92,94
67,119
57,129
49,137
24,162
12,174
0,186
69,118
91,96
92,95
93,94
38,149
33,154
176,11
91,97
55,90,43
90,98
92,96
93,95
48,140
15,141,32
11,177
8,180
0,11,178
66,61,62
67,103,19
91,98
92,97
93,96
94,95
132,57
0,189
67,61,62
66,61,63
118,72
103,87
48,142
7,183
99,91
159,31
5,185
34,156
93,97
154,36
94,96
11,179
92,98
149,41
12,128,50
99,92
93,98
94,97
95,96
100,91
56,16,119
165,26
12,179
2,189
69,61,62
100,92
99,93
94,98
95,97
101,91
44,138,10
34,158
16,5,171
101,92
35,36,39,40,43
66,62,65
102,91
0,193
100,93
99,94
34,159
95,98
96,97
1,192
44,118,31
66,67,61
44,38,39,42,31
69,62,63
69,61,64
96,98
70,61,63
103,91
102,92
99,95
47,147
101,93
100,94
67,111,16
70,62,63
69,61,65
44,101,50
14,181
66,67,62
102,93
69,62,64
103,92
101,94
9,186
75,120
99,96
97,98
4,191
100,95
104,92
55,46,47,48
70,62,64
70,61,65
56,140
100,96
111,85
71,62,63
88,48,60
99,97
105,91
103,93
11,185
102,94
101,95
114,83
66,69,62
72,61,64
104,93
105,92
6,191
99,98
7,190
61,73,63
70,62,65
66,70,61
66,68,63
61,62,74
166,12,19
103,94
101,57,39
167,30
147,29,21
100,97
111,86
158,39
102,95
2,195
101,96
68,69,61
73,62,63
6,192
72,61,65
104,94
47,136,15
100,98
66,70,62
67,69,62
177,21
105,93
103,95
102,96
101,97
37,161
66,69,64
55,47,48,49
72,62,65
73,62,64
67,69,63
67,68,64
66,71,62
154,45
102,97
59,140
105,94
104,95
101,98
103,96
99,100
165,15,19
46,58,47,49
67,71,62
105,95
73,62,65
22,178
66,71,63
104,96
8,192
103,97
68,69,63
67,70,63
62,63,75
68,70,62
99,101
71,64,65
61,74,65
102,98
46,50,52,53
59,38,51,53
67,71,63
66,71,64
67,70,64
73,63,65
103,98
62,64,75
105,96
104,97
15,186
100,101
99,102
67,71,64
66,62,74
68,72,62
99,103
105,97
66,73,63
67,70,65
68,70,64
66,72,64
100,102
73,64,65
132,16,54
177,5,20
104,98
118,84
69,72,62
66,73,64
100,103
145,58
63,75,65
105,98
101,102
189,14
66,74,63
68,72,63
68,61,74
99,104
69,70,64
177,26
66,72,65
144,59
22,181
89,114
70,72,62
55,47,50,52
71,72,61
100,104
101,103
64,75,65
67,72,65
69,70,65
67,62,75
68,71,65
89,6,109
166,38
99,105
88,116
66,68,71
68,62,75
99,96,10
71,72,62
68,72,65
114,50,41
69,61,75
69,73,63
102,103
163,42
70,71,64
70,61,74
67,63,75
100,105
67,74,64
56,149
101,104
55,3,17,130
80,95,30
144,62
68,73,65
66,75,65
71,72,63
0,206
71,73,62
176,25,5
108,98
115,91
70,73,63
68,63,75
101,105
102,104
67,69,71
66,70,71
56,48,49,54
66,141
67,68,72
35,135,37
72,73,62
70,73,64
102,105
78,129
4,203
103,104
71,73,64
68,69,71
70,73,65
39,127,42
199,9
103,105
67,68,73
66,69,73
69,64,75
133,75
66,70,72
111,97
67,69,72
61,73,74
113,95
3,205
59,49,50,51
47,59,49,54
55,49,52,53
67,70,72
68,70,71
72,62,75
125,84
25,184
104,105
59,150
14,195
135,74
71,64,75
56,46,59,49
57,49,50,54
70,75,65
157,53
66,69,75
67,68,75
67,70,73
67,69,74
71,74,65
158,52
72,74,64
56,57,48,50
48,60,50,53
46,60,51,54
73,63,75
66,72,73
68,69,74
68,71,72
113,98
68,70,73
66,71,74
159,52
23,188
147,64
73,74,64
58,48,52,54
74,63,75
69,71,72
67,72,73
132,50,30
160,52
165,18,29
165,28,19
69,71,73
67,72,74
48,59,52,54
55,56,48,54
67,71,75
106,107
66,73,74
68,72,73
188,25
55,158
73,75,65
203,10
25,91,97
33,180
66,73,75
57,58,48,51
67,72,75
68,71,75
70,71,73
74,75,65
78,111,25
124,90
7,207
106,108
112,39,64
49,60,52,54
69,72,74
70,71,74
70,72,73
0,215
67,73,75
118,97
66,74,75
106,109
167,28,20
107,108
154,40,21
67,148
56,58,50,52
69,72,75
68,73,75
70,72,74
110,106
107,109
26,18,172
71,72,74
56,57,51,53
56,60,50,51
68,74,75
111,106
70,73,74
79,138
77,130,10
37,180
112,105
37,104,76
0,8,209
105,71,41
114,103
4,213
110,107
112,106
110,108
111,107
37,181
13,205
4,214
111,108
70,74,75
113,106
112,107
110,109
1,218
146,3,70
59,160
200,19
167,52
198,21
55,58,48,59
114,106
113,107
112,108
111,109
201,19
114,107
57,71,93
110,111
112,109
113,108
200,21
29,192
115,106
0,11,48,162
37,184
33,188
73,74,75
147,75
115,107
113,109
110,112
114,108
116,106
60,162
55,59,49,60
59,60,50,54
117,106
116,107
115,108
44,15,164
191,32
114,109
183,40
110,113
5,218
111,112
143,80
58,47,59,60
106,118
116,108
110,114
110,68,46
111,113
117,107
45,179
93,131
182,42
67,12,145
118,107
55,72,98
88,44,93
210,15
116,109
110,115
111,114
112,113
165,60
221,4
117,108
106,119
107,119
77,119,30
144,82
33,193
8,218
106,120
118,108
117,109
110,116
95,131
112,114
111,115
134,93
119,108
110,117
112,115
113,114
111,116
118,109
179,48
107,120
210,17
167,60
119,109
156,72
110,118
222,6
111,117
210,18
112,116
113,115
136,92
168,60
188,40
110,119
111,118
112,117
113,116
114,115
109,120
0,35,194
213,16
111,119
59,109,62
99,131
110,120
112,118
114,116
113,117
138,92
16,214
3,227
114,117
111,120
67,164
104,127
113,118
222,9
68,163
201,30
115,116
112,119
133,98
0,156,75
0,177,54
210,21
132,100
112,120
113,119
114,118
115,117
57,175
114,119
56,107,70
26,207
24,209
113,120
115,118
116,117
127,106
155,47,31
156,38,39
191,42
99,128,7
39,7,90,98
77,81,76
148,86
111,123
224,10
114,120
220,14
116,118
115,119
55,179
117,118
79,80,76
110,125
115,120
116,119
35,7,193
133,102
26,59,150
156,58,21
45,190
116,120
117,119
95,141
188,48
227,9
78,83,76
78,79,80
79,82,76
157,80
99,138
117,120
118,119
199,38
113,124
51,186
13,224
155,18,64
188,49
77,78,83
85,153
118,120
11,227
78,85,76
77,86,76
77,78,84
28,80,131
77,80,82
119,120
86,153
179,60
2,237
70,170
168,72
81,83,76
78,86,76
79,80,81
158,82
77,79,84
2,102,136
210,30
179,61
77,79,85
80,85,76
82,83,76
128,82,31
100,141
66,166,9
168,73
2,239
166,76
81,85,76
77,89,76
88,78,76
78,79,85
77,78,87
34,208
5,237
78,82,83
78,81,84
78,79,86
158,85
187,25,31
34,209
80,87,76
33,210
121,122
77,79,87
88,79,76
149,94
4,15,116,108
48,195
78,82,84
77,80,87
89,79,76
5,239
79,82,83
78,80,86
79,81,84
77,82,85
220,24
7,140,97
77,83,84
236,8
50,194
121,123
182,62
242,2
88,78,79
183,62
127,118
171,74
79,82,84
78,82,85
77,83,85
225,20
78,83,84
88,77,80
122,123
79,80,86
121,124
78,80,87
89,78,79
68,59,119
79,80,87
69,127,50
77,89,80
80,82,84
89,81,76
121,125
227,19
72,174
11,235
122,124
124,14,108
182,64
29,217
79,82,86
77,84,86
90,81,76
81,82,84
80,81,86
89,78,80
56,191
123,124
89,82,76
121,126
77,90,80
122,125
28,219
177,70
106,141
74,174
77,85,86
78,90,80
178,70
79,84,85
227,21
217,31
90,82,76
123,125
79,83,86
165,83
95,153
0,248
51,197
78,84,86
121,127
77,90,81
88,77,83
106,142
122,126
77,89,82
86,87,76
88,85,76
77,90,82
187,62
82,83,84
81,82,86
121,128
122,127
219,30
123,126
218,31
124,125
90,84,76
179,71
89,80,81
123,127
79,84,87
78,85,87
81,84,85
77,86,87
244,6
69,181
88,86,76
122,128
121,129
124,126
89,86,76
89,79,83
90,80,81
81,83,87
125,126
80,84,87
90,85,76
234,17
0,165,86
122,129
159,92
164,87
79,85,87
89,78,84
123,128
121,130
88,79,84
124,127
3,248
77,89,85
24,157,71
81,109,62
101,151
80,85,87
81,85,86
133,119
89,79,84
125,127
121,131
88,81,83
122,130
224,28
78,90,84
123,129
124,128
89,80,83
81,84,87
77,90,85
89,87,76
79,86,87
80,86,87
77,90,86
2,26,225
82,84,87
125,128
55,58,140
88,89,76
90,87,76
49,204
90,81,82
126,127
44,209
23,230
0,253
157,96
122,131
132,121
124,129
88,77,89
68,186
88,81,85
121,133
244,10
125,129
245,9
78,90,86
90,80,84
89,80,85
36,136,82
90,81,83
5,249
83,171
132,122
83,84,87
83,85,86
88,80,86
126,128
123,131
124,130
11,148,95
84,85,86
89,79,87
245,10
126,129
205,50
88,80,87
88,82,85
127,128
83,85,87
88,77,90
125,130
133,122
121,134
90,81,84
132,123
210,45
124,131
121,135
83,86,87
89,81,86
90,80,86
88,89,79
89,83,84
90,82,84
126,130
122,134
127,129
56,200
125,131
133,123
132,124
89,82,86
90,81,86
88,83,86
126,131
90,82,85
1,71,185
160,97
88,84,85
220,37
237,20
132,125
127,130
128,129
89,81,87
122,135
134,123
133,124
12,245
2,255
179,8,70
34,223
89,82,87
89,79,90
132,126
90,82,86
89,83,86
90,81,87
128,130
88,83,87
0,132,126
72,186
11,13,234
127,131
85,86,87
123,135
133,125
243,15
134,124
58,37,163
134,125
66,62,131
183,76
129,130
0,25,234
256,3
212,47
88,90,81
88,85,86
24,235
243,16
23,236
135,124
133,126
228,31
132,127
128,131
7,252
133,127
88,90,82
134,126
63,197
231,29
132,128
129,131
135,125
143,58,59
79,181
168,92
90,170
207,53
8,252
112,149
88,90,83
88,89,84
46,215
23,238
132,129
130,131
26,193,42
88,86,87
240,21
89,85,87
232,29
109,152
135,126
134,127
133,128
134,128
69,193
233,29
88,90,84
123,139
135,127
253,9
209,53
133,129
132,130
122,140
39,161,62
223,39
89,90,84
88,89,86
88,90,85
99,47,117
258,5
135,128
132,131
133,130
134,129
25,238
211,52
0,200,64
154,23,87
89,90,85
127,40,97
135,129
232,32
134,130
133,131
56,208
222,42
135,130
116,149
134,131
0,265
132,133
181,84
5,260
68,197
44,221
226,39
37,228
66,61,74,65
89,90,87
135,131
132,134
77,189
248,18
17,249
14,252
0,266
94,173
132,135
133,134
193,74
58,209
217,50
231,23,13
66,69,70,63
67,72,64,65
105,163
133,135
154,114
108,160
25,15,228
29,239
1,267
70,72,62,65
96,173
134,135
0,112,157
220,49
227,42
231,38
45,160,65
66,67,72,65
67,69,72,62
78,192
11,259
66,67,73,65
99,143,29
211,60
165,107
112,160
57,215
222,50
179,94
145,128
166,107
136,137
11,166,96
35,206,32
255,18
224,49
22,251
253,20
38,172,64
165,109
136,138
148,126
204,70
254,20
82,62,131
136,139
137,138
190,53,32
224,51
246,29
66,67,71,72
46,90,140
136,140
137,139
26,235,15
13,263
11,265
266,10
69,70,73,65
136,141
137,140
138,139
169,108
35,212,30
247,30
267,10
91,93,94
66,68,71,73
136,142
137,141
138,140
206,41,31
56,222
227,51
11,267
119,160
70,72,73,64
67,68,69,75
237,42
92,93,94
143,136
138,141
139,140
107,172
159,120
137,142
0,33,22,78,146
118,162
89,159,32
188,92
128,152
28,252
144,136
0,227,53
143,137
138,142
139,141
13,267
56,178,46
67,214
89,78,93,21
145,136
143,138
140,141
56,225
24,257
271,10
0,281
2,279
93,94,95
155,74,53
231,51
146,136
91,95,96
91,93,98
228,54
239,43
207,75
145,137
144,138
44,222,16
143,139
140,142
233,49
0,144,138
147,136
67,69,72,75
92,94,97
99,91,93
178,105
141,142
108,175
146,137
253,30
145,138
133,150
144,139
143,140
136,148
91,95,98
93,95,96
93,94,97
92,95,97
92,94,98
145,139
99,92,93
143,141
147,137
144,140
157,127
156,25,103
146,138
277,7
110,174
90,195
100,92,93
102,91,92
93,95,97
136,149
143,142
91,96,98
144,141
99,92,94
134,151
101,91,93
145,140
56,158,29,42
15,30,240
112,145,28
132,153
1,284
115,170
147,138
118,93,74
148,137
146,139
136,150
93,96,97
102,91,93
99,93,94
148,138
147,139
137,149
101,185
146,140
112,174
257,29
36,250
33,253
145,141
144,142
102,92,93
69,70,73,75
94,96,97
100,92,95
104,91,92
137,150
11,276
145,142
146,141
149,138
178,109
143,144
148,139
147,140
99,94,95
100,93,95
93,97,98
138,150
149,139
66,203,19
11,277
148,140
18,270
147,141
264,3,21
143,145
223,65
146,142
178,37,73
102,93,94
95,96,98
102,91,96
147,142
101,93,95
99,94,96
149,140
144,145
100,94,95
148,141
104,91,94
105,91,93
56,233
139,150
249,40
39,250
169,120
167,50,73
105,91,94
149,141
103,93,94
105,92,93
103,91,96
100,94,96
143,147
102,91,97
101,94,95
115,175
16,274
187,103
150,140
144,146
148,142
99,95,97
104,93,94
101,93,97
34,72,185
96,195
23,268
9,282
102,92,97
122,119,50
150,141
145,146
149,142
143,148
144,147
23,5,263
101,94,97
58,93,141
102,93,97
129,163
102,94,96
135,4,153
150,142
117,175
33,259
143,149
2,290
96,196
101,93,98
113,179
99,95,98
104,92,96
104,93,95
177,6,109
144,148
231,61
145,147
102,93,98
104,91,98
99,100,94
101,94,98
101,95,97
145,148
100,96,97
144,149
105,92,96
104,93,96
102,95,96
243,50
102,94,97
103,93,97
99,96,98
143,150
100,102,91
52,241
146,147
101,102,91
101,96,97
102,94,98
99,101,94
251,43
44,250
144,150
9,285
145,149
146,148
104,190
35,201,58
146,149
99,105,91
104,93,98
136,159
145,150
105,93,97
99,100,96
100,103,92
100,102,93
99,104,92
0,24,271
147,148
288,7
99,101,96
104,94,98
36,190,70
101,102,93
16,280
103,95,98
100,104,92
146,150
102,96,98
99,104,93
147,149
105,94,97
105,93,98
244,52
102,103,92
100,104,93
166,91,40
104,96,97
147,150
99,103,95
105,95,97
99,102,96
148,149
101,103,93
257,40
101,104,92
203,94
111,186
4,293
100,105,92
103,194
15,282
105,94,98
103,96,98
105,96,97
117,181
148,150
190,108
91,207
211,37,50
59,239
57,241
27,271
0,298
100,104,95
103,104,92
100,103,96
99,104,96
127,172
135,164
149,150
99,102,98
102,103,94
103,105,91
289,10
100,102,97
3,103,193
22,49,228
238,61
253,46
104,97,98
101,105,94
103,105,92
99,104,97
99,105,96
101,103,96
105,195
126,174
225,75
243,57
254,46
100,103,98
101,104,96
100,105,96
102,105,94
111,190
270,31
275,26
8,293
0,301
102,105,95
26,93,183
99,105,98
100,104,98
101,104,97
9,293
266,36
104,105,93
166,136
145,157
58,6,238
244,58
277,26
102,105,96
101,104,98
100,101,102
155,148
151,152
12,160,131
117,186
1,302
104,105,95
102,105,97
36,171,97
102,104,98
99,102,103
99,100,105
115,149,40
34,270
13,291
217,87
22,282
234,70
102,105,98
103,105,97
103,104,98
179,126
4,301
152,153
154,151
147,158
67,238
295,10
298,7
103,105,98
104,105,97
115,191
155,151
154,152
0,246,60
36,270
296,10
3,303
155,152
100,103,104
104,105,98
154,153
156,151
15,194,98
233,48,26
236,28,43
48,259
187,16,9,96
101,102,105
100,103,105
157,151
156,152
155,153
213,95
138,171
180,42,87
102,103,104
220,89
128,181
168,141
300,9
158,151
157,152
55,254
23,269,17
27,282
156,153
302,7
154,155
203,106
159,151
158,152
157,153
154,156
50,260
19,291
154,157
122,113,76
155,156
159,152
160,151
47,247,17
249,62
19,40,252
257,54
60,252
160,152
148,81,83
1,16,295
161,151
33,279
159,153
154,158
155,157
24,180,108
1,210,101
264,48
155,158
129,42,142
6,105,18,184
162,151
161,152
154,159
0,313
156,157
160,153
187,126
154,160
151,163
162,152
155,159
156,158
294,20
161,153
122,192
33,11,270
283,31
156,159
187,128
232,83
151,164
154,161
157,158
155,160
147,8,160
297,18
35,68,212
4,235,76
103,38,174
130,185
147,169
176,140
67,102,147
299,17
165,151
152,164
163,153
154,162
198,118
246,70
13,303
8,308
155,161
156,160
157,159
132,88,97
77,78,86,76
1,316
165,152
154,163
155,162
156,161
158,159
164,153
113,204
168,119,31
147,90,81
37,281
7,129,182
133,185
176,142
121,37,160
158,160
165,153
154,164
24,294
157,161
155,163
156,162
210,26,82
157,162
143,134,42
165,154
155,164
158,161
4,315
159,160
156,163
243,57,19
6,303,10
165,155
156,164
5,315
157,163
158,162
159,161
202,118
264,56
26,294
310,10
160,161
165,156
157,164
158,163
159,162
204,117
268,53
269,52
280,41
107,184,31
165,1,156
166,156
231,91
4,49,269
165,157
158,164
159,163
160,162
182,140
139,183
193,130
110,106,107
165,158
159,164
15,308
160,163
161,162
171,152
115,208
253,70
310,13
160,164
133,18,173
165,159
161,163
176,123,25
112,212
254,28,42
35,289
6,318
88,79,82,76
110,107,108
165,160
161,164
162,163
111,106,109
78,80,82,86
7,319
113,106,107
110,107,109
162,164
165,161
261,65
55,271
294,32
45,281
202,125
145,182
113,106,108
169,6,152
168,159
165,162
163,164
278,49
9,318
23,304
114,106,108
115,106,107
165,163
137,191
213,61,54
323,5
88,81,84,76
79,81,83,86
80,81,82,86
55,274
110,111,108
299,30
114,107,108
297,32
135,194
144,185
322,7
165,164
187,142
116,106,108
115,107,108
110,111,109
176,154
248,82
255,75
48,282
299,31
117,106,108
106,118,107
110,115,106
112,113,106
116,106,109
286,38,7
110,114,107
47,284
165,166
233,98
244,87
238,93
99,192,41
117,107,108
106,107,119
311,21
320,12
112,115,106
110,114,109
118,107,108
166,167
124,209
55,278
290,43
302,31
111,117,106
111,116,107
106,108,120
112,113,109
111,114,109
111,115,108
117,108,109
277,57
304,30
107,119,108
166,168
110,112,113
110,106,119
113,116,106
110,117,108
112,117,106
111,117,107
83,252
118,108,109
167,168
107,108,120
176,156,3
112,115,108
110,116,109
113,114,108
13,322
3,323,9
106,109,120
111,116,108
57,278
113,115,107
166,169
112,117,107
79,90,80,87
110,106,120
113,114,109
110,117,109
113,117,106
0,56,280
119,108,109
178,158
211,51,74
167,169
112,224
108,109,120
112,106,119
306,31
111,117,109
113,106,118
189,139,9
110,112,115
88,249
111,112,114
113,117,107
113,116,108
168,169
143,194
242,53,42
113,115,109
111,118,108
102,73,162
166,171
257,80
110,118,109
167,170
110,112,116
110,113,115
113,116,109
166,172
110,119,109
232,106
114,117,107
24,314
113,118,107
295,43
174,164
25,313
167,171
168,170
286,52
116,117,106
114,106,119
253,35,51
113,106,120
167,172
169,170
115,117,107
111,119,109
23,316
110,113,116
277,62
112,118,109
114,117,108
168,171
2,310,27
94,161,84
166,173
111,114,115
89,79,85,87
115,117,108
146,194
112,119,109
110,114,116
116,117,107
110,111,119
169,171
111,109,120
168,172
0,56,284
166,174
167,173
111,113,117
90,80,84,87
114,118,109
114,119,108
116,106,119
110,111,120
58,119,164
170,171
133,208
166,175
167,174
78,263
169,172
168,173
214,127
176,66,99
112,114,116
89,90,81,82
117,106,119
88,89,78,87
176,166
170,172
113,109,120
112,113,117
168,174
116,117,109
116,107,119
26,316
111,112,119
116,106,120
117,118,107
160,182
114,119,109
169,173
37,42,263
110,115,117
300,42
17,325
167,175
111,114,117
90,81,85,87
117,107,119
111,115,117
313,30
177,166
116,119,108
115,108,120
176,167
170,173
112,114,117
169,174
168,175
232,111
110,113,120
113,114,116
110,116,117
171,172
58,285
112,115,116
117,106,120
36,307
110,114,119
113,115,116
116,119,109
110,115,119
112,115,117
312,32
112,113,119
177,167
166,178
113,114,117
106,118,120
170,174
100,244
2,168,174
111,113,120
110,114,120
242,102
169,175
171,173
176,168
113,114,118
111,115,119
89,90,82,84
113,115,117
117,119,109
171,174
110,116,119
172,173
170,175
111,114,120
176,169
166,179
178,167
39,306
177,168
113,116,117
113,114,119
88,89,82,87
113,115,118
47,249,50
171,175
112,116,118
47,258,41
177,169
172,174
118,108,120
260,86
304,42
117,109,120
176,170
22,324
166,180
178,168
167,179
118,109,120
110,118,119
88,89,90,80
74,273
110,117,120
112,117,118
179,168
176,171
166,181
167,180
114,115,118
177,170
172,175
39,308
113,114,120
111,116,120
178,169
77,250,20
139,208
129,218
155,192
0,24,150,173
173,174
111,117,120
111,118,119
143,205
114,115,119
173,175
179,169
320,28
5,302,41
24,324
148,118,82
56,161,131
168,180
178,170
300,48
177,171
176,172
112,117,120
89,90,84,86
166,9,174
169,180
16,60,273
114,116,119
308,41
110,119,120
155,194
179,170
33,316
177,172
64,285
102,247
176,173
289,60
178,171
174,175
297,52
111,239
114,117,119
180,170
179,171
37,313
177,173
176,174
59,291
57,293
310,40
34,316
178,172
27,260,63
268,82
112,119,120
114,117,120
180,171
179,172
178,173
177,174
176,175
59,292
114,118,120
132,39,181
180,172
178,174
177,175
179,173
155,197
321,31
179,174
115,118,120
321,32
178,175
176,177
180,173
201,152
323,30
27,326
212,141
19,280,54
69,284
115,119,120
180,174
179,175
176,178
290,64
60,294
311,43
33,321
116,119,120
104,81,170
180,175
176,179
177,178
56,299
320,35
117,119,120
176,180
177,179
200,28,128
122,234
314,42
118,119,120
182,175
177,180
178,180
58,108,192
201,157
253,24,81
23,17,318
22,154,25,158
179,180
211,148
63,296
57,302
174,186
207,153
308,52
44,316
318,42
320,40
101,184,76
154,145,30,32
268,93
277,84
55,306
310,51
321,40
191,171
123,239
44,286,32
46,295,21
323,39
36,326
244,119
46,15,302
48,315
37,326
181,183
191,173
255,109
45,319
322,42
323,41
193,172
181,184
182,183
192,173
170,195
201,164
314,51
315,50
145,147,74
192,174
181,185
182,184
58,258,50
280,86
47,319
33,12,321
145,69,153
181,186
182,185
183,184
104,263
101,266
307,60
45,322
325,42
157,181,30
121,122,125
325,43
121,123,124
182,186
183,185
187,181
84,284
307,61
321,47
187,182
122,123,124
188,181
183,186
184,185
194,175
213,137,19
317,52
24,292,53
297,72
29,309,31
122,123,125
189,181
184,186
187,183
273,97
80,290
55,315
190,181
122,124,125
136,161,74
121,122,128
225,126,20
0,109,262
189,182
188,183
187,184
185,186
169,202
187,111,74
122,124,126
123,124,125
90,282
191,181
190,182
189,183
188,184
187,185
166,206
121,123,129
121,125,127
313,8,52
122,125,126
122,123,128
16,148,209
192,181
191,182
190,183
189,184
188,185
187,186
122,124,128
121,122,131
121,123,130
122,125,127
122,123,129
181,193
179,102,93
192,182
191,183
190,184
189,185
12,223,74,65
188,186
190,185
121,126,128
122,124,129
121,125,129
181,194
193,182
187,188
192,183
191,184
189,186
66,123,186
198,177
322,53
121,126,129
167,179,30
46,25,305
181,195
182,194
192,184
191,185
190,186
235,141
187,189
193,183
121,122,134
132,121,124
123,126,128
122,127,128
93,284
121,125,131
187,190
188,189
182,195
194,183
192,185
193,184
191,186
122,126,130
123,124,131
123,126,129
123,125,130
121,122,4,131
192,186
102,269,7
132,122,124
187,191
316,62
121,134,123
183,195
194,184
188,190
193,185
194,185
123,127,129
121,133,125
122,128,129
132,122,125
189,190
121,123,135
195,184
193,186
108,271
187,192
188,191
122,134,124
122,127,131
125,127,128
121,133,126
124,127,129
195,185
194,186
187,193
188,192
189,191
132,122,127
122,129,130
122,135,124
190,191
124,127,130
123,127,131
122,128,131
101,182,98
0,245,136
195,186
189,192
188,193
187,194
201,180
123,128,131
92,95,97,98
132,121,129
122,129,131
189,193
132,122,128
123,135,124
121,135,126
188,194
190,192
91,291
132,124,126
121,133,128
121,134,127
121,130,131
134,123,125
114,268
187,195
255,127
125,127,131
121,133,129
199,24,160
122,130,131
57,326
132,122,129
126,127,130
133,124,126
122,134,127
189,194
188,195
191,192
190,193
122,135,127
101,91,94,98
12,57,289,26
125,128,131
198,186
132,125,127
126,127,131
191,193
121,133,130
126,128,130
123,130,131
134,124,126
189,195
132,121,131
190,194
132,123,130
134,125,126
134,124,127
133,125,127
123,135,127
134,123,128
122,135,128
126,129,130
121,133,131
190,195
192,193
133,123,129
121,135,129
111,224,50
132,124,129
191,194
132,124,130
133,122,131
135,124,127
127,128,131
191,195
127,129,130
133,124,129
133,123,130
192,194
146,240
125,130,131
134,123,129
133,126,127
101,115,171
104,91,95,97
192,195
135,124,128
187,200
134,125,128
132,127,128
193,194
210,47,130
128,129,130
107,280
126,130,131
132,124,131
132,133,122
121,135,131
201,186
102,103,91,92
99,102,92,95
104,92,95,97
193,195
114,274
132,121,135
135,126,127
135,125,128
132,125,131
149,239
132,127,129
132,126,130
134,124,130
134,125,129
138,250
135,126,128
104,92,96,97
105,93,95,96
134,127,128
132,128,129
134,125,130
134,124,131
123,135,131
128,130,131
133,127,129
133,122,134
167,222
194,195
200,189
132,123,135
104,93,95,98
100,102,93,95
133,128,129
189,38,163
135,125,130
132,128,130
123,267
37,49,304
133,126,131
121,134,135
133,122,135
135,124,131
144,129,118
101,105,91,94
103,93,97,98
134,126,131
135,126,130
250,141
135,127,129
132,129,130
133,128,130
71,170,150
133,134,124
44,79,268
46,249,96
104,93,97,98
154,156,82
132,135,125
135,128,129
133,129,130
132,134,126
231,161
121,271
135,126,131
55,119,218
223,169
103,105,91,94
132,134,127
135,127,131
132,133,128
243,150
143,250
133,135,125
132,135,126
196,197
179,214
221,172
287,96,10
132,133,129
101,105,91,97
132,135,127
133,135,126
134,135,125
198,196
158,236
257,137
3,311,80
132,135,128
135,129,131
132,133,130
134,135,126
199,196
198,197
2,235,158
320,75
101,105,93,97
103,104,92,97
104,105,92,95
133,135,128
200,196
199,197
188,208
55,234,48,59
132,135,130
134,135,128
201,196
200,197
198,199
176,221
134,135,129
101,105,94,98
89,145,164
202,196
201,197
44,138,216
132,266
38,51,309
79,319
156,114,97,32
134,135,130
203,196
202,197
198,201
199,200
66,291,42
100,101,105,94
100,102,104,94
204,196
203,197
199,201
198,202
132,134,135
147,70,184
205,196
204,197
198,203
199,202
200,201
310,91
133,134,135
205,197
198,204
199,203
200,202
206,196
306,96
102,103,105,93
207,196
199,204
200,203
201,202
206,197
1,245,158
100,101,105,98
99,104,105,96
209,195
165,112,127
34,46,15,309
208,196
207,197
198,206
199,205
200,204
201,203
199,206
100,103,104,98
209,196
208,197
310,46,49
198,207
202,203
231,113,61
167,238
125,17,263
243,36,126
209,197
210,196
199,207
200,206
202,204
198,208
111,222,25,48
122,284
319,87
210,197
101,103,105,98
266,141
34,4,283,86
199,208
200,207
202,205
203,204
56,145,206
201,206
198,209
198,210
102,103,105,98
199,209
48,318,42
200,208
201,207
202,206
203,205
238,96,74
2,267,139
126,282
210,199
200,209
201,208
203,206
204,205
202,207
212,4,193
210,200
201,209
203,207
204,206
202,208
134,235,41
257,153
210,201
202,209
203,208
204,207
205,206
44,269,98
103,308
99,312
45,323,43
136,137,139
210,202
203,209
205,207
204,208
210,13,189
188,118,107
136,138,139
210,203
205,208
206,207
204,209
205,209
167,117,130
136,137,141
137,138,139
206,208
210,204
28,216,170
220,184,10
253,161
210,205
206,209
207,208
267,148
130,285
298,63,54
137,139,140
77,149,190
210,206
207,209
37,226,153
138,139,140
137,139,141
180,62,175
99,128,190
210,207
208,209
177,240
176,241
143,137,138
144,136,138
210,208
243,175
265,153
144,136,139
143,137,139
138,140,141
143,136,140
210,209
44,225,150
144,137,139
145,136,139
133,247,40
265,155
138,152,131
145,136,140
147,136,138
125,137,159
156,215,50
5,226,190
144,137,141
136,137,149
146,137,139
147,136,139
144,136,142
144,138,140
145,138,139
136,148,138
148,274
35,92,295
144,138,141
143,144,136
136,137,150
145,138,140
147,136,140
78,325,20
143,138,142
144,137,142
211,212
165,62,196
220,203
145,138,141
143,139,142
147,137,140
137,149,138
211,213
255,169
137,138,150
211,214
212,213
322,103
145,140,141
146,139,141
145,139,142
211,215
212,214
15,128,283
143,147,137
148,137,142
144,146,137
267,160
143,136,148
212,215
213,214
148,139,140
136,149,142
137,149,141
45,111,271
143,234,50
137,150,140
211,216
144,147,137
148,138,142
144,145,139
149,139,140
102,326
143,144,141
211,217
212,216
213,215
168,260
187,241
143,148,138
143,144,142
137,150,142
144,147,138
149,138,142
211,218
212,217
213,216
79,37,313
214,215
143,137,150
148,140,142
139,150,141
143,147,140
231,34,135,30
143,146,141
213,217
237,193
302,128
149,140,141
211,219
212,218
135,213,82
214,216
145,137,149
143,149,139
145,146,140
215,216
227,108,96
213,218
150,140,141
214,217
322,109
148,141,142
143,146,142
143,138,150
145,148,138
146,136,149
323,27,50,31
220,211
212,219
143,148,141
143,139,150
145,149,138
143,149,140
143,147,142
221,211
144,147,141
213,219
220,212
169,263
7,107,318
145,147,140
146,147,139
215,217
145,137,150
214,218
144,147,142
145,146,142
146,149,138
146,147,140
147,136,150
214,219
144,139,150
110,155,168
215,218
155,278
211,222
216,217
221,212
220,213
143,144,147
136,148,150
143,149,142
220,214
146,149,139
143,150,141
225,209
211,223
222,212
215,219
221,213
216,218
113,137,185
110,111,106,108
148,149,138
146,149,140
211,224
144,149,142
221,214
143,150,142
145,150,140
27,217,191
222,213
147,138,150
216,219
220,215
144,145,146
212,223
143,145,147
217,218
143,144,148
144,150,141
147,149,140
146,148,142
145,150,141
162,274
211,225
212,224
217,219
223,213
222,214
179,257
221,215
220,216
305,131
148,139,150
149,138,150
147,150,140
143,144,150
224,213
144,145,148
122,315
143,146,148
221,216
218,219
133,30,274
223,214
240,197
234,203
321,116
212,225
222,215
220,217
224,214
148,149,141
147,150,141
146,150,142
213,225
320,67,51
223,215
112,326
222,216
221,217
119,319
220,218
224,215
147,150,142
156,141,142
143,146,150
221,218
144,147,148
148,149,142
222,217
149,150,140
323,116
225,214
223,216
220,219
143,147,150
145,147,148
0,255,185
115,325
287,153
145,146,149
143,148,149
225,215
224,216
223,217
222,218
221,219
144,147,150
225,216
224,217
223,218
222,219
220,221
190,251
275,166
136,305
146,147,149
110,111,112,109
143,149,150
145,147,150
145,148,149
225,217
224,218
223,219
320,122
220,222
110,111,113,109
145,148,150
146,148,149
146,147,150
225,218
224,219
220,223
221,222
145,149,150
133,137,174
147,148,149
225,219
220,224
221,223
172,272
324,120
314,130
321,39,84
58,204,183
220,225
221,224
222,223
326,65,54
113,106,118,109
147,149,150
221,225
222,224
255,160,31
111,113,117,106
115,106,107,119
113,117,108,109
222,225
223,224
146,301
223,225
158,290
36,315,54,43
224,225
245,204
299,150
145,304
307,142
136,239,75
259,191
112,114,117,108
233,219
289,163
111,115,107,120
226,227
154,299
249,205
226,228
111,117,119,108
113,115,118,109
226,229
227,228
112,117,119,108
151,152,153
226,230
227,229
35,259,162
282,174
110,114,116,117
231,226
228,229
227,230
189,247,21
320,137
110,111,118,119
154,151,153
212,27,219
232,226
231,227
228,230
233,226
232,227
231,228
229,230
5,238,41,175
156,303
110,115,117,118
157,151,152
156,151,153
16,193,76,175
212,172,76
308,32,120
234,226
233,227
231,229
232,228
312,148
235,226
233,228
232,229
231,230
234,227
166,254,41
268,193
154,155,153
235,227
233,229
232,230
234,228
236,226
123,26,313
136,326
234,229
160,151,152
111,114,118,120
155,157,151
154,158,151
155,156,152
226,237
235,228
233,230
231,232
155,157,152
154,159,151
324,140
161,151,152
226,238
237,227
235,229
234,230
231,233
236,228
222,190,53
162,151,152
160,152,153
155,158,152
231,234
235,230
216,249
154,155,156
226,239
227,238
237,228
232,233
236,229
156,157,153
155,160,151
156,159,151
258,208
226,240
232,234
238,228
227,239
193,273
237,229
236,230
231,235
227,240
154,155,158
156,159,152
178,289
237,230
307,160
155,161,151
194,273
154,162,151
228,239
238,229
233,234
231,236
232,235
259,138,70
154,162,152
156,161,151
163,152,153
239,229
228,240
154,156,158
156,159,153
157,160,151
156,160,152
155,160,153
238,230
233,235
232,236
151,164,153
231,237
157,160,152
155,161,153
154,163,152
239,230
229,240
231,238
233,236
300,169
234,235
232,237
55,177,237
158,159,153
143,145,182
156,151,163
157,161,152
233,237
313,106,30,21
165,154,151
232,238
234,236
240,230
231,239
154,152,164
244,226
155,162,153
157,162,151
154,156,160
155,163,152
158,161,152
157,151,163
165,154,152
155,156,160
156,157,158
159,161,151
235,236
158,162,151
154,164,153
232,239
231,240
234,237
233,238
154,158,160
157,162,153
158,161,153
233,239
321,46,105
165,155,152
155,164,153
234,238
235,237
157,151,164
158,162,152
245,227
232,240
159,151,163
158,151,164
165,155,153
158,162,153
154,158,161
155,158,160
156,157,160
233,240
236,237
156,158,159
158,163,152
235,238
159,161,153
234,239
156,164,153
159,163,152
160,151,163
157,158,159
161,162,151
158,163,153
159,151,164
158,152,164
104,118,252
165,154,155
235,239
236,238
234,240
160,162,153
165,159,151
158,164,153
165,154,156
157,158,160
165,158,152
155,156,164
156,158,161
236,239
156,159,160
155,159,161
237,238
159,163,153
161,162,152
235,240
155,159,162
155,160,161
165,154,157
236,240
154,158,164
157,159,160
237,239
154,160,162
156,158,162
159,164,153
259,217
165,155,157
157,158,162
155,160,162
161,152,164
157,159,161
238,239
160,164,153
165,154,158
165,161,151
237,240
154,160,164
155,161,162
165,156,157
157,160,161
151,163,164
161,164,153
165,154,159
259,219
238,240
232,246
162,164,153
154,162,163
158,159,162
157,159,163
158,160,161
156,160,163
165,156,158
165,151,163
239,240
165,162,153
165,157,158
155,162,163
165,163,152
165,154,161
169,18,240,53
165,157,159
159,160,162
155,162,164
311,170
165,156,161
165,158,159
158,160,164
159,160,163
165,164,153
165,155,162
165,156,162
165,154,164
165,158,160
242,241
201,282
158,162,164
165,159,160
243,241
159,282,43
165,157,163
165,158,162
160,162,163
242,243
244,241
161,162,163
165,159,162
160,162,164
233,102,31,120
245,241
242,244
165,159,163
160,163,164
246,241
242,245
243,244
118,306,63
165,161,162
165,159,164
247,241
242,246
243,245
162,163,164
165,160,164
177,225,87
248,241
242,247
243,246
244,245
154,161,175
286,204
249,241
242,248
242,184,64
243,247
244,246
133,321,36
165,162,164
250,241
242,249
243,248
244,247
245,246
195,296
251,241
242,250
243,249
244,248
245,247
279,214
242,251
243,250
244,249
245,248
246,247
241,252
46,262,185
256,19,219
253,241
242,252
243,251
244,250
245,249
246,248
242,253
243,252
244,251
245,250
246,249
247,248
254,241
224,272
255,241
242,254
253,243
244,252
245,251
247,249
246,250
242,255
243,254
253,244
245,252
246,251
247,250
248,249
3,168,326
243,255
253,245
247,251
248,250
246,252
244,255
253,246
247,252
248,251
249,250
254,245
255,245
254,246
253,247
248,252
249,251
155,82,263
166,167,168
45,255,201
255,246
254,247
253,248
249,252
250,251
257,103,141
133,122,123,124
166,167,169
255,247
253,249
250,252
246,39,218
255,248
254,249
253,250
251,252
310,156,37
255,249
254,250
253,251
242,257,5
122,123,129,131
166,169,170
255,250
253,252
254,251
166,168,172
298,208
45,212,249
255,251
254,252
314,192
255,252
253,254
134,123,125,126
134,123,124,127
166,170,172
167,170,171
166,167,175
299,209
253,255
169,26,313
167,168,174
166,169,174
254,255
122,188,15,185
132,125,126,127
166,170,174
168,170,172
167,169,174
167,170,174
167,169,175
168,170,173
169,170,172
166,171,174
166,170,175
166,171,175
132,122,134,124
275,237
176,167,169
169,170,173
169,171,172
188,324
167,171,174
176,166,170
177,167,168
159,71,282
177,166,169
166,173,174
166,178,169
178,167,168
177,166,170
167,172,174
176,166,171
176,168,169
256,257
176,167,171
177,168,169
168,172,174
169,172,173
256,258
233,281
176,166,173
123,135,127,130
177,168,170
167,179,169
170,172,173
170,171,174
166,178,171
256,259
257,258
177,168,171
166,179,171
132,126,127,131
211,266,39
17,315,184
177,169,170
176,167,173
177,167,172
166,178,172
257,259
166,180,170
256,260
179,168,170
122,134,130,131
257,260
165,48,304
325,192
168,174,175
167,180,170
169,173,175
256,261
170,173,174
176,167,174
258,259
113,108,296
166,178,173
312,205
177,167,174
177,166,175
234,284
171,173,174
256,262
177,169,172
178,168,172
176,169,173
258,260
177,168,173
166,179,173
167,180,171
166,180,172
257,261
133,123,135,128
178,168,173
169,180,170
176,171,172
172,173,174
257,262
259,260
166,180,173
171,173,175
177,170,172
258,261
256,263
133,135,125,127
132,121,133,134
167,180,173
259,261
177,171,172
167,179,174
176,169,175
166,180,174
264,256
257,263
258,262
166,180,175
176,170,175
172,174,175
259,262
265,256
179,170,172
178,169,174
176,177,168
176,178,167
258,263
176,172,173
177,166,178
260,261
264,257
168,180,174
177,166,179
167,180,175
178,171,173
179,170,173
173,174,175
176,171,175
260,262
266,256
264,258
259,263
176,166,180
265,257
298,224
178,170,175
132,122,134,135
265,258
264,259
176,177,170
176,172,175
168,180,175
179,170,174
260,263
176,178,169
177,172,174
166,178,179
256,267
177,167,179
261,262
176,179,168
266,257
176,173,175
179,171,174
179,170,175
265,259
261,263
176,178,170
176,177,171
215,309
266,258
2,267,202,53
177,172,175
178,172,174
256,268
264,260
177,167,180
180,171,173
213,50,261
267,257
178,179,168
134,135,127,129
176,169,180
176,178,171
179,172,174
178,167,180
256,269
242,147,136
264,261
262,263
265,260
180,172,173
266,259
180,170,175
257,268
132,22,312,59
178,173,174
177,173,175
267,258
177,179,169
178,168,180
179,172,175
154,3,315,54
176,178,172
176,177,173
177,179,170
256,270
257,269
266,260
268,258
321,205
264,262
267,259
3,300,137,86
265,261
176,177,174
180,173,174
179,173,175
257,270
177,179,171
176,179,172
258,269
265,262
278,249
178,179,170
179,168,180
176,180,171
267,260
264,263
268,259
266,261
312,215
176,178,174
176,179,173
180,173,175
221,307
258,270
269,259
268,260
267,261
265,263
266,262
178,179,172
178,180,171
177,180,172
180,174,175
177,178,174
179,180,170
267,262
268,261
269,260
264,265
266,263
300,224,5
244,285
259,270
179,180,171
178,179,173
176,180,174
270,260
268,262
264,266
267,263
269,261
178,179,174
176,177,178
268,263
264,267
265,266
269,262
270,261
326,205
179,180,173
177,180,175
270,262
269,263
264,268
265,267
176,178,179
178,180,175
270,263
264,269
265,268
266,267
177,178,179
176,178,180
264,270
265,269
266,268
313,28,193
149,94,195,97
176,179,180
177,178,180
265,270
266,269
267,268
266,270
267,269
192,281,63
268,269
267,270
114,191,61,172
248,60,230
255,283
268,270
58,148,302,30
269,270
325,51,163
48,257,235
44,318,160,20
288,255
256,267,20
271,273
271,274
272,273
55,299,191
181,182,183
275,271
272,274
276,271
275,272
273,274
312,235
181,182,185
270,183,95
276,272
275,273
277,271
231,317
181,182,186
181,183,185
286,263
278,271
275,274
277,272
181,183,186
181,184,185
279,271
278,272
277,273
276,274
232,319
310,241
280,271
278,273
277,274
275,276
279,272
181,185,186
187,182,183
279,273
275,277
278,274
280,272
188,181,184
187,182,184
280,273
279,274
275,278
276,277
281,272
282,271
187,182,185
187,183,184
271,283
282,272
281,273
280,274
275,279
276,278
191,181,183
187,183,185
190,182,183
126,190,239
271,284
272,283
281,274
277,278
282,273
275,280
190,181,185
189,181,186
187,188,181
275,281
191,181,184
192,181,183
271,285
277,279
272,284
283,273
276,280
282,274
233,51,273
181,182,194
275,282
191,182,184
189,182,186
187,184,186
277,280
276,281
143,255,159
272,285
273,284
288,218,51
283,274
278,279
189,184,185
187,188,183
187,190,181
187,189,182
191,182,185
273,285
278,280
284,274
276,282
275,283
277,281
188,185,186
188,189,182
187,189,183
190,183,186
278,281
279,280
187,191,181
274,285
275,284
276,283
277,282
182,183,195
181,195,184
192,183,185
189,185,186
187,188,185
187,190,183
278,282
188,191,181
275,285
242,318
279,281
276,284
277,283
190,185,186
189,190,182
194,183,184
187,190,184
181,194,186
280,281
276,285
277,284
187,192,182
187,191,183
188,190,183
193,183,185
182,194,185
278,283
279,282
183,195,184
187,190,185
189,192,181
279,283
278,284
187,193,182
188,191,183
189,190,183
189,191,182
280,282
277,285
190,191,181
188,192,182
280,283
188,190,185
188,181,194
187,192,184
188,192,183
194,183,186
194,184,185
278,285
281,282
279,284
188,192,184
187,182,195
183,195,186
281,283
187,191,186
22,233,309
279,285
189,181,194
189,191,184
187,192,185
188,190,186
189,193,182
188,191,185
190,191,183
280,284
189,191,185
195,184,186
188,194,183
281,284
187,192,186
187,194,184
189,181,195
166,238,161
190,191,184
191,192,182
190,181,194
188,193,184
282,283
191,181,193
280,285
144,146,137,139
188,194,184
148,138,139,141
187,195,184
254,160,152
195,185,186
281,285
189,191,186
187,189,190
190,181,195
282,284
190,192,184
189,182,195
188,195,184
188,189,190
189,194,184
191,192,184
187,195,185
276,271,20
282,285
283,284
188,195,185
187,195,186
188,189,191
189,195,184
187,190,191
192,182,194
275,293
283,285
189,193,186
188,194,186
268,148,152
144,137,149,139
190,194,185
187,190,192
192,194,183
187,189,193
192,193,184
189,194,186
284,285
189,71,309
193,194,183
181,194,195
144,137,149,141
147,137,149,138
191,195,185
187,191,193
193,183,195
44,265,4,258
264,307
143,148,139,142
194,183,195
192,195,185
188,191,193
187,191,194
187,192,193
193,195,184
321,219,32
143,148,140,142
147,136,149,141
188,190,195
188,191,194
190,191,192
192,195,186
188,192,193
286,287
193,195,185
194,195,184
187,191,195
188,191,195
145,147,140,142
187,193,194
189,192,193
188,192,194
189,191,194
193,195,186
189,190,195
286,288
189,191,195
190,191,194
190,192,193
194,195,186
287,288
286,289
280,295
148,149,139,140
145,146,136,149
191,192,193
189,192,195
287,289
286,290
190,193,194
189,193,195
190,192,195
286,291
287,290
288,289
191,193,194
189,194,195
191,192,195
286,292
288,290
287,291
145,147,148,139
191,193,195
289,290
288,291
287,292
286,293
191,194,195
192,193,195
287,293
288,292
289,291
286,294
143,147,150,141
192,194,195
286,295
287,294
289,292
290,291
193,194,195
286,296
287,295
289,293
290,292
288,294
297,286
144,148,149,142
287,296
288,295
289,294
55,289,239
290,293
242,299,42
313,270
286,298
288,296
289,295
290,294
291,293
297,287
148,149,138,150
286,299
298,287
297,288
289,296
291,294
292,293
290,295
286,300
287,299
298,288
297,289
290,296
291,295
292,294
258,203,96,30
287,300
288,299
298,289
293,294
292,295
297,290
288,300
299,289
298,290
297,291
292,296
293,295
289,300
299,290
298,291
297,292
293,296
294,295
300,290
299,291
298,292
294,296
297,293
299,292
297,294
295,296
300,291
299,293
298,294
297,295
300,292
278,315
300,293
299,294
298,295
297,296
198,200,196
201,196,197
220,110,5,259
300,294
299,295
298,296
221,48,325
198,200,197
198,201,196
300,295
299,296
297,298
198,202,196
199,201,196
198,201,197
287,309
300,296
297,299
198,199,200
199,202,196
199,201,197
198,202,197
24,289,284
297,300
298,299
287,310
199,203,196
205,196,197
298,300
198,199,202
200,203,196
198,200,201
299,300
322,190,87
200,203,197
200,204,196
201,202,197
318,282
307,293
198,207,196
198,206,197
201,203,197
202,203,197
198,208,196
199,206,197
201,204,197
200,205,197
198,207,197
199,200,204
199,201,203
198,200,205
201,206,196
202,205,196
301,302
198,201,205
201,207,196
203,204,197
199,201,204
199,209,196
198,202,204
301,303
200,208,196
199,202,203
199,200,205
199,208,197
201,208,196
199,209,197
204,205,196
198,200,207
198,210,197
301,304
302,303
198,199,209
210,199,197
200,202,204
201,202,203
201,208,197
301,305
202,208,196
315,291
297,309
302,304
199,201,207
205,206,196
200,201,206
203,208,196
200,203,204
210,200,197
301,306
303,304
302,305
199,201,208
204,207,197
301,307
203,208,197
199,204,205
205,207,196
204,208,196
198,201,209
198,210,200
303,305
302,306
199,201,209
200,204,205
203,209,197
302,307
303,306
198,210,201
301,308
201,202,206
198,202,209
166,188,255
204,209,196
198,205,206
304,305
198,204,207
205,208,196
198,203,209
205,208,197
304,306
301,309
199,205,206
202,203,205
201,204,205
303,307
204,209,197
302,308
210,203,197
198,210,202
254,313,43
202,203,206
201,204,206
198,205,208
200,205,206
199,205,207
206,208,197
302,309
305,306
304,307
310,301
199,206,207
198,206,208
207,209,196
198,210,204
210,205,197
311,301
310,302
303,309
304,308
59,227,326
305,307
198,207,208
202,203,208
199,206,208
210,207,196
305,308
202,204,207
312,301
299,314
311,302
310,303
306,307
304,309
200,206,208
199,207,208
311,303
201,206,207
198,207,209
305,309
310,304
200,205,209
208,209,197
198,210,206
306,308
301,313
312,302
202,206,207
203,204,208
210,209,196
210,199,206
307,308
210,200,205
198,210,207
313,302
311,304
301,314
312,303
306,309
203,204,209
199,208,209
312,304
202,205,209
201,207,208
200,207,209
210,200,206
311,305
302,314
198,210,208
301,315
310,306
313,303
307,309
210,201,206
203,206,208
210,199,208
308,309
302,315
314,303
313,304
312,305
311,306
310,307
201,208,209
203,207,208
205,206,207
210,202,206
210,201,207
303,315
313,305
312,306
314,304
311,307
121,194,130,174
202,208,209
311,308
210,204,205
204,207,208
210,203,206
210,200,209
312,307
304,315
314,305
313,306
310,309
155,156,157,152
156,161,151,152
210,204,206
204,207,209
314,306
312,308
311,309
313,307
315,305
206,207,208
210,203,208
205,207,209
315,306
314,307
312,309
310,311
313,308
157,162,151,152
206,207,209
210,205,207
205,208,209
315,307
314,308
313,309
310,312
155,151,164,153
210,205,208
210,204,209
206,208,209
315,308
314,309
310,313
311,312
315,309
311,313
165,157,151,152
210,206,209
311,314
312,313
310,315
210,207,209
311,315
312,314
323,303
210,208,209
312,315
313,314
154,158,163,153
313,315
314,315
321,308
155,160,162,153
156,158,152,164
315,316
324,307
158,159,163,152
154,156,161,162
316,317
165,158,160,151
155,162,164,153
316,318
316,319
317,318
320,316
317,319
165,154,158,160
211,212,214
323,314
321,316
320,317
318,319
165,154,155,164
211,213,214
312,9,317
321,317
320,318
322,316
156,159,160,164
323,316
322,317
321,318
320,319
211,214,215
324,316
323,317
322,318
321,319
211,212,218
211,214,216
325,316
324,317
323,318
322,319
320,321
213,214,215
211,214,217
212,213,217
211,212,219
326,316
325,317
320,322
323,319
324,318
212,213,218
211,213,219
211,215,217
326,317
325,318
324,319
320,323
321,322
165,157,159,163
212,213,219
213,215,216
212,215,217
211,216,217
221,211,212
321,323
326,318
325,319
320,324
211,216,218
211,222,212
220,211,214
214,215,216
326,319
320,325
275,320,50
321,324
322,323
160,161,162,163
221,211,214
211,222,213
214,215,217
320,326
321,325
322,324
165,158,160,164
211,212,224
222,212,213
221,211,215
321,326
322,325
323,324
220,213,215
213,216,219
221,211,216
212,217,219
322,326
323,325
133,134,126,127,129
212,224,213
214,217,218
323,326
324,325
221,211,218
221,212,217
211,223,216
212,223,215
220,214,216
324,326
215,217,218
215,216,219
212,213,225
211,222,217
222,212,216
221,211,219
212,225,214
222,213,216
211,224,216
221,213,217
220,212,219
211,225,215
325,326
222,212,218
221,212,219
220,215,217
215,218,219
211,223,218
221,213,218
213,225,214
222,213,218
212,224,217
224,214,215
220,216,217
220,211,222
220,221,212
222,214,217
223,214,216
212,225,216
223,213,217
221,211,222
220,222,212
224,214,216
223,213,218
220,221,213
222,214,218
221,216,218
211,225,219
222,214,219
223,214,218
212,224,219
212,225,218
220,211,225
221,212,223
224,213,219
222,216,218
221,216,219
222,215,219
223,215,218
223,215,219
220,212,225
221,217,219
220,221,216
221,222,214
224,216,217
132,134,135,127,130
222,212,224
225,214,219
221,223,214
224,215,219
221,224,213
220,221,217
221,222,215
225,215,218
211,222,225
222,223,213
222,212,225
222,223,214
220,222,217
221,213,225
221,224,214
221,223,215
222,224,213
225,216,218
67,321,271
223,224,213
222,224,214
220,224,216
224,217,219
221,224,215
220,223,217
220,224,217
225,217,219
222,223,216
221,223,217
221,224,216
223,224,214
220,225,216
223,213,225
212,224,225
223,225,214
225,218,219
221,222,219
221,225,216
221,223,218
221,224,217
224,213,225
222,223,218
221,223,219
224,225,214
221,225,217
220,221,223
221,225,218
224,225,216
222,224,219
221,225,219
220,221,224
222,225,218
222,225,219
223,225,218
224,225,217
224,225,218
220,222,225
220,223,224
295,241,131
257,137,273
220,223,225
221,223,224
222,223,224
221,224,225
222,223,225
266,79,325
222,224,225
11,317,292,51
321,299,51
224,171,283
88,295,296
177,166,167,171
226,227,229
166,170,173,175
226,228,230
177,167,169,172
226,229,230
232,226,227
193,262,230
231,226,229
177,167,168,175
232,227,228
325,192,170
176,177,167,168
232,226,230
232,227,229
234,226,228
231,228,230
234,227,228
236,226,228
231,232,227
234,226,230
226,237,227
233,228,230
234,227,230
231,233,227
236,226,229
233,229,230
231,235,226
231,232,229
232,233,227
232,234,226
226,238,228
215,216,261
237,227,229
236,227,230
226,238,229
231,233,229
231,232,230
232,235,226
231,235,227
178,170,172,174
166,180,173,175
231,236,227
227,228,239
237,227,230
231,226,237
236,228,230
227,238,229
231,233,230
232,234,228
232,233,229
231,235,228
235,229,230
179,170,171,175
169,180,172,174
226,229,240
232,235,228
233,235,227
233,234,228
234,235,226
236,229,230
231,226,239
234,235,227
231,227,238
227,229,240
231,237,228
231,232,233
233,234,229
232,236,228
232,227,238
233,234,230
233,235,229
228,229,240
169,180,174,175
239,229,230
234,235,229
231,227,240
234,236,228
231,232,235
233,227,238
232,227,239
231,239,229
231,233,235
233,236,230
232,233,234
234,237,228
235,237,227
232,237,230
232,228,239
235,227,238
231,234,235
234,238,228
233,228,239
231,232,238
232,229,240
232,239,230
231,234,236
226,237,238
236,237,228
236,227,238
231,235,236
236,226,240
233,239,230
234,239,229
232,234,236
231,233,238
235,227,240
231,232,239
235,237,230
237,227,238
226,237,239
234,238,230
235,238,229
236,238,229
233,234,236
236,228,239
235,239,229
233,240,230
237,238,229
232,234,238
231,235,238
232,235,238
236,239,230
237,228,240
231,235,239
226,239,240
237,239,230
231,236,239
232,236,238
234,235,237
323,246,137
237,240,230
233,234,240
234,236,237
238,229,240
231,238,239
234,235,239
233,237,238
233,235,240
231,237,240
238,240,230
239,240,230
233,236,240
234,237,238
235,236,238
232,237,240
232,238,239
234,237,240
235,236,240
233,239,240
236,237,240
236,238,239
235,239,240
237,238,239
236,239,240
237,239,240
135,300,292
242,247,241
242,244,245
243,244,245
243,248,241
245,247,241
244,248,241
243,249,241
242,241,252
242,244,249
244,245,246
245,249,241
242,246,247
242,243,251
243,241,252
246,250,241
243,244,250
243,245,249
245,251,241
244,246,247
242,247,248
247,249,241
243,254,241
242,245,251
245,246,247
246,251,241
242,246,250
242,244,252
242,247,250
244,246,249
245,246,248
243,246,250
243,247,249
242,248,249
242,245,252
254,245,241
253,246,241
243,245,252
243,246,251
244,247,249
244,246,250
244,246,251
243,246,252
243,248,250
245,247,249
242,248,251
254,246,241
255,245,241
253,248,241
188,190,181,183
243,247,252
243,244,255
243,254,245
253,244,245
253,243,246
245,247,250
245,246,251
245,248,250
181,194,183,185
262,251,230
246,247,250
244,247,252
242,253,248
244,248,251
250,241,252
255,247,241
253,244,246
254,248,241
244,249,251
253,250,241
254,244,246
246,248,250
243,249,252
251,241,252
244,248,252
242,254,248
255,248,241
245,248,252
242,254,249
244,249,252
243,250,252
253,243,249
253,245,247
254,244,247
244,255,246
242,253,251
255,250,241
246,249,251
247,248,251
255,245,246
253,245,248
245,249,252
243,251,252
247,249,250
253,243,250
245,250,251
254,244,248
188,191,182,186
191,192,181,183
254,241,252
253,245,249
242,254,251
247,248,252
322,316,109
188,191,184,185
243,255,250
243,254,251
247,250,251
253,244,251
253,254,241
255,246,247
190,181,194,184
243,254,252
253,244,252
253,246,250
242,253,254
254,245,250
253,243,254
249,250,251
244,255,251
243,255,252
253,246,251
242,253,255
187,188,190,186
254,245,252
253,246,252
255,247,249
249,250,252
254,247,250
253,248,251
253,247,252
253,244,255
243,254,255
255,248,250
255,247,251
253,248,252
253,254,246
254,247,252
187,192,193,182
253,254,247
255,249,250
253,250,251
187,191,194,183
255,248,252
254,255,246
253,251,252
253,254,249
255,249,252
189,192,182,194
188,192,194,183
189,192,181,195
254,255,248
189,192,193,184
254,255,249
253,255,250
254,255,250
253,254,252
190,192,195,184
254,255,252
190,194,183,195
187,190,192,193
189,193,195,186
313,203,249
193,194,195,186
256,257,261
256,257,262
256,258,262
256,260,262
264,256,259
266,256,258
264,257,259
259,260,261
256,261,263
257,261,262
257,260,263
265,256,260
266,256,259
264,257,260
257,261,263
256,257,269
265,258,259
259,260,263
259,261,262
264,256,263
257,268,258
258,262,263
256,258,269
256,268,259
260,261,262
154,157,159,151,163
256,269,259
264,259,261
260,261,263
266,256,262
267,257,260
266,257,262
257,269,259
265,259,261
264,259,262
264,258,263
264,260,261
267,257,261
268,258,259
256,259,270
257,269,260
266,259,261
264,260,262
266,258,262
261,262,263
266,257,263
267,259,260
258,269,259
265,266,256
266,260,261
264,256,267
268,259,260
257,270,260
258,259,270
257,268,263
257,269,262
268,259,261
268,258,262
265,256,267
264,266,259
256,270,263
265,266,258
269,259,261
266,261,262
267,260,262
266,260,263
264,262,263
258,269,262
265,261,263
269,260,261
267,261,262
264,266,260
268,259,263
265,257,268
269,259,262
269,259,263
265,256,270
266,256,269
264,267,260
270,260,261
264,257,270
264,265,263
265,267,260
266,267,259
270,260,262
264,266,262
266,256,270
264,269,259
267,262,263
264,267,261
266,268,258
265,267,261
256,268,269
267,257,269
267,268,258
266,268,259
265,268,260
270,260,263
265,258,270
256,267,270
267,257,270
266,268,260
265,266,263
265,269,260
266,269,259
266,267,261
265,268,261
268,258,269
267,268,260
266,268,261
265,267,263
265,270,260
266,269,260
266,259,270
257,268,270
266,269,261
265,270,261
265,268,263
267,269,260
267,259,270
268,258,270
266,268,263
266,270,261
264,266,267
266,269,262
198,199,204,197
267,268,263
268,269,261
266,270,262
211,57,245,285
266,270,263
264,266,269
288,203,248,60
267,270,263
268,270,262
268,269,263
199,200,205,197
265,267,269
264,267,270
268,270,263
199,200,207,196
264,268,270
266,267,269
265,268,269
200,201,206,196
266,267,270
266,268,269
265,269,270
266,268,270
266,269,270
199,200,203,206
198,199,204,207
198,200,204,207
200,201,204,206
210,200,206,196
198,210,201,203
201,207,208,196
198,210,200,205
210,199,209,196
210,199,203,204
198,210,203,205
210,202,209,197
275,271,272
275,272,273
210,201,202,208
202,204,207,209
202,203,208,209
277,271,274
276,272,274
275,277,271
202,206,207,209
278,272,274
275,278,271
279,272,273
280,271,273
276,278,271
279,272,274
276,277,273
281,272,273
277,278,272
271,272,284
280,273,274
276,277,274
276,279,272
281,272,274
282,272,274
272,283,273
281,273,274
277,280,271
275,276,277
278,279,271
276,278,274
210,203,207,209
275,282,272
277,279,273
275,280,274
276,282,271
272,283,274
271,273,285
272,284,274
275,281,274
277,280,273
275,277,278
277,279,274
277,281,272
275,282,273
276,272,283
278,282,271
273,284,274
272,274,285
278,279,274
278,280,273
277,281,273
276,282,273
276,271,284
275,271,285
277,271,284
278,282,272
275,273,284
276,271,285
277,281,274
275,283,274
273,274,285
275,272,285
279,281,273
276,278,279
275,278,280
279,280,274
280,281,272
278,271,284
278,283,273
276,277,281
277,273,284
275,277,282
278,282,274
278,272,284
276,273,285
281,282,272
275,279,281
276,277,282
277,278,280
279,271,285
279,283,273
281,282,273
281,271,284
278,284,274
276,277,283
278,273,285
275,278,283
277,279,280
280,271,285
276,279,281
280,272,284
280,273,284
278,274,285
281,282,274
277,279,281
276,280,281
281,271,285
282,272,283
280,283,274
313,273,252
279,274,285
280,284,274
278,279,281
282,271,285
277,278,283
276,279,283
282,272,284
275,279,285
282,283,274
280,274,285
278,279,282
276,280,283
282,273,284
275,280,284
276,279,284
282,272,285
271,283,285
278,280,282
282,273,285
277,281,282
279,280,281
275,282,283
283,273,284
277,279,284
276,280,284
271,284,285
282,274,285
276,280,285
278,280,283
283,284,274
272,284,285
279,280,283
277,282,283
276,282,284
275,283,284
283,274,285
277,282,284
279,281,283
276,283,284
284,274,285
278,280,285
279,280,285
278,282,284
276,283,285
279,281,285
279,282,284
277,283,285
280,281,284
279,283,284
280,281,285
281,282,283
279,282,285
279,283,285
281,282,285
281,283,284
280,283,285
282,283,284
286,287,288
286,288,289
286,287,292
286,287,293
287,289,290
212,224,213,218
288,289,290
286,288,293
220,221,211,216
286,287,295
286,288,294
286,290,292
286,288,295
213,225,214,218
211,225,216,218
287,290,293
286,289,295
288,290,293
288,289,294
286,291,294
220,211,222,219
289,291,292
286,291,295
288,289,295
286,290,296
286,291,296
221,222,214,216
221,215,218,219
286,287,300
287,291,295
287,292,294
288,289,296
297,287,289
289,291,293
289,291,294
287,292,295
287,293,294
288,290,296
286,298,290
289,290,296
220,221,211,223
211,223,225,216
298,287,290
290,292,293
289,292,294
286,294,295
286,289,300
287,292,296
287,299,289
298,288,290
289,291,296
290,292,294
291,292,293
286,294,296
297,288,291
298,287,291
288,299,289
288,293,296
225,216,217,219
224,216,218,219
287,294,296
288,294,295
288,289,300
290,292,295
298,288,291
286,299,292
286,295,296
297,289,291
224,213,225,216
221,213,225,219
288,294,296
297,289,292
298,287,293
299,289,290
223,224,214,218
299,289,291
290,294,295
298,290,291
297,289,293
286,300,293
298,287,294
291,293,295
297,286,296
299,290,292
290,295,296
297,291,293
292,294,295
297,286,298
286,300,295
300,290,291
288,300,293
223,225,215,219
222,223,224,213
298,289,295
297,286,299
297,290,295
297,291,294
287,299,296
288,300,294
298,291,294
221,223,224,215
292,295,296
299,291,293
289,300,294
298,290,295
297,291,295
297,298,288
300,290,293
300,290,294
298,291,295
299,292,293
289,300,295
297,292,295
300,291,293
297,299,289
299,290,296
298,291,296
300,292,293
297,288,300
298,287,300
297,289,300
298,299,289
299,291,296
300,292,294
223,224,225,215
298,294,295
298,299,290
299,289,300
298,300,290
297,299,292
299,294,295
220,221,223,225
299,300,290
299,294,296
300,293,296
297,299,293
300,294,296
299,295,296
298,299,293
297,300,294
299,300,292
298,300,294
297,300,295
297,299,296
298,299,296
297,298,299
301,302,304
301,302,305
301,303,305
301,304,305
301,302,308
301,303,307
301,305,306
301,304,307
301,303,309
303,305,306
301,304,309
302,304,308
301,305,308
302,305,308
303,305,307
310,301,304
310,302,304
302,306,308
303,306,307
304,305,307
303,304,309
302,306,309
312,302,303
310,302,305
304,306,307
301,307,309
234,227,228,229
312,301,305
305,306,307
301,314,303
312,301,306
304,307,308
310,303,306
311,302,306
311,301,307
302,314,303
301,314,304
301,304,315
312,303,305
311,303,306
311,301,308
305,306,309
310,302,308
301,314,305
302,314,304
301,314,306
313,303,305
312,304,305
311,301,309
301,313,307
302,304,315
302,315,305
313,303,306
306,307,309
311,304,307
310,304,308
311,305,306
312,303,307
312,304,306
301,315,306
314,304,305
310,312,301
311,303,309
306,308,309
314,303,306
313,302,308
311,304,308
312,305,306
301,314,308
231,237,227,229
231,227,238,228
231,232,233,228
310,301,313
302,315,307
313,303,308
314,303,307
313,305,306
301,314,309
233,236,226,230
314,303,308
303,315,307
313,304,308
302,314,309
301,315,309
310,313,302
312,304,309
310,313,303
313,305,308
311,306,309
311,301,314
310,301,315
303,315,309
311,312,304
314,306,307
313,306,308
312,307,308
310,311,306
310,312,305
311,302,314
235,237,227,229
312,307,309
311,308,309
313,306,309
315,305,308
311,302,315
231,232,227,239
235,236,228,230
312,302,315
315,306,308
310,312,307
310,304,315
232,233,226,239
313,314,303
310,314,306
314,307,309
311,312,307
311,313,306
301,314,315
311,304,315
231,232,239,229
234,238,229,230
232,233,238,228
313,303,315
311,315,305
310,314,307
311,313,307
311,314,306
302,314,315
310,315,307
311,314,307
310,314,308
315,308,309
226,238,229,240
231,226,237,239
233,235,226,239
313,315,305
310,311,312
311,313,309
314,304,315
312,315,306
232,237,227,238
232,226,237,239
312,313,309
314,315,305
313,314,307
310,315,309
310,311,314
313,314,308
231,232,233,240
233,236,228,239
314,315,307
310,311,315
231,227,239,240
231,233,234,240
311,312,315
234,238,228,239
310,314,315
312,313,315
311,314,315
312,314,315
233,235,236,238
316,317,318
316,317,319
320,316,317
316,318,319
321,316,317
320,316,318
320,316,319
322,316,317
320,317,318
321,316,319
322,316,318
323,316,317
324,316,317
322,316,319
320,321,316
323,316,318
324,316,318
323,317,318
320,322,316
321,322,316
320,322,317
326,316,317
322,318,319
324,317,318
320,321,318
323,317,319
325,316,318
321,323,316
325,317,318
320,322,318
320,321,319
325,316,319
326,316,318
326,316,319
325,317,319
326,317,318
320,325,316
322,323,316
321,323,317
324,318,319
320,324,318
326,317,319
321,324,317
325,318,319
321,323,318
321,322,319
321,325,316
320,323,319
322,324,316
320,326,317
322,325,316
322,324,317
320,325,318
321,323,319
320,321,322
322,323,318
321,324,318
321,325,317
322,325,317
323,325,316
320,325,319
321,325,318
322,326,316
323,324,317
322,323,319
320,321,323
321,326,317
322,324,318
321,324,319
323,325,317
320,326,319
320,321,324
321,325,319
323,326,316
323,324,318
324,325,316
323,325,318
322,325,319
320,321,325
323,326,317
321,326,319
323,326,318
324,325,318
320,322,325
320,321,326
321,322,324
324,326,317
322,326,319
325,326,317
321,323,324
320,323,325
321,322,325
324,326,318
325,326,318
321,322,326
321,323,325
322,323,324
324,326,319
320,323,326
322,323,325
321,323,326
320,324,326
325,326,319
321,324,325
322,324,325
322,323,326
320,325,326
242,244,245,241
321,325,326
322,324,326
323,324,326
322,325,326
323,325,326
324,325,326
243,246,248,241
242,243,247,248
242,243,246,249
242,243,245,251
254,245,246,241
243,245,249,251
243,246,249,251
253,247,248,241
255,246,249,241
253,244,246,248
253,244,255,241
255,247,250,241
243,254,247,250
255,248,241,252
247,249,250,251
253,254,249,241
254,245,246,252
253,254,250,241
243,255,249,252
255,246,249,251
253,254,255,247
253,254,255,251
258,259,260,261
266,257,258,259
265,256,257,263
256,267,260,261
264,258,260,262
268,258,259,260
265,267,257,258
265,257,268,258
256,267,257,269
264,265,260,261
266,256,269,260
265,256,269,261
256,268,258,269
264,265,266,259
264,265,257,269
264,269,260,263
264,267,257,268
264,266,257,269
265,256,267,269
264,270,262,263
264,267,270,261
267,268,270,262
276,277,271,272
276,277,273,274
276,271,272,284
277,271,284,274
276,280,282,272
277,281,282,271
278,279,271,284
281,282,273,285
278,279,280,285
279,280,281,283
277,281,282,283
276,280,284,285
276,281,284,285
279,281,282,284
277,281,284,285
279,281,284,285
279,282,284,285
286,288,290,293
286,287,293,294
232,235,227,238,229
287,288,291,295
287,289,292,294
287,291,292,296
288,291,293,294
287,288,300,292
288,289,295,296
287,288,300,293
288,290,295,296
298,287,290,295
298,288,290,296
297,289,293,294
299,290,291,296
291,294,295,296
289,300,292,296
299,290,292,296
297,289,295,296
297,298,291,296
297,299,294,296
312,302,304,305
302,314,304,306
312,301,306,307
310,304,305,308
312,301,306,309
312,301,313,302
313,304,305,307
310,313,302,309
310,313,304,309
243,245,247,250,252
242,253,255,246,241
312,313,314,304
310,312,315,308
321,316,317,318
320,321,316,317
320,321,317,319
322,323,316,317
320,326,316,317
320,325,316,318
321,325,316,318
322,325,316,319
322,326,316,318
322,324,318,319
320,323,326,316
323,325,318,319
324,326,317,318
320,322,325,319
321,322,325,319
322,323,326,316
321,324,325,318
322,323,324,319
320,321,322,326
320,323,324,325
324,325,326,319
297,298,287,300,294
