0,1
2,3,4,5,6,7,8,9,10
11,12
13,14,15,16
17,9,18
19,20
21,19
17,15,1
22,23
24,25,26
25,26,13
27,28
29,5,30
31,32,0
11,33
8,34,35
36,24,11
37,38
39,40,34
41,42
43,44
45,46
5,37,47
48,49
50,5
51,32,52,22
21,53
29,5,50,54,30,41
54,18
5,55
28,13
54,39
56,57,58
58,59,56
38,60
61,53,62,6,5,16,36,39,37
63,23
12,64
65,66
67,29
17,0,66,68,3
31,16,14
27,67
5,29,30
29,69
70,62,31,71,64
7,72,4
60,73,74
75,13
19,37
1,76,52
64,3,63,61,77
78,79,65
65,12,64
80,81,16,68,82,31,14
56,58,33,65,59
82,31
83,84,69,47,5
39,60,8
25,27,3
49,17
19,41
63,27
26,28,27,85,13,24,86,78,87,88,25
70,33,12,66,59,89
61,90,34
16,79
41,7
26,79
54,30,29,67,41
36,9,87,71,91
3,9,92,10
66,11
84,67
55,19
34,93
74,94,95
85,96
17,31,0,3
95,61,39,8,45
33,65,12
40,97,45
2,98
19,74
16,0,99,14
78,100
63,101
60,102
103,40
24,21
30,63
16,92
46,35,50,63,104,105,39,44,8,34,7,45,4,5,106
63,99,51,106,81,107
3,49,82,31
26,36
26,62
87,14,8,60,7,95,21,17,108
48,82
84,30,109,5,19,63,51,110
32,3,24,17,92
78,88,28
28,65,58,100,87,11,36,27,13,78,25
0,31
79,75,16
73,41
19,38,55
44,40
74,90
17,91,3,0,87,6,13,99,57,86,111,88,25,81,107,78,79,70
43,41
18,80,13
95,34
58,1
68,32
112,60,77,98,113,39
114,115,72,40
55,19,51
107,6
16,14
21,78
116,60
86,25
34,61
29,63
67,80
39,29,50,44,35
7,5
50,117,41
41,52
82,68,32
32,60
45,90,118
54,32
86,41,32,1,119,107,7,16
103,4,116,120,30,117,19,29,44,41,5,63
121,85,100,26,87,25,13,86
28,51
27,122
11,65
91,13,78
52,29
81,1,10
75,79
44,7,104,38,19,52,93,96,30,69,55,5
25,82,107,18,123
124,81,82
25,124,87,92
41,77,97,5
41,30,103,7,52,63
75,79
8,112,77,60,113,39
61,34,42,2
60,19
27,93,16,25,49,81
19,34
125,46,73,75
99,81
56,82
69,34
26,34
39,126
81,6
5,29
74,103,8,40,94,54,72,61
44,98
94,74
86,78
82,16
97,39
5,69
2,34
61,45
92,39
110,51,96,55,7,19
100,3
16,41
39,42
32,14,82,111,16,31,79
127,87
34,114,61
18,48,22,1,17
3,57
25,87
25,87
71,93
110,28,7
78,100
14,31
32,5
70,65,122,12
69,5
65,89,66,64,12
0,81
113,60,63
70,28
3,92,10
21,82,60,16,122,15,51
34,98,113,73
103,79
34,94
9,3
65,33,59,64
128,40
53,127
114,94
21,122,25,85
5,69,41
10,63
68,82,31,32
2,102
124,81,122
78,26
23,102
29,30
32,69
32,82
51,20
104,37,5,69,77
38,41
7,106
129,15,92,18
130,5,131,41,14,55,32
16,107
48,0
82,123
92,3,48
108,9
112,98
19,36
7,63
97,53
40,74
31,21
92,55,19
46,3
69,43,5
75,77,5
74,45
25,85,28,88
13,86
11,26
39,98,73
7,55
44,115
65,91
16,33,92
41,63,67
13,64
110,55
87,130
82,99,75,31
10,82,99
9,92
8,34
3,25,125
4,7
16,28
111,32,21
24,111
91,89,12,64,65,11
123,71
3,25
12,57
5,41
41,55,63,73
99,79
23,103,109
85,87
59,55
25,64,24
132,18
5,84
133,110,114
22,18
25,59,86
32,82,81,71,111
100,58
58,125,70,66
33,65
0,16
39,11
102,126
29,2,63
43,5,93,50
76,28
78,86,88,79,85
79,24
39,34,113
50,105,67,113,8,20,114
63,5,50,55,67,41,47
52,41,116
23,19,51
45,92
25,11
28,88
74,101
64,125,25
92,10,22
12,5
73,55
58,41,50
29,84,93
65,91
1,18
61,34
18,92,31
82,32,68
91,6
122,33,32
2,14
35,106
35,115
88,0
88,21,37,28,99,104
13,134
6,1,99
60,38
73,31
3,92
79,25,15,7,34,63
3,31,27
62,28
33,28
110,25
76,22,49
5,24
13,63
2,73
85,26,86,25
13,21
58,57
95,60
65,99
121,36,0
13,39
3,11,75
39,2
122,58
79,9,17
67,111,88,100,18,23,99
62,135,88,78,21,24,28,27,36
50,104
38,44,63,103,136
26,86
83,5,30,29
66,12
80,0,33
65,12
113,109
91,33,12
61,90,2,63
17,79,47,90,75,110,23,2,34,39
71,63
7,19,117,55
123,92
8,64,110,62,32
67,29
40,55
93,51,41
53,115,118
34,73,106
15,63,137,134
97,118
5,103
61,103,42,106
95,72,128
44,4,117
123,32
41,28,138
116,63,4,104,103
75,14,79
106,39
63,78
87,3
106,38
5,39,118,38,2
37,118,84,45,35
15,10,22,1,129,18
41,5,84,47,37,30,29,67
68,15,92
106,7
25,44,16,99,5
63,40,13
8,114,73,106
12,56,58,64
6,48,17,9
61,73,114
38,4
10,3
24,55
87,56,122
31,49
67,39
19,3
6,92,3
90,45,119,46,94,101
83,116
105,40,94
6,18,1
125,56
73,39
31,107
52,30
41,52
11,12
41,44
101,5
63,56
2,84,7
110,7,117
51,92
75,25
102,128
12,65,56
111,31,68,17,92,18,99
26,13
35,20
106,93
60,39
21,78
14,107,123,15,79,16,22,122,92,0,17,82,10
2,102
38,41
95,97
29,55
28,21,88
45,78
1,87
68,53,82,81
88,101,82,70
64,12
5,93
48,122,87,0
1,31,99,139
21,139,30,123,49
15,76,17
87,28
36,88
69,5
94,53,61,39,105
79,0,75
39,101,63
92,10,6,3
78,88,28,86
68,134
47,5
38,46
39,2
105,98
58,1,82,18
26,12
38,44
27,100,25
56,58
26,62
39,35
122,21
53,34,1,3,14,55
34,39,2
28,34,51
19,7,20,116
60,34,95
17,16
32,78
122,57
36,79
63,136,38
93,5
40,101,80
115,24,15,82
7,101
65,64
108,123
102,53
25,85
95,72,97
124,41,55
103,74
98,35,114,34,39,113,8,42
120,116,30,63,20,84,5,38,7,83,50
9,49
8,49,25,28
5,93
98,70,7
73,14
17,6
14,5,45
99,16
9,10,99
69,5
17,81
72,41,128,103
0,99
57,65
13,64
91,65
82,81,22
92,7
4,7
132,39,111
12,27
12,91,11,56,122,64,59,57
10,3,9
7,55
71,78
140,44,73
34,63
34,35
35,73,34
53,95
87,26
54,67,50
1,31,49,82,111,107,48
51,63
38,8,102,137
50,5
99,44,82
99,31
81,29,88
58,57
51,111
59,82,87
17,1,15
24,27,13,87,25,85,21,28
17,132,49
86,65
114,104,35
44,41
6,87,75,125,123,64,81,26,107,24,68,49,86,92,14,82,36,88,31,3,22,59,16,11,79,122,134,21,9,66,25,130,111,17,78,13,80
40,94,8,73,72
82,31
41,18
65,64
39,34,103,7,27,36,48,17,0,94
72,51,65,23,126,5,106,78,37,28,71
19,93
5,12
88,99
87,85,26
30,34
132,49
84,95,55
4,110
5,54
19,94
120,29
60,2
14,3,79
94,84
38,55
35,42
80,10
25,13
13,12
83,5
122,91,14,25,42,34
122,56
35,86
97,102
29,132
6,49,22
41,84
75,107,80
80,99
36,78
42,74
60,39
3,17
83,44
35,39
6,132
22,133
64,121,21,26,24
134,3
105,95,114
92,14,75,123
105,141,106,45,90,95,34,42,39,35
21,92,32,22
99,139
32,16,0
115,35,114,2,106
23,19
85,86
70,58
110,42,29
95,37
80,32,79,68
21,86,88,26
125,51,88
60,123
16,35,41,120,30
109,34,97
39,112
26,103
103,50
77,63
16,28
107,15
3,10
25,28,87,26,78
35,114
12,13
111,9
16,3
107,16
9,10,92
23,7
41,118
81,82
87,11
41,37
103,38,116,63
32,78
26,92
65,91
12,7,41,132
122,4
114,60,34,113,2,35,77
92,6,82
21,28,24,13
75,81
41,5
115,47,35
28,87
118,34
21,34
17,6,92,1
29,30
73,74
17,18
63,78,57
30,19
3,25,100,6,75
130,28
55,7,20,117,19,110
63,41,4,69
19,12
65,12,33
40,101,73,39,94,106
34,35,60
87,97
104,7
14,63,20,68,90,115,35,137
35,106,34,115
110,103
34,35,42
113,105
70,56
58,94,28
13,25
118,46,101,45
63,23,116,20,19,51,55
1,55
122,22
61,64
28,88,24
92,9
56,33,57,65,91,122,11,58,12,64
22,14,79,10,16,99,82
26,12
76,15
23,7,116,55
92,91
45,94,46
116,60
51,19,110
55,103
69,41
5,27
55,34
110,7,19,5,102
105,102
3,139,92
66,111
13,25,21,78,24,28,12,64,122,86
45,53,60
50,37
87,65
35,73,19
58,57
115,141
5,55,93,103,41,7
22,16,108,129
32,25
92,79
26,36
31,27,56,102,21,92,121,72
102,72
115,32
17,95
1,111,108,0,92,3,17,31,18,81
78,65,25
87,82,92,76,91,28,31,27,17,21,14,11,66,49,57,80
11,122,58,12
54,27
29,7
17,134,32,78
138,122,70,56,58
58,122
88,12
5,41
85,99,31
5,123,31,13
122,66,65
77,60
6,4,87
103,5,38
69,5,50
82,47,44
41,69
49,71
92,18
67,5
10,1
86,27
37,30
73,115
82,111,1,16,32,22,3,80,99
109,117
7,55,5
113,8
45,118
41,30
64,12,58
32,11,95,81,4
26,99,142,22
41,5
39,8,118
59,106,81,87
129,0
94,101
52,41,29
102,30,8
34,44
15,26,127
27,138
115,60,95,97,106,8
73,13
17,15,1
73,2,47
30,47,63
29,41
18,82
88,86
15,17
13,56
35,73,48
60,35,106
65,33
13,121,87
6,8,132,71
101,128,39
78,36
92,17,45
3,9,92
11,65,33,66
7,53,19
12,81,21
118,101
132,92,49,15,1,22,3
21,25,58
39,77,60,113
3,123,12,10,22,25
121,7
24,21
25,86,85
26,122
116,17
38,34
92,25
26,25,78
78,65,3
127,95
58,92,82,24,108,1,9,33,25,88,26,99
30,41
116,19
29,41
13,108
105,71
124,107,90
0,81,68
29,30,60
25,115
78,51
114,105,34
34,110
20,29,19
13,25
29,5,30,69,41
5,52,29,41
97,128
55,103,63
16,134
41,5
113,77,112,42
133,52
99,80,31
110,101
78,94,86,110
26,25,24
89,64,12,33,91,11,65
53,51,90
69,41,29
118,95,90,44,19,4,5,73
75,92
39,42
65,12,91,33,64
81,3
15,129,49,18
101,74
61,39
110,43
28,25
45,118
43,67,84,52,37
82,86
113,63
8,56
12,25
36,82,48,99
89,79
24,122
102,68
90,119
122,58,140,12,91,64,56,138
32,31,81
16,28
78,26
67,45
69,29,54
12,59,70,125,11,122,64
81,13,18,56,57
82,111,31
132,99,82,36,0,12,81,6
96,51
96,51,118
125,79
29,19
7,92
25,87
5,87
110,19,63,55
27,24
4,44,103
63,41,38,51
34,80
24,32,123
92,14,1
11,64
125,130
81,73
10,79
28,13
10,81,24,17
30,5,20,29,103
25,79
9,69,35,71,7
29,52
1,75,24,79,130
46,45
99,92
18,99,24,49,0,48,92,79,6,32,107,3
39,41
86,58
37,83,63,55,103,51,41,5
21,86,12
13,18
140,15,92,91,79,13,108,78,32,12
63,104
14,51
56,57,125
36,28,27,88,21
91,14
37,25,4
22,29
39,2,60,113
51,7
87,25
36,27
90,34
16,92
78,26,21
68,0,79,3
28,85
65,12
58,70,59,12,56
81,82
106,39,34,2
4,19,90
21,12
4,51,96,136,7,63,55,19
15,22
95,29
5,50,63,29
3,10
12,63
28,26
11,21
48,3
27,36
115,19
31,82
6,10
129,13
65,66
90,94,72,127
5,133,41
110,4
21,0
79,106
32,79,13
42,35
32,5,43
3,10
11,91,63,4
16,58
41,29
72,102,101,118,95,94,97,128,45,53,74,105,90
81,11,79,65
14,16
79,82,3
5,44
111,22,79,81,75,14,31,48
55,116,44,19
113,99,42
25,37,28
48,3,17,92
0,3
128,73
17,22
56,121
57,12
128,72,102,97
94,118,40
105,106
39,114
47,7
29,54,131,41
102,39
92,3
64,65,58,12,122
28,25,24
103,23
44,19,103,20,55,38,4,110,7,104,63,51
12,65
41,30
118,101,128,105,45
0,31
13,22
87,25
40,53
52,42,41,38
21,1,87
8,63
50,55
41,30,5
108,78,6,111,82
12,86
91,28,86,56,125,25,122
5,61
7,19
15,28
128,72
35,73
36,25
40,101,45
74,40
87,25
0,75,107
79,75
15,56
12,64
110,7
39,29,99,61
73,107
2,63,99
63,37
71,31
56,25
63,32,142,21
33,59,64
34,73
102,101,60,40
29,42
41,136
142,92
57,4
70,87
56,65
137,93,43,72,69,90,4,63,101,53,102,8,103,128,38,51,97,34,50,35,45,115,41,55,94,30,95,106,84,7,39,19,40,73,5,29
114,98
93,7
89,55,18
41,54,29,52
82,79
61,35
44,46,38,110,4
110,51,15,25
3,6,92
77,68,13,82,78,26
73,61,141,60
50,52
133,69,47,5,93,50,84
103,4,63,38,44
40,61,34
73,53,26,44,81,28
5,7,30,109,29
103,19
142,129
45,96,142,78
116,38,7
78,33
67,5,117,29
25,13
58,36
128,2
63,55
81,82,14
16,79,14,107
23,7
27,60
65,64,11,12
94,40
41,110,5
122,58,56
112,39
2,114,34
68,71,35,21,56
92,15,35,55
90,46,128,119,53
24,78
100,87
39,95
66,107,31
39,8,60
27,25,21,88
13,88
94,74
64,69,38
73,8
91,65
55,65
5,84,47,69,50
41,19
27,88
87,25
38,74
25,87
84,5
115,78,13,34
64,65,12
92,3
6,0,22
7,93,103,110
68,41
125,27,3,12,85,32,25,100
32,92,82
21,24
84,50,69,5
107,79,99,80,16,0
78,82
88,78,21,28
13,59
16,17,15
34,73,45,23,84
22,27,92
79,0
24,26,21,85,25,65,28,78,12,87
86,13
49,142,14,6,3,107,108,123,75,99,32,31
6,39
38,41,30
88,56,11
45,114
64,31,92
4,103
36,21,27,78,88,24,28
71,81,68
11,25,87
111,31,32,123,82,81
20,8,65,42
67,29,5
7,52,45,55
27,26
71,111,31
10,142,40
83,5,29,37,84,30,41
123,107
69,47
5,4,19
55,63
36,87
53,88
121,27,100,25,87,21,13,28
16,81,71
17,78,80,66,9,124
61,114,34,141,39,106
64,12
56,57
39,8,60
49,10
87,86,121
1,142,6,76,92,3,22,132,15
142,3,134
114,61,34,35
19,110
16,3
25,78,13,11
13,25,26,33
68,87
26,87
12,124,121,16
130,25
24,26,27,21,36,78,25,87
104,106,99
48,22,75
95,74,90
6,92,14
32,17
63,50,37,93,52,30,51,41,5,54,19,29,110,38,44,55
50,93
55,13
64,91
26,13,25
130,86,87,13,26,25
92,32,80,3
39,79
107,14,71,16
105,74,90,126
5,60,42,29,30,111
19,110
125,58
63,38
27,28
3,142
29,5
78,28
125,138,59,122,58,70
112,96
5,30
102,108,13,105,29,0,96
17,18
64,107,4,5
32,142,41,25
69,29
21,26,85
124,99,79,71,111,75,81,107,123,82,14,16,108,31,0,68,80,32
21,99,3
81,82,31,135,26,3
5,39
47,68,19
54,4,79
32,14,31
91,65,57,70,33
8,73
77,34
40,31,38,5
78,24,28,21
84,29
138,64
28,79
25,87
124,80,16,81,79,32
99,16,79
40,101
112,8,126,60,113,39
51,55,69
19,61
22,15,132,92,142,6,129
53,90
86,36
36,28,21,78,24,27,62
103,5,128
2,60,98,39
122,28
78,26,11
123,11
25,12
5,7
121,14,0,16
46,45
41,63,106
35,41,104
60,107
72,115
34,60
31,82,32
7,105
78,12
78,5,117,79,35,48
106,126,39,60,115,73,34
51,116
17,48
34,60
54,18
1,76
34,118,2
103,38,5
5,29
34,38,29
40,105,103,97
55,54
34,39
46,74,40,101,94,118,45,90
34,98,114
27,58
14,32,92
13,58,31
90,45
87,24,12,81,108
7,55,51
0,16,14
6,21
39,73
7,19
109,44,116,104,63,4,38,103
142,10
65,64
31,16,79,82
75,24
19,136,55
109,55
7,32,44,25,39,92
110,26,128
64,65,71
25,26,103
53,118,94
26,21,33
42,53
24,12,78,13,25,28
34,90
39,34
97,51
3,132
116,29,117,38
5,41,69,29
106,35
26,35
127,41
43,50,69,47,133,5
2,34
7,19,51
9,32
52,131,7
86,3
109,40
55,5,37
10,22,31
58,56
63,44
33,12
81,92
107,0
29,7
82,31
117,5
122,125,59,70,64,140
16,75
82,79,32,99
30,29
4,111,71
96,41
44,123,26,125,72
87,13,81,10,79,68,24,14,32,78
32,25,97,49,63,92,87,14
115,61
75,80,16
41,34
29,78
32,16,81
26,115
92,139
5,29
88,87,56
19,44
35,2,42,115,34,8,61,73,113,60,106
39,106
103,29
90,2,34,128,45,101,97,39,74,35
94,45
0,31
3,134,49
18,76,1
7,63,44
39,126,60
100,87,25
109,117,5
40,44
2,40
59,140,122,58,138,12,56
113,60,39,105
29,9,6
118,22
25,78,113
29,133
6,92,48
7,63
53,101,45,128,72
14,99,79
122,125
107,0,31,81,79,6,92,75,68,22
27,21,25
114,102
41,117,4,37,84,44,131,5,23,67,29,38,30
41,44,29
123,92
39,34,60,35,42
140,25,70,24,27,26,12
92,3
60,63,24
93,5
128,43,41
58,36
81,26
97,102,95
3,81
29,50
75,79
26,140
7,45
13,75,25
6,129,10,3,9,92
78,71
105,123,86,57,44
84,51
87,26,13,25
104,7
118,46
21,28
30,133,5
12,91,64
84,69
6,59
103,38,104,44
7,19
79,56,16,22
99,10
16,3
65,66
39,113
19,4
21,32
26,122,86
74,94,118,101,45
65,12
50,29,41
97,45
87,68
78,135,36,24,21
40,34,45,39
25,30
92,3
102,73
123,17
80,99
110,95
17,48
39,72
79,95
53,128
39,22
40,115
57,58
59,70
26,28
18,76,92,17
92,3
58,56,57,122
14,132
38,52,39
94,90
92,3,9
72,45,113
39,40
57,66,25
96,117,19,110
13,27
76,38,62,97
137,102
79,108
31,17
25,99
19,69
51,106,118,133,103
26,78,56,13
95,94
113,94
77,2,42
33,65,56,58
61,35,106,60
77,60,39
105,30
43,5,84
1,92
123,82
21,28,86,36,27
19,54,28,83,13
63,18
33,64
128,72
8,2,114,34,106,60
12,122,57
110,19,96,23,4,103,55,20,63,7,38,51
4,110,107
87,88
57,3,12
61,35
92,22,6,48,3,18
65,12
64,58,57
53,61
25,26,31
113,8
36,78
8,98,39
92,11,85
39,60
79,75,0,99
19,44
44,38
114,40
111,121
99,7
29,5
20,23,55,7,110,19
16,92,78
33,66,11,91,64,65,12
21,28,38,112
56,58,140,70,64,57,65,91,12,122,33
34,118,95
101,110,35
33,59,58
107,34
107,79
19,51,67
4,61,45,102,73,105
86,92
1,6,3,92
99,123
127,7
115,2
78,27
81,82
99,80,17,27
13,87
68,86,3,12,65,31
99,75,80
87,34
105,94
132,104
12,66,33
3,82
9,3
35,115,8,60,34,2,73
82,7,26
65,28,15,116
3,92
103,93,41,69
