0,1
2,3
4,5,6
7,8
9,10
11,12,13,14,15
16,17
1,18
19,20
21,22,23,24
25,26
27,24
28,29,6,30,31,10,32,33
34,35
36,27
27,5
37,25,38,39,40,41
35,42,20
32,10
43,44
45,46
3,47,2
48,49,7,39
50,51
52,53,5
54,55,56,27
57,58,47
59,20,60,61,40,62
10,63,64
65,66
67,44
68,40
69,43
19,3
5,70
59,25
63,71,31
20,35,72,73
57,37
16,74
57,22
53,40,68
75,72
47,76
40,48,27
72,16
77,71
22,53,62,5
44,37
78,47
35,16
52,79
20,49
64,71
35,16
14,80
16,55
81,82
73,61
83,16,76
84,12
4,85,65
67,86
87,58
88,77,87
58,33
89,65,90,1,30
22,37
5,91
10,30,31
63,92
46,1,31
93,89
7,5
79,94,57,56,53
76,17
14,82,95,96,11,97,15,81,90,80
96,14
78,58,32,98
91,3
16,35
1,78
29,77,63,33
18,71,10,99
34,42
60,54,23
100,49
72,35,16
69,101,102,99,0,10,103,43,51,50
39,34
28,81
37,39,100
68,42
104,60,55
19,35
84,105,106
107,54,56
53,38
24,21
76,60,35,52,5,73,53,57
44,108,30
68,20
67,1,93
109,34,110,27,55,111
53,38,5
87,4
49,76,107,40
6,98,69
35,74,3
1,108,44
82,90
65,2
112,21,60
1,89
98,67
87,96
10,31
17,113,16
114,3
115,6
59,25
1,93
116,37,100,7,59
93,1
91,22
37,39,40,76
117,96,15
35,72
59,37
3,118,79,52
25,59
29,63,10,71
57,41
30,31
7,37,16,119
31,71
38,91
1,120,43,78
100,2
10,30,87,89,92,33,99,77,46,1
37,42,57,119
32,31,33,29
71,6
71,6
81,11
116,47,37
60,22
33,1
71,121,90,89
111,57,21,5,112,38,75,52,119,23,41,122,94,123,27,79,124,24
0,30
119,52
78,67,30,120,58,1
21,76,8,37,20
125,65,4
73,35,20,68
90,43
96,69,4
5,54,111
52,91
118,102
27,75
126,127,5,55
76,7
128,3,2,19,129
12,73
113,74,2,3,20,19
5,22
67,43
130,86,10,67,30
56,92
51,69,71
63,29,0
4,111
47,104,43,16
80,12
57,3
78,121
3,113,19
34,23
53,22,5,57
114,74
18,30
76,23,55,127,123
4,50
74,127
31,103
90,4
58,43
22,53,119
6,1,32,10
5,111
69,31,18
113,19
65,9
128,3,74
3,19
21,2,24,59,16
35,20
64,77,6,71,67
87,118,63,71
31,118
103,14
57,124
131,25
54,75
20,3,128
132,50
22,128,60,59
10,1,108,71,78,83,121
9,50
67,32
133,3
10,88,29
13,32
37,114
60,3
26,47,39
4,65,97
79,55
69,97,12
118,78,30,31,44,0,1
34,27,122,21
116,26,107,134,133,76,47,25,39,59,49,48,135,100,37,40,7,114
111,119,40
132,65,125,50
42,3,16,19,37,20,59
124,5
22,111
7,56
2,91,22
39,114,76
86,78,58
118,77,92,71
71,34,69,3
90,13
6,14
50,111,13
88,77,71
125,65
40,100,47
118,71
35,2
79,42
54,27,55,21
118,32
65,4
12,1
46,37,2,63,4,67,127,32,10,93
20,126
38,52
46,99
16,128
104,24
119,53,22
73,60,37
63,88
67,29,39,56,24,52
27,21,111
4,50
13,103
43,44
100,76
37,40
2,19
54,21
60,21
37,76,99
79,22,122
134,17
22,91
130,32
123,57
30,31
114,7
119,52,8,111,62,104
30,10
78,71,10,0
37,100,40,68
71,6,29
4,105,65,132
76,40,37
12,97,90,80
53,123,79
59,39
68,127,20
3,5
134,47,7
22,58,30
52,57
123,35,100
37,47
124,56
13,4
4,131
17,35
12,80,90,14,82,69
59,133
1,118
47,19,59,17,2,7,16,37
69,14
14,89
106,51
90,19,34
12,95,69
14,78,58
27,60
5,80
56,57,79,100,21
94,5
53,69,4,10,19,45,50,61,106,37,42,54,108,20,38,111,14,118,55,96,16,5,49,82,58,89,90,15,7,75,78,12,35,125,134,21,0
29,4
93,118,1,6,58
115,9
96,103,12
2,53,124
133,25
1,91,37
32,28,33,31,30
32,71
54,62
14,90,80
11,49,67,111,122
64,77
72,59,3
27,34
0,67
50,103,69
7,25,59
107,3,16
5,57
65,4,125
57,52
96,80,15
40,47
129,15,10,124,107,3,11,76
9,4
18,131
7,68
14,80,69
3,40
40,25
123,16,111
71,31
41,22
9,7,29,52,50,16
24,60
63,87
29,18
43,27,59
40,5,68,76,128,3,57,2
56,38
34,52
71,31
90,136,15
129,3
118,108,1
25,9
68,20,72,35,16
134,19
56,41
60,21
39,111
103,96,81
93,31,131,18
62,22,119
27,59
33,43
97,12
135,57
122,60
97,83,76
1,43
59,47,25,7
28,71,1,78
77,87
29,10,6
71,86,18,69,99,103
7,2
98,96
91,32
7,48,47,39
61,24,100
30,65
108,44
96,15
80,97
3,128,25,72,19
90,76
67,99,93,98,1,0
7,81
99,96
3,7,59
50,2,83,80
26,56,2,3,37,41,113,5
34,111,55
25,3
15,12,90
76,16,128,3
113,25
96,90,82,80
106,84,115,9
52,12
90,69,14,80
47,59,37
56,52
71,58
39,35
93,33
92,6
35,3
30,76,85
3,40,35
38,79
3,62
70,22
133,37,40,100,59,7
60,54
43,30
71,118
125,86,63
106,29
91,53,38
4,65,51
33,87,63,43
90,27
54,60,74
125,41
111,103
0,111,50,16,7,55,86
65,56
9,4
2,59
53,76,93,59
65,85
137,21,54,24
59,20,135
32,30,45
71,93,7,20,52,21,80,59
49,37
36,12
122,111
63,29
18,38
1,99
71,118,63,102
80,4,50
27,111
100,116,133,40,76,59
44,78,46
27,130
16,35
79,5
80,22,71,53,91,113
80,65
33,5
14,26
78,77
85,93,31,97
71,87,64,92
98,1
50,101
6,31
90,96,51,106,15
59,7,49,48,134,100,37,47,76,40
37,7
9,96,129,5
70,112
50,78
31,111
1,78,6
20,40
69,35,38,20,72,37,23,71,52
16,22,27
2,52,123,107
16,17,35
59,129,4
1,46,78
80,118
52,5
78,120
40,73
93,67,44
76,111
57,54
27,70
14,57
63,31,30
35,16
76,39,133,40,107
71,57
99,121
90,51,32
16,53,111
19,60
91,34
96,65
82,80
120,78
3,47
43,63,29,99,93,32
24,111,21,112
138,9
29,71
71,87
29,44,120,118
113,21
59,100,65
77,15
59,128
78,44
79,132,20,109
40,127
60,3
22,79
40,76,59,25
90,103
134,124
9,50,65
4,117,138,69,67
115,50,14,45,125,15,12,4
57,52
90,15
7,21,40,5
3,127,129,35
44,98,121
71,78,89,13,103
35,17,16,68,129,3,42,113,19,127
59,38
22,79
0,98,58
87,122
94,62,52
42,19
58,78
19,59
51,4
115,46
57,52
78,27,35,37,49
2,24,28,41
1,93,86
51,14,86,35,33,11,47
5,1
4,30
68,3
56,70,123,53,79,5,27,22,111,55,60,57
123,124,52,56,5,94,91,57
124,40
44,121
1,98
55,5,52,38
35,122,38,40,124,47
3,90,86
0,78
52,124,5,57
35,87
103,15
19,35
98,1
97,69,82
1,71
125,51,85,4
119,22
76,25
10,31,93,118,18,1,78
0,71
21,137
57,124
80,31
78,50,69,63,115,96,10,18,90,65,29
4,67,90,115,125,6,86
9,11,80,29
5,52,56
19,114,35
15,9
108,78
47,5,68,24
3,18
80,14,31,43
121,124,59,43
36,4,71
4,9,15
69,96,9
60,25
113,27
92,29,120,6,63,78,44
19,3
37,59
91,57
6,10
56,41,91,23
127,21
115,67,101
127,128,7,2,26,17
93,89,98
77,71,65,130,31,81
91,62
2,20
54,91,53,119
34,79
87,77,71
64,71,63
0,27
5,41
33,58,78,89
64,46
122,43
90,57
52,57,34
126,19
9,50,106
32,93,0
37,48
60,3
7,5
85,45,101,4,125,51
69,79
37,100,40
11,103
3,46
27,54
125,81,50,97,95,132,15,4,103,138,90,96,12,69,82,9
65,45
91,57
1,108,32
78,93
84,65
92,30
33,31,86
35,20,72,16,74
2,16
18,56
103,15,96,80,81
126,42
89,43
4,96
16,20
67,3,122
4,59,15,20
124,38,21,23
127,129,39,48
24,40,102
24,104
9,50,138
97,69
65,51
30,93,58,89,18,108,10,43
41,19
103,96
44,93,78
58,4
93,71
5,2,129,74
5,124
31,15
77,102
111,24,23
38,60,62,59,37,82
62,38,79
64,21,39
40,114
50,69,103,12,4
39,59,76
39,100
5,34,52,56,57,111
3,129
49,16
4,19,111
96,81
89,44
16,137,99,55,57,38,79
61,17,60
65,98,125
91,3
82,9,69,88
72,22,56
50,90
1,43
46,44
76,3,128
87,118
78,89
51,30,18,15,63
76,100
5,29,79,122
87,126,52,10,73,69,1
128,24,37,3,119,60,122,56,5,41,52
59,40
98,19,78,13
22,119
5,79
44,78,108
118,71
118,33
85,4
27,20,24
27,8,55
4,30
96,78
9,31,122,55,111
97,40
18,71,30
79,53
52,57
119,22,53
61,2
45,111
3,39,55,49,94,37,57,60
101,10
4,12
126,116
18,11
48,76,39,59
128,3
32,33
128,42,16
42,2,3
80,4
30,33
59,40
15,90
21,2
107,19
90,14,69,80
38,90
139,38
138,96
1,83
13,11
53,22,119
59,39,3,53,2
61,19
78,67
131,85
79,60,111,21,57,27,62
133,22
71,99
5,87
65,140
12,69,90,97
54,60
48,5,100,37,3
123,59
60,21,24
78,99
103,65,101,82,33,78,12,96,81,18,15,1
5,111,59,38,3,60,19
3,7
97,71
5,37,24,7,129
27,25,59,52
31,52
19,59
60,112
5,57,124
100,37,59,40
93,90
19,40,15
37,17,100,74,35,20,3,40,59
39,42,40,19
113,15,3,2,93,80,9,122,69,19,29,128,79,37,91,27,31,21,99,96,89,90,5,40,17,1,53,10,18,49,81,76,4,52,32,59
54,24,21,60
35,124,134,37,56
23,60
47,59
67,1,83
115,51,3
75,35,29
34,8,27,111,122,109,55
14,37
5,24,79
47,72,133
80,90
96,15
103,69
3,111,91,113,114,1
9,115,106
67,118,33
3,19,127,2
78,56
16,35
9,50
60,85,49
29,32,28,64,30,63,33,87,10,77,71,31,18
70,63,2,69
31,6
96,90
118,63
96,90,71,15,18,65,63,10,31,83,29
55,34,111
62,57,22,52,79,5,53,119
6,29,31,32
90,81
58,5,2
114,98
93,99
85,15
65,32,16
59,3
18,64
27,29
30,16
125,1,6,93,78
5,122
135,7
18,90
3,60,59,22
100,114,37,133,59
57,127
59,37
12,90,80,14,69,136
53,62,52,70,5
34,62
47,19,59,48,116,76
2,127,73,61,3,19
93,0
90,15
111,19,10,127,52,76,0,1
115,105,66
49,33
35,16
83,32,44
126,35,3,16,19,100,72,2,129,61
50,66,90,14
57,19
39,19,3
65,96,114,3,71
129,128
136,67
64,63,71
32,31
137,75,112,104,23,60,21,54,24
6,10,63,29
7,59,74
92,14,106,108,1,125,130,10,65,78
59,75,91,55,113,22,60,40,5
33,45
79,30
10,121,90
40,126
60,16
139,70,53,38
39,48
59,114,76,39,7,40
59,16
99,118
19,60,62
2,37
86,85,78
61,16,35
57,21
87,64
50,108
96,85
123,52,5
37,49,47,40,107,76,59,7,25
78,93,44
100,59
123,99
43,93,46
29,103,33
77,35,125,30,34,7,91,96
39,124
97,14,90
79,62,73
18,118
32,30
5,19,17,125
52,5,3,137
78,15,18,19
112,111,52,38
125,101,4
93,64
18,33,31,71
52,56
38,70,119,52,22
15,81
45,4
71,67
93,86,1,78,30
39,3,129,25,47,35,59,76
45,51,85
38,81
13,15
82,30
103,81
2,127,3,19,17
20,53,122
96,15,95
41,46
27,24,34,21,8,60,111
99,93
5,18,78,91
56,9,49,4,127,21,71
57,42
96,108,78,115,29
18,32
9,125
30,29,31,63,18
85,50,106,65,101
51,125,4
20,129
19,3,2,17
17,59,40,20,3,76,107
31,59
122,59,68
76,129,47,2,59
31,15
44,78,108,98
17,79,107,22,119,57
76,37
79,38,56,53,119,54,60,24
117,15
19,2,3,17
108,58
35,19
2,19,17
82,90
28,18,10,32
59,19,25,61
9,11,103
90,83,0
54,119,27
70,54
52,124,91,57,5
27,54,24
7,48
35,129
5,56,41
76,116,59
41,82,20,3,40,12
102,87,77,118,71,63,64
55,119
80,136,14
60,52
56,57
9,45
78,1,58
22,64,24
119,107,39,21
65,125
47,7,39
5,123
65,35
41,5,19
29,108,36,140,91,13,124
35,20
31,98
59,40
85,4,115
0,115
45,12
118,67
17,2,3
60,124
62,3,129,22,23,5,73
99,108
89,86
93,67
89,60
69,65
107,39,47
44,58
67,5
71,83,44
14,22
137,112
19,35
8,78
50,126,3,64
1,9,78
43,67
80,14,97
15,83,103,69,1,89,30
38,41
71,118,87,63
128,52
90,14,69
33,31
81,90,102,85
10,30
108,58
6,18
1,50,78
21,124
47,54
30,36,84,96
80,51,4,101
15,46
81,97
52,91
5,47
103,90
15,72
91,38
14,71,11,32,50
56,3,37,20,59,124
18,28
129,53,124
90,12,82
85,65,131
93,67,118
19,68,35
41,123
36,30
111,122
96,15,13,82,14,103,90
56,60,35
46,78
23,52
98,67,1
47,49
125,85,51
106,14
54,100,27
113,18
5,3,21,23,42,135,118,103,1,41,29,18,35,19,60
133,39
93,121
130,93,0,83,43,99,1,67
77,7,110
41,53,38
2,3
38,22
90,31,71
15,81
1,18,46,71,89
127,3,113
2,79
103,14,96,15,69
8,109,55,27,34,111
87,4,57,38,16
55,91
19,113
15,4
45,51,65,125
28,56
11,96,81
38,54,57,111,60
96,50
5,62,56,70
22,124,62,53
78,120,86
71,60
77,118
55,54
11,4,51
16,20
62,79,38
34,21,122
72,42,16,20,35,68,128
53,58,60
53,3
90,45,12,4
86,121
52,22
0,98
70,98
103,1,4
128,17,20
65,44
39,76
55,21
15,18
49,39,47,7
91,60,19
27,8,16
108,89
4,71
47,71,52
82,97,36,90,12
68,72,16
49,59
75,104,23,27,111,21,60
85,4
87,118
3,67
3,122
9,45
77,3,114
31,12
137,27
27,55
19,72,7
98,71,64
2,5
104,60
32,15
113,127
11,90,15
71,2,96
27,109
101,65,131,4,45
52,19
20,111,37,3,89,65,5,99,19,25
49,22,30
91,5
2,108
4,69
80,69,90,81,14
37,59,25,76,48
2,3
85,58
122,60
17,35
95,31
24,90
69,51
98,6
2,19
40,116,7
6,4
103,96
4,31,81,18
57,40,5
90,106,9
77,33,32,12,13
103,15,96
114,0,103
138,50
3,42
125,101,51,4
114,113
138,106,105,115,84,9,50
118,71
85,33,31
2,35
102,71,37,90
9,115
4,45
4,13,15,69,103,45
53,123,127
27,22,5,124
4,12
107,47
38,27
70,49,65
18,84,103
117,4
2,19,3
18,10
37,47,100
37,19,79
132,125
119,52,41
4,90
60,34
38,5,94,79
14,31
98,43,83,1,78
120,37
58,0
85,61
103,95,80
3,129
67,83,1
93,87
58,98
80,90,12,82
85,140,131,45,4,65,125,51
105,71,78
30,33,10
39,137
4,31
124,56,53
126,35,72,20,74,16
79,78,115
78,1,11,67,125
42,3
57,91,131
22,47
97,69
64,75,98
2,22
6,102,118,18,29,71
37,49
5,56,52
141,15,96,11,81
114,35
125,131
4,138
79,19,57
124,22,21,104,70,55
67,46,97,90,71,4,93,15,9,103,80,78
44,61
11,29
23,21
135,16,19,3,100,17,42
79,25,27
10,89
72,20
73,2,91,37,108
67,121,46,98
52,16,59
40,14,19,54
18,81
41,55,38,27,24,53,123,91,5,22,21
112,111
76,40
80,13
125,65
7,19
19,40
22,11
68,47,37
82,90
124,16,69,65
55,19,57
67,89,20,62,3,70
124,52
38,60,27,57,52
104,38
17,129,74,19
76,75
108,43,99
90,36
15,103
22,103,93
60,21
125,58,0
59,68,37,40,129,128,16
90,69
25,134
59,76
57,119,61
57,60,21,35,16,40
96,84,31,63,10
17,126,19,2,74,129,20,68,35,16
78,30
44,32
47,92,24,4,59,56,42,37,57,30,69,18,19
12,90
53,70
5,22
71,33
27,55,34
96,67,128,95
112,55
89,78
27,109,22
33,56
27,109,122
16,3,127
5,70,57,79,119,53,22
10,67,28,44,89,30,78,46
2,47
76,127
82,97
37,114
67,30
41,62
11,80
46,127,48
96,81,103
85,45
91,5
118,29,18
38,56
3,78
51,30
134,7,49,100,25,76,48,114,107,39,37,59
38,122,137,124
100,37
43,89
76,27,20
124,125
37,96
3,19
29,22,5
53,5
5,52
58,78
67,1
4,109,30
93,90
120,78,89,44
78,10,67,58,4,121,15,14
37,72
4,125
58,93,43
53,91
53,3
34,21
114,68,124
55,19
96,12
5,4,30,135,15,29,57,35,91,109,132,78
26,48,37,39
27,5
127,19
91,53
58,0,43,46,78,89
9,50,132
38,53
128,59
73,31
34,27,55
63,102
3,129
77,1
134,76,59,37
53,119
98,10,6
60,100
56,5
62,124
7,113
6,10,18,29,31
81,98,93
126,128
16,128
58,118
22,38
60,41
11,81
29,31,18,33,30
19,3
0,93,98
5,22,38,124
77,44,6,98
4,52
76,37
67,89
4,97,125,9,96,81,65,15,12,90
52,57
4,69
3,113
107,43
124,100
16,21
16,42
63,15
82,69
78,96
87,15,1
52,59
84,50
7,42,3
78,59
5,127
107,19
37,40,100
66,51,115,9,65,50,131,101,106,45,125
27,24
5,129,37
26,31,51,113,12,118,85,138
37,26
30,138,98
19,119,21,39,25,76,22,3,54,59,124
3,19
93,10
15,120,134,54,25,78,31,124,51,59,66,96,33,34,29,100
4,89,115
10,90,29,81,101,15
90,101,82,96,14,12,66,103,4,50,65,115
70,21
10,63,30,32
75,54,60
15,50
65,131
115,132,106,50
38,69
64,106
21,27,91
3,19
3,127,5,72
103,12
114,59,7
40,134,107,37,59,76
93,30
118,68
57,17,60
85,81,96
99,12,65
21,49,60
12,57,59
58,89,71,10
20,25
75,81,17,60,5
65,54
16,40
90,3,74,32
19,74,16
67,78
91,62,55,60
33,39
113,42,126,19,68,35
7,128
28,81,30
141,90,96,103
120,82
61,3
2,17,3
107,47
24,5,62,27
99,1,115
106,33
60,21,122,52,57,24
44,80,31
121,125
90,96,4
63,6
54,139,112
125,9
4,85
96,50
97,90
94,55
122,51
27,55
40,16
82,14
125,138,4
10,128
39,40
71,32
80,69,82
59,124
40,39
53,120
119,70,79,41,54,124,55,60,123
46,98
69,96
10,43,58,30,1
129,27
108,1,46,120,30
103,15,85
78,1
90,85,103
31,71
3,59,57,20,48,52
64,29
72,114,48,100
10,78
80,78,85
18,60
71,3,37,5,10,57,22,14,4,28,35,52
37,59
90,108
78,120
21,24
10,131
72,3,10
68,133,55,22,3,2,19,38,40,57,49,114,127
63,10,31,30
59,16
27,3,110,21,124,89,49,81
23,71
22,79,53
42,59
91,79,22,52,62,5
3,57,37
30,93,31
10,93
16,47
4,69,15,90
45,132
102,3
