0,1
2,1
3,0
4,5,6,7
8,9
10,11
8,12,13
3,0
14,15
16,17
14,18
19,14,20
2,19,21
22,23
24,25,3
26,13,24,27,3,12
28,29
15,17
15,30,14
31,32,33,34
4,2,35,36,18,30,6,37
38,39
24,40
41,42,12,3
2,43,44,6,18,30,45
46,47,35,3,30,48,49,50,51,16,22,52
26,9,41,53,13,54,12
55,47
56,57
58,55,15
59,6,43
39,40,25,60
61,28
39,50
18,12
52,49,62
57,25,24
63,64,52
3,50
37,14,19
2,19,65,14,18
66,16
67,62,68,69
70,16,64
71,43,22,67,72
41,43
73,40,74
40,20,75
12,1,24,40,9,74,25,73,3,76
14,10,16,77,78
1,12
79,57,80
19,2,65
81,82
43,45
19,16,67
21,35
83,82,32,34,84,85,81,31
86,87,23
67,88
89,48
76,3
66,47
32,24
90,60,91,0
72,22,23,92,60
16,70
0,93
48,66
94,95
96,34,85
81,83,82
14,20,18
97,98
23,86,31,81,76,32
56,50
81,84
78,99
93,36
74,86,67
99,74,79
100,70
26,101,24,27
102,100,64
10,18,21
37,7
4,16
103,2
1,40
13,40
104,6,10,29
24,105
106,5,36,58
11,47
50,41,90,85,78,23,81,56
19,107
54,24,76,3
67,62
108,102,48
4,14,45
109,66
24,95,0,44
32,39,47,19,2,65,108,42,107,74,43,110,12
78,87,111
62,36
28,48,112,73
29,43
64,16,113
78,12,90
90,34,83,81,31,32
60,114
7,115
93,62,14
5,45
77,96
34,19,28
82,22
68,49,67
43,10,116
85,41
72,78
34,85,109
107,34
28,23,117
11,67
43,18
81,85
50,54
41,53
56,78
33,32
114,105,92,23
55,52,11,47,28,118
43,98,69
82,23
85,74
50,40
119,36,106
3,9
3,101
29,120
50,3,68,115,2,12,99
100,70
68,2
67,68
83,33
105,39,31
14,28,45,21,88,93,67,2,121
61,47,28
66,20
51,122,48
102,55,48,28
16,67
109,78
18,94,16,123,2,29
66,16,100
74,85
45,124
69,54,86
125,27,126,39
45,19
115,35
29,127,14
106,29,81
31,121
76,2
107,78,39
21,35,43
77,74
50,3,81
59,128,129,11
74,56
27,26
92,78
33,28,24
130,23,38
31,34
84,97,32
102,10
0,3
76,12,27,97,10,93,62,22,1,115,58
10,18,28
4,2
7,62
115,29,93
131,64
49,116,11
78,107
85,81,83
68,128,49,16,67
129,32,5,3
102,63
89,10,119,61
49,60
102,116,10
28,52
4,65
22,105,109,107,60
10,100
93,16
115,67
131,68,88,132,21
3,27
107,60
78,39
133,40
133,34,107,90
89,10,102,129,63,11,118,134,49,66,28,62
40,74,0
135,6,45
33,87
132,2
8,12,24,3
85,33
25,107,101
44,15,43
113,94,70,16,66,64
129,47,52,28
19,66
57,136
58,35
83,81,126
85,33,34
86,126
59,43,5
2,0
115,43
24,41
22,86
107,24
43,115,74
86,72
83,78
95,11,116,62,28,66
57,136,56,1,50
136,50,56
52,70,62
58,43,40,81,109,68,63,34,22,4
14,137,15
106,19,36
38,33,107
93,16,19,102
14,121,18
105,136
73,74,40,50,136
80,136,50,1,0
85,41,57
82,81
1,13
138,81,67,14
28,95
49,44,78
19,2
62,113
105,135,82
33,90,78,85,76,50,23
33,32
20,14
2,129,12
40,79
77,33
39,34,40
139,82
23,73,78,82,1
93,132
22,96
62,49
115,106
19,37
20,124
45,6
41,25
100,16,62
9,136,50,98,76,54,27
48,40,76
135,58,131
66,48,55,62
63,96
82,81
64,66
92,81,86,85,78
100,16
61,18
16,78,51
78,60
6,52
74,73,24
12,41
60,52
75,54
16,18,47,14
69,66,62,88,67,100,134,68,95,49,16
51,2,44
81,43
76,12,25,3
74,83
104,66
56,50
12,50
31,81
28,63
83,81
40,43,22,102,85,63
41,97
2,103
77,8
88,68,95,62,66
4,2,51,124
29,36
100,48
18,48,67,115,135,45,21,29
68,28
76,73
125,50
5,135,29,59,115,43
110,100
81,85,34
106,35
60,78,13,107
67,10,70
67,17,95,43,15,2,16,128,66
101,50
19,15
86,46
34,64
136,22
18,120
62,2,72,102,29,73,16
78,140,107,111
40,56
18,48
14,16
50,43,29
50,79
139,81,126
50,86,23,136,38
97,56,130,74
67,2
93,6
64,51,59,131,43,4,102,67,70,93
48,55
102,78
136,1,57
141,83,31,82,81
13,1
54,98,80
3,12,133
47,48,17,108
24,2
24,76,41
76,41
40,74,73
92,72
120,17,89,6,19,51
73,97,50,56
116,102,48
18,45
2,119
81,116
136,110,40
78,72,117
3,53,50,87
70,134
56,8,12
75,13,54,9,24
11,48,108,28
85,1,50,82,56,72,110
107,133
74,130
46,80
43,59
32,81,31
49,70,48
7,6
127,115,6,29,93,135,43
56,50
39,78
36,30
27,0
4,23
93,83
9,62,76,61,14,47,19,27,37,43
62,49
18,42,39
82,92
16,123
40,9
49,102
72,109,34
73,40
31,81,84,82,138
3,74
12,56,3
6,69,65,43
51,124
34,19,4
51,80,50,20
13,41
23,50
60,9
63,59,2,21,65,36
66,94,16
41,91
116,16,10,124,131,52,5,123
3,0,74
82,31
1,114
93,121,29,47
52,14,2,0,16,85,6,4,77,54,72
88,11,100,47,68,70,118
54,9,27,24
85,92,34
5,20,120,62
79,40,57,56,50,74
36,21,106
66,100
19,18,14,37,15
33,34,85
102,17
62,49,137
22,66
29,2,20
1,31,12
100,94
128,115,36,119,35
74,50,1
131,35
74,109
0,18,40,29,74,10,140,108
130,50,136
46,22,92
76,34,46,74,81,90,50
24,12,1,50,13,76,56
60,81,67,85,105
43,135
66,39,100
59,6,135,127,29,45,43,115
61,78,32,76
2,41,81
78,22,105
33,83
132,51
102,136
97,66,13,35,52
4,20,121
77,34,90
32,50
133,91,3
18,132,14,2
35,2,67,28,36,66,7,131
102,52,85,64
83,82
22,66
54,8,12
16,28
117,83,84,34
81,72,32,60
50,51,133,46,121,31,18,26
106,59
29,81
8,85
45,5
21,36,58,106,45,35
6,14
40,79,8,74,1
53,3
3,76
115,43,36,21,5
81,100
31,32
2,91
65,63
130,40
41,24
56,34
110,56
34,81
28,127
90,60,54
19,131
133,12
79,74,9
25,73
34,85,84,32,96,33,77
88,95
69,28,66
32,77
64,16,113
85,77,34
93,129,95,65
130,40,97,74
81,85
33,31,85
85,71
136,86
59,131
23,22
78,117
130,81
57,12
131,100,67,63
51,43
22,60,107
62,124,39
19,18
96,90,139,34,81,84,32,33,83,82
77,40
26,9,13,24,54,101,27
1,56,136,130,50,79
77,34
40,130,73,74
44,116,39
48,129
127,6,59,115,135,29,93,43
32,126,81,141,90
18,29
121,15
82,56,38,34,111
102,106,21,18,48,37
45,36,35
133,3,41
94,47,66
105,81
107,84,90,82
42,76,53
47,126
95,67,63
67,62
78,38
24,3
23,117
26,3
84,24
124,15,6
106,20,62,124
98,74,50,40
33,101,40
50,48
108,134,132,62,93,104,18,100,43,66,48,131
67,60
28,47,102,129
68,43
21,35
129,121
58,43
86,82,13
60,117,105
96,43,29
33,3
25,13
72,78
2,65
116,48
86,126
22,5
90,82
136,1
88,67
16,51
39,117,109,24,42,86,35,33,29,81,74
14,15
19,37,35
84,92
124,44,51,4
79,5
2,7,132
127,131
24,26
60,78
92,86
107,22,126
27,98,76,73,3,57,101
102,66
35,103,43
58,5
59,43
89,47
109,23,92
59,43
90,22
85,1,107,56
41,34
83,49
26,13,76,91
43,18
2,6,115
14,20
16,66
48,76,66
64,11
27,41,9
115,43
83,81
14,93
41,25,53
65,19,51,18,14,2,103
85,96
28,55
80,2,48,57,14
13,24
20,115,45,43,2
34,38,54,14,7,130,60
38,107
2,83
57,99
2,121,18
76,91
35,15,74
12,13
51,6
66,64
17,48,81,40,102,121
12,24,54
18,15,2
83,0,126
87,117,105,23,78,114,39,92,46,72,60,22
36,45,30
19,2
120,43
85,33
43,124,2
19,43,20,21
70,34,43
21,14,5,127,44,135
91,9,79,41
22,81
113,128,64,16,100,94,66,70
56,32
43,93,115,6
19,15,35
78,50,26
76,107
3,26
40,112
64,94
47,11,100,48,116,104,49,16,52,28,66,61,67,102,94,10
41,34,85
70,48,62
44,18
57,56
78,74
21,58,131,35,30,45,106,36
86,34
74,40,73
10,94,55
57,0,79,40,97,110,74,142,73,1
22,105
124,14
10,62
106,19
11,102
18,4
78,117
95,67
123,10
41,67
63,28,89
40,41,38,3,9,39
49,64
78,60,107
115,43
40,39
25,41
14,4,2
18,103,44
100,49
52,55,28
82,85,138,34,83,32,77,33,81
2,43,132,93,51
6,14
102,24,16,57
45,113
136,139,23
83,5
83,139,81,72
24,13,101,9,54
12,24,25
79,130,136,56,50
14,19
62,89,104,16
136,72
50,57,80,136,0
91,3
3,90
81,78,101,88
8,34
36,43
48,102
35,106
65,69,138
137,5,85
69,36
74,40
133,73
16,70,63,18,44
79,56
63,85
48,116
28,102
29,43
24,130,27
74,40,56
85,81
48,47,108,64
128,62
28,15
40,87
115,120,45
14,78,44,39
28,10,52
72,1
66,52
25,83
22,50
2,56
93,52,20
102,55,61
34,85
22,39,60
74,40
52,62
2,106,43,14
109,105,60,117
13,85
48,0
28,51,20,19,45,118
106,80,93,55
37,44,93,65,43
22,107
59,21
51,106
84,31,77,105,139,85
64,16
133,12,91,76,8
23,87,60,38
84,81
43,95,116
55,47
75,80
125,31,85
86,107
87,78
116,119
17,108,48
48,94,11
14,93
49,104
118,28,47,52
78,34
25,76,40,1,12,41,136,50,74,56
0,57
22,81
63,43
68,104
50,74
24,3
28,55
48,49,52,28,100,11,118,16,62
104,55
47,52,62,11
10,116
101,107
97,138
137,37,124,115,4,132,19,18,121,5,43,15
138,84
52,47
18,14
90,141,83,82
10,28,2,43
66,51,89
33,32
39,109,60
19,98
74,57
52,119
56,49
129,7,121,4,58,100
72,15
20,34,67,4,102,18
88,67,49,66,28,48
38,60,39
49,67,122,11
19,21,43
85,117
57,40
2,65
98,56
50,96
59,95,67,78
37,85
1,8
43,93
8,9,26
83,74,81,107
136,76,1
20,15
36,15
62,10
6,66,93
19,20
16,66
128,2,62
81,82,24
133,40
82,77
12,3
124,51
2,66
17,118,119
6,59
43,67,65
49,62,67
97,79,130,73,98,74
99,142,112,97,98,54,57,110,101,53,9,136,79,56,25,133,42,41,80,27,76,0,91,1,75,73,3,12,8,74,130,26,40,24,13,50
34,53
106,28,132,105,18,50,40,66
76,21
139,32,34
1,22,84
93,118,115
49,102
2,30,106
18,59
48,28
12,43,20,28
63,10,102
119,10
130,40,74
43,24,29,3,50,54,22,133,77,25
54,96,36,16,28,4,141,74,82,30,18,2,22,124,29,107,43,138
74,1
56,79,57,73,1,97,130,74,50,0,80,40,98
16,15
24,54
57,120,0,68
93,106
14,19
0,40,3,12,50
18,115
106,93
56,3
115,43
12,56
1,50,40
7,4,111,98,35
83,34,81,82,33,85,31
104,44,51
139,83,24,0
67,131,76,48,49,43,133
80,1
65,56
62,76,97
80,74
102,119,48
12,28
56,0
43,2,18
66,52
78,107
44,7
56,80
131,14
61,116,48,10
4,105,130
139,85
33,68,6
3,76,24
19,2,15,137,18,7,124,4,51,14
34,64
50,74,16,34
48,119
131,43,135,29
100,16
20,35
91,78
138,38
118,40
92,46,109,114,86,22,23,105,87
39,107
29,131
20,59,56,80,66
19,132
54,105,50,9,24,22
39,77
24,126,86
1,142
46,60
60,78,84,39,33,81,126,83,22,34,117,82,92
122,100,16,62
115,98,43,14
136,106,60
85,34
14,21
48,67,51
118,88,28,129,134,67,62,48,64,116,11,10,47,16,102
2,4,37,137
102,48,10
78,72,60
83,14,59,18,67
36,45
33,34,81,24
27,78,132,76,3,44,81,22,34,93,67,85
85,22
116,10,28
15,40,31
111,133
81,31
35,19,16
62,23
40,21
104,69,88,68,49,134,67,62
81,33
12,41
10,28
74,27,76
4,51
102,16
48,10
106,29,62
83,81
120,15
2,131,68,47,37
24,39,3,34,83
41,4
1,18,25
2,137
40,82,116,87
3,25
3,9
40,0,136
74,73,79
74,87
136,33
102,28,4,51,10,62
48,102,128,28
23,22,87,92,105
23,109
107,78,83,23,33,60
50,56
23,87
10,6
3,90,83,60,50
39,22
45,48
135,115,106
5,18,131
118,61,28
27,54,13,101,41,133,12,3,26,9
40,50
85,40,82
33,34
8,32
126,81
85,81
100,69
124,30
100,64
78,0,94
41,133
89,52
67,64,70,95,28,119
35,21,5,106
123,10,63,102
62,52,94,63
107,124
77,39
48,116
66,19,31,44
62,81
41,3
85,60,78,32
60,13
119,63,10,102
23,96,22,81
40,32
81,74,1
50,74
102,28
14,78,37,50,104,52,19
3,133
106,35
56,50
74,42,3
4,37,124
83,100
115,21
22,87,23
12,50,3,79
74,9
43,20,106
95,66,63
79,130
62,108
76,12
19,18,37,15
102,18
57,136
123,108,17,48,47,102,28,11
54,79,24
27,54
85,82,33,87
15,28
21,6,29
13,9,12
132,2
131,32
100,49
38,136,130,50,1,42,81
39,111,60
51,52
48,76
90,28,14,40,115,83,51,88,110,37,139,44,2,66,42,81,62,107,49,76,78,36,48,100,13,23,18,27,67,45,99,58,74,12,64,135,50
2,44
36,131
100,66
36,43
139,32
34,107
136,56,98,50
43,20
27,13,24
12,26,56,79
18,16,68
87,105,81,139
50,29
109,95
139,81
57,24,98,81,107,90
70,102
49,77
114,64,23
84,138,85,34,33
58,30
81,85
129,28
6,43
81,31
6,36
50,74
24,9
0,56
62,67
136,31,60
62,16
35,2
73,40,57,50
34,14,65,39,88
29,43
67,104,134,16
71,1,117,9,22,83,60
72,66,118
62,6,5,48
72,34,78
106,58
15,89
100,136
4,2
21,93
11,55
35,32,86,62
116,102
16,4
60,101,22
33,81
41,3,26,24
51,45
14,19,120,44,65
40,130
136,40
114,22
26,24
41,12
43,59
59,43
104,62
23,25,28
28,17
118,16,67
5,21,45
43,95
32,81
24,91
1,92,26,78
1,12,74
45,106
66,128
84,34,96,81
47,29
78,84,34
132,131,19,135,121,7
29,81
49,67,66,62,64,16,100
88,62
48,102
65,18,15
136,98,79,74,50,99,80,57,56,0,40,1
74,142
33,22
45,30,35,131
47,52
93,5
113,128,16
63,66
24,86,49,22
47,55,118,10,28,102,48
25,40,50,74,24,12
77,50,40,83,73
6,106,35,36,30,131,21,93,59,29,43
120,2,18,15,43,106
66,123
20,37
68,62
106,84,50,78,35
29,37
11,18,6,49,28
52,116
50,13
12,101
2,35,15
62,76,49
73,3,21,51,55,14
106,35
80,0,40
35,29,59,6
14,18
104,95,67
41,3
74,79,3,50
28,106
64,62
138,90
74,24
24,8
74,50
49,67
93,6,29,135,59,43
115,118
2,14
60,136
66,72
81,85
47,118,52,28
36,45
41,3
43,6
83,81
113,100
16,50
115,107,84,8,126,90
3,41
25,12
73,40
31,71
81,120
1,50
95,18
0,83,84,76
49,95,62,67,134
83,23
125,138,33,34,85,77
74,50
73,50,0
49,123,19
34,117
41,79
134,62
2,124
79,8
51,132,2
78,87,56,12
9,34,40,130
20,14
64,2
68,49
3,50
50,96
22,38
74,73
59,40,100,10,7,128,35
1,57,40,13
41,65,67,76
59,29,106
2,65,15
49,18
47,102
16,88
64,63,11
22,139,107,83
78,111
97,79,73,40,130,74
98,40
62,6,81
47,118
23,117,78
77,72
126,82,83,138,96,33,81,31
87,34,77
49,67,116
14,19,15
76,26
133,108
116,118
85,78
43,59,127,115,93,29
83,26
60,74
7,51
36,121
29,135,48,24,64
128,7,94,64,48,88
111,32,22
91,34
131,6,93
54,3
40,13,51
42,106,115,118,74,124,90
28,29
41,39,130,91
39,78
81,39,107
106,62
81,107
40,133
47,116
100,55
18,37,19
87,73
72,33,81
3,76
24,0,50,1
74,79
130,40
123,48
18,14,132
4,124
86,34,111,85,71
48,21,89,18,10,120,100,28,121,63,16,49,67,118,4,115,129,2
83,31,81
29,19,14
81,90
50,136,117
14,43
94,100,66
63,119,48
56,39,16
9,12
57,3
65,49,19
59,57,15,33,131,54,22,2
68,67
49,48
90,81,32
101,50
14,81,12,50,61
54,98,37,34
33,28
62,48
9,42,3,91
34,83,126,81
127,115,59,93,6,43,29
81,139
41,54
29,95
12,23
93,58
23,78
22,23
95,67,64,49,88,62
15,103
41,1
76,12
29,87
26,53,76,13,3,12
83,81
101,74
62,6
15,20
113,94,129,118,67,100,70,102,52,28,10,64,123,88,16,66
15,2,4
23,81
38,138
67,11
3,32
12,8,23,1
24,15
70,100
11,89,118
136,74
100,60
31,81
83,81,24
43,102,106,10
131,30
83,141,92,79
51,83
93,135
93,43,14,78
22,72
82,3
13,54
43,115,5
2,30
58,29,19,14
24,26,54
15,3
14,104,100
24,3,27
43,44,102
48,116
2,43
105,78,23,39
3,12
22,38,139,78,85
87,22
117,78
74,87
45,30
34,62
52,108
138,106,78,90,91
102,116,48
15,14
141,33
133,54,13
67,36,61
43,58
105,22
36,80,13
27,41
67,16
18,65
3,27
67,49
0,142
60,105,78
10,63
105,51
120,5
16,82
23,8
124,115
97,113
15,137,37,2,19
15,66,28
39,82,92,81,72,140
67,62,88
4,51
79,80,13,24,27
10,102,63
93,9
51,7,29
14,141
70,37
0,50,57
32,77,19
43,132,15,59,2
23,81
47,28
11,48
27,3,107
59,43
82,43,29
66,102
124,43
6,47
66,16,14
17,10
20,66
43,76
141,51,92,49,67,78,36,41
113,64
100,66
20,14
40,136,50,56
81,60
1,56
50,24,56
40,56,50
102,119
98,74
90,56,28,23,4,67,76,43
28,48
3,50
28,47,52,17,10,102,129,48
84,33,34
130,20
0,56,50,57,1
62,19
34,32,126,85
128,64
26,42,12
35,131
64,16
45,30,5,36
50,125
24,54
44,10
74,73
92,87,33,31,39
96,39,87,60,72,81,22,92,111,141,83
124,4,132,65
75,31,50
23,86,22
74,56
72,78
68,90,33,22,16,41,14,91
62,95
49,66
10,63,48,119,102
83,31,81
82,83
100,62
17,48,102
12,86
39,60
62,16
44,2,131,6
1,78
50,2,33
65,51,132,7,2
6,51,4,2,36,18,21,63
32,84,83,81,34,77,138
136,133,49,15
11,66,116,70
97,57,85
40,87
3,76,12
62,121,41,49
56,50,136
32,85,96,34,33
36,45
113,70,66
60,78,39
41,1
78,72
102,10,52,47,48,11,123,118,63,116
23,138
103,52
22,23
39,72,78
29,4,2,14,62,59
84,90
18,51
32,98
51,14
24,50
31,32,138
101,57
139,12
74,32
85,105
126,62,66
141,82,31,34,96,81,33,85,32
100,102
72,136,44,19,141
60,102
21,28
102,116,10,48
6,35
