0,1,2,3,4,5,6
7,8
9,10
11,12
13,14
7,15
16,17
6,18,5
19,20
21,5,22
23,24,25
26,27,28,29,30
31,32,33
34,27
23,35
36,37
38,39
40,36
21,9
41,4,6
40,25,42
43,22,44,45
14,46
47,41
48,20,10
38,49
20,50
12,51
44,19
40,36
20,52,34
53,54,6
55,56
57,58
59,4,5,9,60,22
36,61,62
23,35
63,4,3,1,6,5
64,40
65,66,33
67,68,69,20
67,70
71,57
72,73,74
75,61,23
76,77,57,14
78,32,79
72,66,75
62,80
14,34
57,54
81,32
33,78
82,48,4,58
82,69
5,20
56,80,62
28,41
83,68
82,76
23,61,74,84,57
30,10
28,85
22,34,30
69,56
54,86
87,88
89,49
8,73
57,7
79,90
21,54,91
55,64,56,57
6,34
33,37
9,45
91,39
52,92
93,31
61,81,33,7
4,44,94
31,92,32
6,1,95
51,7,96
67,97
98,19,44
98,9,42,41
85,99
39,38
64,40,57
43,70,100
45,14
34,1
55,58,62,101,56,36,15,16,71,64
6,85,41,102,0,18
83,88
91,68,38
33,83
44,67,103,49,77,100,69
104,46,44,49
44,49
29,76
49,4
67,91,105
31,33
71,56
38,44
5,86
16,40,61
69,106,61,23
90,107
46,108,61,77,1,65,53,10,38,17
43,60
89,19
11,73
109,31,79
39,38,67,91,19,48,20,49
19,53
19,102,49,29
91,68
21,110,111,45,42
65,62
56,112
23,113,114,90,86,115
29,34,10
19,82
5,104
114,86,62,17
61,23,7,12,75
74,116
20,19,44
40,57
35,79
30,26
33,66
88,23,7,64,38
83,87,117,118,88,119
55,7,91
43,38
44,41,6
79,33,120,83
121,73,11
122,89,43
34,29
99,44,109,17,61,57,49,92,86,45
100,60,70,39,38,122
19,59
118,79,120
19,44
45,9
3,97,2
30,118,99
44,38
112,31
101,117,7
57,65
86,23,54,79,52,24
90,72
51,57
48,36,75
19,44
35,92,109
123,110
124,64,57,54,112
18,14,5
49,28,101
125,102
33,126
0,42,10
85,28
21,6,94
61,108
24,79,101,109,57,36
20,99,50,67
30,34,13
80,71,112,56
52,32
85,43,104
31,107,75,57
27,6
92,64
27,29
75,19,61
127,114,75,44,67,28,110,48,15,46
90,114
74,7
128,43,40
52,51
54,57
85,108,90,31
20,89,38,41,99,22,76
82,44
39,60
125,44
43,44
14,110
20,116,99,50,68
129,46
61,83,7,90,34,31,103,57,94,54,18
74,51
121,94
17,113
54,130,23
59,46
23,13
126,83,118
46,21,6,53
120,31,92,79
131,33
123,90
7,11,73,61,52
57,132
8,66,7,74,52
50,45,41
57,49,23
9,36
65,24
38,91,49,69
30,34,4,1
129,38,53,39
76,99,67,82
23,17
43,119,133,132
49,92
125,47,106,77,20,103,50,82,116,134,69,99,67,91,76,68
81,8,66,75,74
89,77
58,135
7,64,50,98,74
123,14
68,46,50
91,110
121,102,14,9,21,45,98
77,11,90,76,103,64,44,39,49,83
66,126
42,100
136,0
101,11,20,3,52
54,23,86
32,15,79
5,137
11,75,52,61
99,7
34,102,98,14
2,41
7,74,75
105,101
57,40,71
18,85
6,34
24,23
39,19
30,42,39
57,25,101,64,103,78
70,18,53
76,82
38,82,9
41,99
54,65,23
75,81,72
75,7
137,4,13
76,77
69,19
20,67,42,69,101,98,36
46,20
64,57,58
121,123
119,83,7,88
31,118,109
28,18
108,7
18,103,19
79,72
49,38,39
33,74,50
91,76,104,103,50,48,100,68,99,38,39,20
9,26
133,35,57,36,64
101,66
101,57
28,49,20,18
133,64,40
73,81,74,75
18,20,49
38,91
108,112,83,11,71,36,23,31
106,99
59,104,67,44,123,95
66,71
23,86
34,6
64,86,78
29,98
20,116,69,103,125,76,91,67
23,90
7,133,61,69
57,65,75,130,62,40,7,61
62,71,80
79,109
126,74,75
66,83,86
135,79
18,111,14,30,95
21,95
38,49
62,23,64
86,65
35,23
95,18
15,7
110,69,10,34,49,38,22
19,4
92,119
45,121
90,56
48,39
18,20,6,105
43,38
6,102
75,66,8
75,56,57,36,87
7,93,90,61,64,25
91,49,44
87,69
52,84
94,41,45,110
42,111,45
12,57
99,76,116,67
71,58,83
128,112,57
59,49
58,24
69,99,77,20,76,103,82
82,69
109,78,33
106,50
21,59,23,9,110,55,26
11,8
71,54
23,45
45,123,9
13,59,104
15,92,37,86
99,103,76
7,52,61,108
118,58
130,16
79,52,75
18,30,27,28,5,29,1,4,6,0,34,26
10,6
23,33
75,61
103,76
8,61
74,31,24,66,90
40,109,38
59,44
75,40
36,64,101,57,40,62,112
54,41
7,54,69
61,92,75,79
19,49
54,90
30,29
82,68
109,61,75
54,71
14,5,6,18
39,67
44,91,116
125,29,77,63,43,68,50,67,103,14,48,38,110,44,99,28,98,20,26,19,18,59,4,45,22,39,3,9,69,102,70,34,46,116,91,121,89
71,112,62
73,74
46,39,38
6,38,89,1,67
75,51,7
22,43,76,6,47
50,14
0,2
68,20,106
31,92,79,109
42,110
50,41,18
54,86,73,40
79,33,32,78,31
35,37
18,74,76,61,50,28,47,79,20,5,54,135
119,120,57,12,124,15,20,3,82,76
102,6,110,4
20,103,44,49
20,69
20,11
9,65
43,82
4,23
54,133
49,46
18,42,69,4
76,74,41,89,109
88,83,79
116,111,70,103
137,5,27
59,61,13,135
38,57,21,98,25,19
44,20
5,6
46,48,44
59,39
40,91
130,132
62,71
49,44
7,33,116
62,80,18,95
84,109
76,71
23,120
49,19,38,91,44,116,20,104,69,43
18,29
124,114
18,30
71,135,112
106,103,99,20
58,138,79,11,54,71,74,101,64,31
92,79,31
130,65,107,54
40,17,62
40,11
93,18
100,60,122,39,43,70,38,53
18,0
101,64
44,101
77,91,116,67,99
99,76
49,44,59,48
42,9
37,104
3,6
121,102
7,68
136,6,2,63
14,121,22
61,45
56,101
21,121,111
79,31,7,24
93,7,61
57,130
90,35
108,93,11,81
40,16,101,139,58,54
78,126,120
95,30
73,92
65,114
78,52,58,7
33,88,31
36,138
77,116,67,76,99
54,17
20,91
32,73,79,11,36
102,49,25
121,22
49,19
102,110,10,14,22
65,54
65,79,62
89,44
71,58,62,36
67,20
54,74
57,46
135,71
75,49
45,41,21,2,47
18,46
50,39
80,62,56,15,112,135,128,71
57,71
50,91
98,23
20,65,99
20,49
92,79
99,42
43,19
89,104,30,23
75,81
11,33,8,52,72,74,79
101,57
71,54,16,56
57,58
93,108,61,52
7,83
62,35,6,75,14,76,110,11,30,91,58,97,71,1,3,133
43,89,39,44,100,49,70,38
69,64
79,92
1,2,30,18,63,3,6,85
93,7
14,30,56
7,61
105,50,125,91,69,68,20
6,67
32,83
83,61
38,39,7
58,16,101,40,57,133,36,64
12,73
31,96,79
104,12,35
82,45
106,68,53,82
118,61
7,11,61
136,3,18,137
14,42,38,50
33,79,118
12,56,37
5,1
75,61
26,44,67
45,134,116
48,40
67,99,82
118,83,87
57,127
55,20
33,54
98,45,6,4
76,67,68
24,54,132
44,14
27,67,44
33,118,79,73,84
121,110,14
12,73
86,57
132,130
45,95,41,9,121,102
48,10,18
22,10
64,120
13,102,94
81,73,12
104,76,68
30,18
32,35
72,74,7
46,44
79,69,36,10,71
84,83,11,61
45,9
20,68,99
130,51,109,24,87,74,114,92,118,117,11,36,33,83,65,32,135,31,128,62,66,57,108,84,40,52,101,23,75,72,112,54,64,93,16,61
104,20,125,91
79,78
124,64,36,113,23,17,86,15,40,35,54,112,62,57,65
123,0,60
40,33
25,107
15,32
46,67,99,49,76,20
91,69,20
64,40
90,130,124,54,65,114,23,86,24
107,35,23
18,6
54,90,65
56,65
20,68,106,99,77,103
43,18,62,57,6
12,74
57,68,65
57,83
61,7
7,24
4,91
128,40
65,124
62,133
56,36,62,101,57,127,135,58
118,126
69,18,65,58,121,118
83,131
3,12
71,23,109,52
132,75,23,62
7,79
36,25
57,36,40
52,75
29,100
64,130
50,19,91
11,96
61,78
11,7,52,12,75
21,22
125,9
25,23
134,76
7,79,8
118,39,79,23,49
11,96
82,99
115,71
85,137
62,112
47,6,75,110,94,17
31,32,79,33
65,114
9,35
84,7,93
62,15
44,99
87,120
6,102
74,101
32,97
24,37
97,14,43,9
103,82,99
104,46
86,78
18,94,6
9,13
6,121,22,10,41,34
44,9,69
36,64,57,40
52,80
94,104,76
46,44,19
6,3
64,71,58,40,15,112
88,119
84,22,36
52,79,73
20,32,119
121,14
125,61,64,9,58,29,45
114,37
22,14,123,102
66,40
123,14
34,49
56,71
112,86
108,7
36,27
76,42
45,18
67,37
22,45,95,18,26,4
127,36
34,102,50,82,99,39,89,18,49
58,36,57,133,40,64
21,109
32,31,83
18,98
91,65
112,75,54,61,57
47,49,52,73,65,110,112,109
16,133
77,24
18,110
44,38
62,57
7,57
75,74,66,72
91,18,20,22
75,81,7
22,123
129,28,76,44
73,112
18,91
41,123
76,103
109,75
103,140,76,82,116,67
74,84,78,52,11
54,64,24
81,74,90,101
102,10
57,40
65,23
70,38
102,100
57,36
9,41
12,7
61,67
90,11,57
76,41,77
6,18,14
94,102,14
110,14,13
118,17,57
17,57
110,6
68,69
7,52
127,55
3,15
18,6,34
33,62
8,73
94,44
20,44
18,5,6
52,5
116,19
17,23
71,37
103,108
61,124
116,108,11,22,44,30,79,4
102,28
79,83,12
4,102,5,9
31,10,49
41,45
54,22,39
11,14,109,58,6,123
96,40
50,103
31,78,120
135,86
101,40,11,57
109,74
116,73,60,112
10,14
39,46
35,24,23,54,17,90,124,86
45,121,6,18
12,11,61,96
99,76,82
22,102
88,126,138,119
67,82
49,19
49,44
71,62
61,11
3,5
109,86,112
108,23
28,34
20,50
134,76,99,70
11,114
100,111
114,23,35
133,101
40,7
84,36
49,10
5,6
6,18,34,3
71,58,64,36
41,9
6,64,76
59,44
6,5
15,57,112
86,36,68
36,109,75,65
114,37
64,82
124,65
38,124,74
39,53
62,92,96
60,43
11,130
11,56,75
20,116
36,64
56,54,36,112,71,57,86,124,115,101,37,135,40
20,38,121
110,137,6,34
52,75,23
83,72,61,84
48,68,39,49
101,64,135,133,128,16,36,62,71,40,57,112
130,100
67,130
116,67
103,100
77,76,134
79,33,75,81,52,11
9,21,41
22,6
14,42,22,102,9,110
74,28,50,57,44,14
22,95
7,52
44,89,76
18,10
44,61,41
19,49
22,99
74,79
91,20
92,88,83
96,84,61,83
103,99
33,18
14,3
6,40,44,15,69,22,12,71
110,112
90,58,20,61,28
52,61
24,65,54
45,4,47,9,6
49,43
61,81
9,41,45
101,7,61,86
76,41,100,46
57,112,40,64
103,53
126,15
64,52
79,126,133
20,39
114,54,71,101
24,81,17
11,61,7
115,61,112
0,3,6,1
101,57,56
39,89
38,39
92,32,118,33,141
24,114
106,20,99
73,120,74
78,58
84,11,92
74,75
110,13,121
98,12,116,48
72,52,75
91,99
64,7,23,91,34,79,27,112,72,82,35,17,130
67,44,9,60
49,70,77,89,59
11,101,115
118,88
61,52,7
64,57,133,58
68,69
66,8
24,135
99,67
38,95
43,46
65,23,90,114,54
57,58
20,12
42,121,22,21
71,54
6,63,5,3
11,79
89,19,39,44
46,18
120,88,83
36,64
69,68
130,75,36,11,86,112,66,57
58,80
51,11
29,53
36,112
86,124,17,130,54,113
6,22
58,79,72
20,33
44,59
131,16
43,60
38,70,43
37,54
44,76,47,50,104,134,19,68
86,37
57,64,15
115,80,75,40,64,131,35
67,103
7,11
62,65
11,114,54
86,54
116,112
14,45
76,6,39,45,49
130,44,7
71,77
89,102,21,49
11,7,108
95,76,49,20
50,49
7,58
130,113
102,14
6,58
49,100,20,44,53,48
2,44
141,119
61,114,90,23,75,107,81,92,11,112,7
6,29
1,4
123,22
20,67
5,18
68,134
109,93
23,65
99,49,68,44
42,121
44,69
93,18
74,12
108,72
109,119,92
57,24
61,76
1,76,9,18
16,64,132,15,114,62,101
57,58,16
46,36
135,101,57,112,62
82,39,48
64,24,86
102,110,98
57,65
76,44
19,53
44,103
90,17
4,26,27
64,57,40
53,123
40,114
83,78
109,120,33
109,11
135,75,23,51,11,81,57
64,32,49
101,80,57,95
45,82
44,19,60,38,49
52,11,93
9,42,41
102,42
116,134,76,82
69,79,109
99,70,39
26,34,18
94,6,45,29,34,5,14,95,102,3
62,109
107,23
119,32
92,120
109,7
28,71,74,57,106
78,33
103,49
7,37
114,107,50,31
70,44
41,47,11
13,123,121,10,94,22,110,14,102
130,17,54
38,39
44,67,39
14,95,121
64,57,101
18,109
41,85
27,5
18,84,65
25,65
50,14
130,65
123,45
6,49
42,34
133,105
39,76
51,11,52,74,7,61,72,84
44,47
5,3
63,22
73,142,66,74,81,8,75
29,112
136,85,18,6,28,4
6,63,5
23,87,88
121,102
58,71
79,11,69
21,19,9
17,40
60,91
76,20,67,82
52,84
123,102,72
20,100,132,35
102,10,45
49,14
45,5
6,0
72,11
20,47,91,50,68
7,75
67,99,69
14,110
23,54,65
45,6,14,10,13,42,41
74,75
6,89,39,44,76
61,109
14,102,41
11,40
52,54,36,15,57,75,12,81
28,10
29,26
3,4
11,135
106,44,28,53,67
77,95
101,3,74,14,7,126
67,44
77,57,135
86,54
88,83
71,101,65,25,124,64,15
40,64,57
99,9,77
84,36,11,75
91,20
121,79,76
52,120
57,62,71
47,110,49,4,23
66,7,51,74
121,9
52,7
48,34
40,57,135,133,36,62,64
44,20
102,91
57,86,54
118,83,7,108,75,74
100,43,53
33,126
102,14
65,130
23,67
74,81
119,79,61
142,12,81,73,66,8,72,75,74
112,74,71,88,58,136,50,39,57,110,56,11,7
10,14
91,69
24,114
79,107,68,112
62,65
9,1,34
74,133,61,101,54,11
93,126,79,75
79,17
104,7
54,86
82,76
117,51
49,89,53,19,46
29,22,41,2,20,18,103,68,44,43,91,0
29,34
7,40,81
62,128
50,39,59,91
69,122
90,65,37
62,112,71
42,21,45,9,41
21,10
14,7,86,82,122,91,18
123,41
52,61
101,11
33,23
76,99
69,41,49,33
101,115
101,37,6,38
110,41
23,24,37
62,56
11,75
40,57,36
56,62
14,30
45,22
46,68,38
109,42,20
11,7
54,130
54,23,86
118,119,126
9,64
22,14
90,38
121,111
136,42,137,41,18,6,27
116,23
50,67,103
61,7
47,49
66,88,52
49,43,51,6,83,57,46,54
9,96
82,0
133,76,85
12,6
39,89
32,109,23,40,11
16,64,120
40,64,133
124,9
33,136
49,104
101,40
7,74
92,33,31,32,79
34,30,18
130,71
20,1
38,49
99,122,11
44,38,123,4,6,121,116,14,22,49
92,33
9,67
121,5
86,109
33,23,32,31,65,62,58,74,7,109
40,11,64
1,18
7,12,79
122,44
6,4
57,40
62,112
57,16,65
20,46,9,6
20,1
31,114,36,124,130,65,83
49,19,44
40,83
65,54
23,139
90,86,65,54
43,77
40,37
16,33,7,64,56
57,118,135
110,30
24,114,23
9,23
86,130
5,48
115,23
30,69
115,36,23,112,54,135
112,101,67
57,23
18,6
7,19
113,86,54
105,39,89,69,38,116
66,99
36,40
57,62
44,68,38,1
106,49
61,81
57,107
42,45
38,49,46
135,62,71
3,1
126,31
109,44,116,21
32,92,33,120,79
8,57
4,6,5,18
106,14,21,68
14,39
20,91
45,42
75,130,114,64
44,49
18,64,38,71
66,81,72,74
27,26,34,29,85,28,18,30
88,117,119
72,61
31,88
39,19
40,64
62,61
93,75,7,84,51,11
78,61,83
120,79
13,43
45,9
109,74
85,58
48,102
72,69,95
79,31,92,83
41,67,20
7,15
116,46
103,28
30,73
71,124,54,74
9,1,26
126,51
94,91
107,54,86
109,120,31
24,23
65,86,54
75,11
61,11
102,121
57,58
9,42,110
94,20
92,141
9,38
142,12,72,74,81,73,8,75,66
92,112,135
68,47
27,94,101
30,14
40,23
44,19,53,89,82,20,46
126,87
136,5,1,63,3,6,2
54,7,133
16,100,75,54,28,68,2,79,57,40,56,18
79,33
79,126
115,80
87,73
74,75,81,66
13,21,42,22,121
83,126
75,109,31
53,50
54,64,114
26,9,30,49,76
19,103
108,106
109,75
38,20
19,16,7,36,30
57,64
44,82
64,62,9,75,135,20,127,50,90,19,112
130,23,25,54
6,4
141,88
46,45,42
88,79,32
17,101
52,33
79,88
50,20,91
49,6
92,131,120
105,38,59
71,65
50,28
79,109
57,58,36
41,45
30,6,137
9,97,41,42
130,17,86
61,92
64,57
48,44,43
61,7,81
129,39
114,86
115,48,37
42,41,14
44,89
102,41,30
15,62
101,7
10,21,121
18,42
11,81,51,74,75,73,61,7,66,108,84
15,7
100,89,44
73,81,74,75,8
64,71
5,22
69,67
102,110
68,19
68,116
56,25
101,64
135,15,101,112,62
102,69,103,47,20,6,19,48,14,94,121,82,46,104,34,49,42,41
15,62,71
36,64,80
1,5,30,0,41,98
99,67
35,139,40,101
71,40
107,130,54,114,65,35
86,114
92,79
135,23
62,109
55,71
49,123
66,75
83,2,130,88
70,123
73,31,88,113
86,33,74
57,36,71,101,23
91,20,105,82,68
59,19,44,104
21,19,94,6,49,68
6,38
123,50
128,101
120,109
11,52,7
62,40,101
92,120,109
67,50,99
20,47,50,105
135,54
99,83
44,105
9,44,99
18,30,29
30,18
51,108,36,7,54,35
138,65
128,56,40,112
99,67
57,16,112
73,7
57,138
69,20
14,41,123,18,102,3,42
73,33,79,66,92,108,109,83,51,7,11
61,73,108,11,7,51
44,40,33
6,11
61,11
20,69
41,29
54,83
94,34
91,20
19,89,44,49
36,44,75,58,46
106,103,44,82,116,49,69,20
103,82,67
99,9,34,41,3
75,76
99,104
44,68,39
51,7,71,92,32,58,8,112,15,57,130
36,57
68,24,83,11,32,49
79,7
7,75
23,54,128,58,40,65
21,9
50,106
30,41
28,27
61,7,11
26,43,22,18
3,22,69
102,37,38
72,124
20,31
4,18
55,40
32,33,109
66,4
15,115
64,88
102,45
14,121
112,32,114
14,20,35,69,40
104,39
5,18
68,50
135,65,6
43,122,70,53,60,100,129,39,38
43,49
56,90,65,112,24
101,83
25,114,54
64,106,75,34
3,4
64,112
135,112
20,50,122,69,44,38,99,47
17,54,65,114
7,40
29,6
23,115
29,123,99,2,10,4,49
54,33,57,90,40,35,79,74,115,31,58,16
14,95
0,4
99,68,27,49,20,46,91,14,53,67,82,106,9,2,6,26,3,39
11,72,93,51
40,135,126
20,47
118,88
89,38
46,44
81,92,74,52,58
44,59
90,16,21
51,65
7,101
32,7,75,61
35,23
5,99
86,79
34,45
51,70,104
110,123,10,102,13,22,14
54,101
54,58,9
