0,1,2,3
3,2,4
5,6
7,8
9,10
11,12
13,5
14,15,16
17,18
19,20
21,22,10
23,7
24,25
20,7
26,27
6,28
29,30,31,24
25,32,33,34,35,36,18,37
38,39
40,32,22
41,21
42,43
30,33
44,45
9,46,10,13
47,26,48,19
49,29
50,32,23
13,51
52,53
54,20,42
55,39
56,22,49,57,58
59,60
61,62
25,1,34,63
64,65,33,31
66,47
20,67,68
69,32
70,71
72,55,5,62,52
67,21,54
73,74
75,64
76,77,78,79,80,81,82,25,83
51,84,15
85,13,51
40,42
51,86,10,42,41
43,32,87,88,50
31,6,28
17,44
89,90
6,20
79,1,34
45,31
50,7,91
92,93,94
95,4
33,27
45,31
76,77
96,52
80,25
66,89,71,28,97,93,75,90,70,33
52,62,59,20,16,74
7,98
2,28
35,61,6,39,74,67
65,99
0,16
51,100
90,75,33
27,74,8,101,41,20
28,90
13,41
40,102,103
82,104
45,94
99,3
105,60
21,23
60,106,84
7,16
71,33
67,36,68,50,98,47,10
87,74
34,2,5,107
27,26
62,27
47,43,42,108
12,19,34
55,50,59,32
36,79
109,110,15,101,14,85,51,13,41
62,67,74
82,12,72,83
111,23,65,98
63,104
53,62,112,52
49,16
91,50,32
0,5
36,62,96,37,113
41,8
114,5
53,115,98
8,15
74,54
76,30,13,93
116,0,4,107,5,34,1
5,79
16,20
63,10
30,29,117,118,77,45
117,62,32,53,21
63,119,62
119,45
79,25
83,21,51,67,34,39
60,84,26
32,50,59,23
84,42,20
25,95,82
103,111,26,40
112,42
98,58,108,25,76,39,103,0
9,55
66,1,7,6,83,104,98
45,6,31
76,72
45,71
3,1
104,5,30,0
43,26
17,45
29,81
44,31
29,120,30,31
92,121,6,75
62,113,37
27,47,84
62,50
22,51,43
8,39
95,79,122,77
30,123,31,6,45
67,47
101,38,110,39
90,72
27,39
25,12,95
44,45
0,124,79
63,125,72,12
51,16
64,71
17,126
20,55
12,72
68,74
116,6,93
63,35
84,38,88
42,108
100,76
61,117,20,67,23,69,16,98,62,19
79,5
25,104
76,121,55,127,48,38
47,40
82,104,1
128,119
24,45
34,1
78,72
107,25
1,129,12
7,32,21,62
76,125,77
62,98
7,24
41,13,51,15
47,83,95
79,80,82
26,60,47,43,40
36,19,62,68,74
28,71
1,0
22,24
107,5
60,26
31,100,130
21,61,82
117,91,74
87,21,37
105,60,26
104,12,72
23,67
35,31
8,53
0,1
131,118
97,71
90,31,122,71,3
20,10
53,68
19,68,87
114,1
118,10,39
13,15
75,129,97,93,33,28,71
48,108,41
39,118,10
25,77,81
22,41,60,58,51,27,87,20,68,40
126,114,12,44
23,53,49,39
20,53,68,132
82,77,83
33,94
46,38,39
7,19
55,20,19
62,31
39,9,131
39,10,46
98,55
24,119
43,103,42,41,86,109
81,4
13,10,39
25,32,22
38,10,88
26,40
45,114,5,90,97,83,121
62,59,74
123,5,1
46,43,74
35,6,71
15,8,38
39,13
42,108
100,70,33,94,93,71,28,90
131,39
14,41,39
66,33
74,62
35,31
1,34
41,14
2,84,121,82
133,23
3,134,25,1,65,34,63
65,72
114,99,42
0,124,3
95,12
40,21
62,52
40,60
1,3,35,92,119,45,33,34
42,39,13
124,25,81,83
92,6
95,79
121,44
5,81
26,60
89,82,5
44,24,45
36,52,62,96
80,77,81,82,76
28,30
47,22,26,102,43,108,40,27,60,42
99,95
71,12
126,15
27,43,42
6,76
11,25,78,28,45,2
86,57,102,26,60,103,105,40
45,1
89,12
65,5
75,50
65,5,130,2
55,21
112,40
20,45
24,6
10,14
10,109,98,30,110,128,84,71
10,88,118,39,8,38
40,51
63,21
26,105,103
134,45
101,40,3,51,41,24
26,27
10,101,40,27,26,38,109,88
30,27,77
47,13,26
71,20,67
88,98,67,26,87,60,32,132,47,13,84
98,21,20
47,108
12,95
3,31
101,111,9,40,27,110,10,8,14,60,38,26
12,1
13,10,40,15,39,51
5,130,107,2
38,101,39,27,13,42
45,29,72,6
82,31
5,1
47,20,42
34,4,2,5
67,55,112,23
118,9,8,39,88,10,38
3,86,1
28,75,93
19,83,68
122,81
39,9,15
100,129
68,3
36,62
33,28,71,70,90
58,67
135,12
19,61
82,79
30,45
25,72
45,17
13,48
31,95,12
111,26,103,43,27
98,21,67
25,12
6,99,34,77
25,0,1
93,121,51,42
125,76,12
50,127
122,12
122,26,31,94
98,21
38,13
17,121,29
9,34,89,77,72,25,93,6,27,45,37,74
5,134,3
91,55
36,50
70,90,71
95,41
79,83
23,62
67,21
61,113
102,26
101,88,110,41,39,27,10
61,53
27,40
9,85,15,41,39,51,38,13,88
115,52
125,0
68,13
22,43,47,42,27
28,33
2,100,80,83,123,4
19,27,35
5,107
3,1
40,20,116,45
101,105,9,26,43
29,30
131,38
12,92
76,121,12
39,86,59
41,5,55,39
3,98,25
31,30
120,34
53,7
134,5
41,62
92,74
50,113
80,79,119
99,95
69,98
110,19
52,98
33,34,17
47,55
1,95,25
58,55
23,91
10,9,131,41
127,98
21,136
19,91,98
26,27,42
63,72
92,6
6,35,100,30
71,66
53,38
81,12,34,1
76,137
44,89,5
45,6
42,27
34,5,1,3
45,121,17,137
23,68
119,71,33
41,48,13,20
13,21
63,51
0,3
12,72
33,121
114,124,135,3,80,1,0,34,12,5
130,20,117
8,10,88
16,133,67,20,21
22,60
119,129
36,8
60,99,95,5,66,21
51,63
40,14
28,33
31,30,6
44,63,5,83,121
34,6,1
26,42
26,47,126,62,92,106,77
20,132
26,93,22,55
92,35
122,93
125,12
119,29,89,71
35,92
87,19,61
87,132,90
88,101
99,2
50,32
5,24
72,6,4,44
93,71
17,33
12,94
12,81
106,20,11
1,94,45,114,75
76,15
98,21
79,77,5,124
15,51,13
64,41,6
78,83
130,34
43,27,38,15,40
61,74
103,110,20
76,12,81,125,1
71,90,89,31
20,67,49
87,54
124,5,77
30,93
46,10
40,104
65,95
60,40
36,62
19,23
45,61,88
21,23
45,137
74,19
40,43,36,98,106,13,27,21,74,39,42,127
43,110
41,110
42,10,106
50,52,67
4,80,79
95,12
56,87,19
66,89
40,51
103,79
9,31
3,138
61,54
15,62
71,93
19,69
92,31,17,94,30,29
100,1
80,129,76,35,6
39,38
0,1,138
100,81
98,127
65,20
133,20,21
60,22
8,27
98,133,55,20,59,7
107,11
26,103
45,81,77,34,72
67,98,59,96,74,112,16
75,17
114,50
78,76
51,15
89,129
131,88,38,39,10
1,27
75,119,70,33
43,27
38,21,13
3,1
38,55,54
130,65,99,5
132,57
75,119,21
65,12
118,41
8,9,39
20,49
33,24
1,5
62,5
65,2,5
6,31
12,95,81
26,31
87,62,54
28,78
5,82,79,3,1
34,5
77,76,25
103,48
134,77
33,61
74,53
138,65,99,107,5,2
39,88,10
90,75
15,13
31,75
34,30,92,31,1,116,70,0,45,126
75,70
76,11,83,12
24,45,30
29,31
31,64
39,9
67,61
87,93
84,47
15,51,41
101,37,75,16
20,0,62
35,93
71,75,90
67,132,55
27,10,60
114,1
93,119,97,71
41,98
58,107,1,98
4,66,129,75
96,53,62
27,55
61,52
63,104
108,42
11,49,139
120,66
40,47
66,90,71,93,70
74,21,39
74,54,68,19
38,95
17,33
126,76
43,47,27,42
72,95
49,62,98
97,28
53,52,113
77,12
69,74,19
34,3,84
68,74,19,87
26,44,71
106,47,43,27,108,42
105,42
132,117,67,59
140,89
92,17,71
60,40,23
127,91
74,38,8
62,68
39,53
43,111,84,42,108
25,47
21,49
36,108
35,12
77,12,81
28,120
45,22
89,90,33
76,98
68,62
29,97,3
78,95
35,128
67,21
114,20,25,22,71,12,64,75,68,33,35,39,17,74,51,30,98,1,19,93,91,40,83,129,54,28,36,78,88,21,38,5,45,23,132,60
16,20,68
33,86,6,31,35,39
77,12,25,76,80,104,125,95,81,72
124,11
6,64,35,30,31
33,97,79,11
26,125
85,127
26,12,1
118,131,10,8,88,39,9,38
112,61
74,54
20,95
35,31,92
27,111
34,82,12,76,79,95,83
136,49,103
74,98
10,22,13
53,16
10,38
4,62
26,40,108
83,80,25
1,5,0
5,63
43,47,111
51,13
42,12
84,12
127,20
1,82
74,35,124
101,41
21,20
19,118,133
54,42
84,8
22,27
21,62
68,19
49,21,62
42,84
83,76,95,79
45,28
107,28,24
91,10
8,38
114,1,5
4,24,107
75,7
5,72,79
21,20,58,133,67,62,52,23,74,68,98,55,49
124,29
61,28
110,73,19,10
74,23,8
0,77
8,41,15
42,59
2,5
74,54,87
45,44,57,40,1
106,127,55,52
37,98
57,60,42,26,43,27,40
10,88
60,20,21
8,42,26,110,41
79,83
22,57
100,33
71,92
0,19,12
15,40,8,42,101,41,88,110
71,90
40,22,101
101,104,138
75,71
92,75
101,85
68,55
113,98
17,126
56,19
26,22
81,107,65,1,3
64,97,31
29,45,31,128,35,92
84,44,107
51,9,39
92,18,45,120,29,6,30,128,17
19,6,7,30
82,4
119,75,70,93,97
68,61,52,62
38,85,41,10,13
6,92
15,43,101
88,31,92,47,71,49
33,71,128
43,55
22,108,27
52,21
77,76
20,50,39
42,110,23
84,111
39,98,10
51,49
45,29
1,0
33,26
34,64
118,39,38,10
52,55
109,15
109,14,41
5,0
27,40
26,10,70
95,34
83,31
3,34
93,136,28
119,71
93,29
68,59,91
45,135,70,121,90,2,1,126
2,5
45,93
24,1,66,135,81,45,34
20,98
101,47
77,25,76,3,78,5
15,13
16,47
35,6,93
26,42
21,16
85,101,13
134,128,30,2,17
34,1,3
25,78
41,26,88
47,111,27
84,62,73,26
31,126
41,103,85
60,90
75,71,28
74,61
86,42
99,5
120,17
13,27
95,11
23,32
74,115,20,21,59,68,98,54,16,67
61,53
23,50
129,9
84,13
40,34
128,64,6
39,85
60,131
74,68,42,17,26,60,59
130,95
8,88
75,71
41,98,55,64,26,29,66,20,75,112,13
91,21
121,28
5,138
42,13,110
70,66,33
23,96
68,21
36,13
5,1
45,123,28
9,21,58,13
118,10,8
5,20
34,99
67,21,13,101,53,8,20
82,3
87,0
80,76
108,10,51
54,73
20,119,3,26,5
92,64
12,1
36,8
17,71,126
1,6,83,0
93,119
3,5
59,55
39,76,114,6,33,45
40,39
117,20
21,35,44,75,49,17,25,72,33,38,71,15,47
25,1,72,12
41,59
114,12,130,1
79,76,81,82,83
10,39,8
20,19
24,41
52,62
5,12
5,26,63
106,22,20
51,13
26,27
95,6
13,14,15,41,88,38,8,9
49,62
70,33
65,5
107,65,5,2
126,121,123,35,45,44,31,6,120
77,81,29
0,122
99,2,138,65,107,5
80,12,95,77
51,74
42,27,26,40
20,14
10,58,42,100
9,41,42,110
5,107
9,88,10
41,50
101,47,42,113,98
134,34
33,126
72,5,4,2,116,34,1
92,6,82,63,33
27,42,20,78,23,13
53,117
9,39
26,74
90,97
121,6
11,5
80,35
53,26,49,20
84,103
34,140,75,95
33,70
90,12
39,42,51,15,106,101,60
9,39
38,19,23
47,98
16,55
3,50
13,71,35
107,123,31
101,10
117,33
40,27,26
39,40,110,15,14,41
32,98
134,5
101,13
86,27,42
34,2
48,42,26,40
74,87,61,54
36,87,68,62,52,74,19
59,40
75,66,71,119
34,76
13,27,10,40
1,24
70,71
51,13,41
73,42
13,35,93,77,132,62,98,126,1,63,91
7,60
132,23,7,127,91,58,59,67,55,117,20,98,21
110,43,106,26
0,6,134,43,41,35
78,4,44,95,93,65,77,122,71,34,11,1,76,17,2,30
5,1
108,60
20,55,74,67
15,64
17,64
9,47,85,131,10,41,22,8
128,33,90,8,97
67,65,1
71,97,30,45
23,98,50,21,55,49
64,17
35,95
42,47
20,21,7,58,98
74,116,129
98,58
17,28,98,60,29,27
20,67
83,76,77,25
73,36
103,60,115
2,5,130,65
45,24,123
26,27
6,35
45,31,35
43,55
16,20
97,32,93,98,33
20,49,23,112,117,74,98,52
6,121
74,58
40,1,116,119,17
31,2
25,41
38,26,16,40
3,31
90,75,28
121,137
61,23,62,59
40,134
62,74
50,54
98,54
3,12,45
134,75,118
138,5
26,9
54,19,62
131,41
42,43
97,6,72,122,60,83,25,95
10,9,131
75,71
20,21
73,74,52
41,58
40,7
38,8
12,95
5,23,66,89,70,30,31
45,128
22,71,23
76,33
67,21,50
119,28
13,113
61,54
92,128,36,47,21,2,127
30,103
112,52
17,6
31,35
71,100
65,45,28,95
83,2,89,128,30
74,38,62,43,8
0,34
134,64,55,133
59,50,49,19
38,68
12,25
62,36,26
101,13
64,6,44
10,9,88,39
105,27
22,41,39
27,68,29
98,40,7
45,71,30
3,0
21,98
21,99
31,30
25,2
71,31
11,12
13,10
82,92
124,20
22,26,42,84
53,113
21,58
98,21,20,60,59
92,24
60,88,84,47,41,57
90,33,129
1,0
43,47
74,21
76,21,44
105,109
19,59,8
17,45,18,24
65,44
17,45
115,112
90,129,100,17
1,108,32,87,76,59,47,5,80,21
80,81,11,104,63,79,25,95,72,76,83,77,82,125,12,122
1,116
93,95,6,81,70,1,5,30,138,33,116
27,8,20
64,29,17,92,123,31,128,6,45,44,24
131,7
41,105,39
31,42
103,48,57,26,86,40,60
15,27,41,26
16,32
90,99
90,105
68,127
101,41,118
85,131
58,74,32,54
10,9,38
61,36
51,124,1
54,87,74
23,32,58,7,127
98,54
17,55
93,28,30
77,99
55,12,5
27,5,40
88,45
65,47,34
36,53,113,52,62
78,76,83
62,20
92,125,14,2
104,78,12
43,42,39
6,119,45
136,33,90
99,130,2,5
83,65,140,17
122,79,83,1
98,21,55,57,39,7
3,0,78
103,47
40,27
62,112
31,30,35
2,124,0,139,4,65,107,5,1,34
126,70
12,77,125,65,34
96,112
36,87
112,42,128
10,47
17,75
25,63
54,21,69,113
39,127
21,23
5,65
84,26
68,23
13,42
136,71
0,5,124
54,12
93,89,33
78,0,11
108,74,21
124,12,31
72,6
79,80,25,72,125,12
71,28
74,52
33,39
31,92
90,129,66,33
54,13,74,68
12,95,122
12,83,77,79
41,86
26,15,91,84,39,47,49,59
1,0,38,26
1,99
2,78,77
35,126
13,26,27,41
61,35
1,76,0
6,75
74,62
74,69,52,19,62,68,113
62,74,68
26,15,9,22,43,48,40
60,38,41,98,21
65,12,122,99,1,34,139,80,5,124,114,3
24,117
53,115,113
102,15
6,31,35,30,120
41,39
86,33
41,40
5,1
113,62,53
93,28
45,34
2,37,42,121,0,47
94,44,31
5,1
76,90,45,77,82
60,129
57,27
121,5
2,60
93,17,64,24
25,76
113,21
68,37
67,21,98,49,20
100,12
13,67
92,129
135,12,122
31,43
140,74,91
91,7
31,6
4,134,1
10,53
3,33,120,82
41,85
49,8,92,124,16,27,95,24,98,38,67,55,64,17,43
62,96,54
59,52,50,21,113,20,67
2,1
114,10
123,22,24
124,3
31,3
53,68
45,137
19,40,39,21,106
119,75,70
50,23,127
43,108
118,60
12,63
59,21
119,76,17,31,83,35
74,54
80,77
97,129
45,122,109
74,127,21
81,95
125,134
31,25,66
92,134
12,66,30
76,83
113,74
74,1
43,13
38,8
41,13,84,43,131,26
12,1
27,26
6,93,45,100,24,66,35,17,33,70,64
86,26,103,40
71,75
33,12,67,14,95
93,52
26,3
98,62
28,89
30,5,107
101,38
20,25
107,1,95,0,12
71,24,31,44,35,119,18,6
74,27,7,111
93,90
52,74
6,77,74
88,110
103,27
52,54,21
2,1,99,107
71,30
116,10,98
74,61,68
41,84,56
42,36
62,32
92,29,6
93,100,90,28,89
42,29
28,83
107,99,2,65,5
135,92
94,76
83,45
75,89,29,6
3,116,92
18,33,45
8,102
41,98,47
16,55
132,45
43,26,40,42,27
96,74,55,87,132,49,19
47,60
10,9,88,39
8,60,88,38
65,139
6,25,66
39,10
107,25
12,25
54,112
3,99,1,4
45,35,6,31
40,27
17,31,66
47,84,40,27,22,26
9,88,118,38,131,39
28,33
71,33
71,31
27,43
8,102,42,15,109,47,39,27,13,101,10,88,26,41,40,48,43,51
31,98,17,135,97
10,9
23,51
58,105
68,118
66,90,129,33
2,99
76,95
41,9
30,99,20
124,0,34
98,67
45,98
112,19,52,54
31,45
26,103,86,40
103,9,40,41
41,23
130,139,2,107,99,5,138,65
22,42,60,13
27,42
12,63
88,85
8,10
5,98
21,5,15
77,12
78,125,11
47,40,26
97,90
128,45,33
21,10
39,42
31,120,121,71,90,24,97,75,6,33,45,35
99,3
32,59
101,98
119,6,121,24,28,104,64,89,76,4,95,136,140,124,122,17,12,29,1,97,92,33,77,35,18,5,93,0,90,25,31,79,100,75,30,34,71
74,132,56,7,91
6,65,95,3,12,5,71,34
60,48,105,40
109,101,41
9,41
81,72
125,104,11,135,12,63,95,72
45,70
34,2
65,5,2
103,43,27,60,40
51,41
97,121,64
25,3,2
62,68,74
79,49,94,134
9,39,10
26,9
70,28,97
92,119
12,79,125,83
13,27,84,26,42,40
66,34
3,5,34
10,32,108,85
33,28
127,10
91,133
25,11
25,11
28,81
140,34,44
76,78
43,27,26
27,105
141,17,29,30,128,92,71,31
101,39
47,40
12,95
53,74
80,77,25
10,23,103,20,8,27
119,33
6,17
84,42
26,40
68,53
20,49
65,34
133,50
6,92
29,70
80,82,76
52,112
6,93
82,76
119,120,24,29,1,138,17,28,12,70
77,44,120,87,3,140,52
26,40
108,10
27,40
10,13
66,12,119,40
68,74,54
68,36,62
45,44
9,8
55,59,50,23
5,2,99
102,20
42,15
74,37,36,61,62,54,68,53,19,113,112,52
6,103
92,31
90,49,79
132,21,98,20
30,6,120,35
90,97
10,13,39,101
39,10
28,92
93,63
98,32,69,67,20
23,103
62,113,115
122,22,77,74,20,17
1,5
64,0,35,41,99,60
52,41,98,35
98,21,10
76,79,1
12,1,122
12,104
114,121,34,25,90,45
1,0
73,68
84,21
96,108
54,76
41,112,114
89,93,121,29
95,122
43,60
45,128
36,113
74,98
27,26,103,43,42,40,108
45,24
121,28,47,12,93
126,6
83,89
91,55
31,90,71
21,10,27
101,14,15,19,42
84,52
0,124,104
60,40
40,74
50,19
98,68
20,21
47,27
5,81
138,139,107,130,99,65,2,5
71,97
75,70
129,71,35,27,31,128,97,1
5,2,65
120,28,45
25,12,99
23,55,21
1,3
92,17
71,115,40
13,15,51,118,109,46,8,101,131,88,14,39
83,76
112,54,62,74,19,36
56,69,73,68,87,19,74,54,61
58,91
39,9,98,43
81,80,82,78
35,52
26,27,21
78,122,63,82,104,135,95,11,80,83,12,79,72,77,25,125,76,81
