682,684,685,688,678,679
18,130,288,970,972,973,226,963,974,964,975,965,966,967,968,969
883,872,884,875,876,877,878
1138,1136,1135,1134,1143,1132,1142,1141,1140
683,684,688,677,689,679
682,685,687
480,481,471,472,473,474,299,475,476,477,148,478,479,469
682,686,688,689,679,681
1,13
520,516,517,509
1,4,5,8
8,10
1037,1030
1036,1033
1,3,9,10
11,12
660,661,651,662,652,663,653,334,654,655,656,657,658
1037,1036
1033,1040
1039,1037
1,4,5,6,8,10
12,2,13,7
15,20
17,20
17,21
694,701,691
23,16
1046,1042
695,697,699
831,824,827,828,829
1028,1039,1032,1040
1042,1050
1038,1037,1035,1031
1048,1046
12,4,6,7,8,10
1039,1038,1036,1031
594,595,596,597,586,587,590
24,26
11,13,3,4,5,7,9
595,597,598,588,589,591,592
920,921,911,912,923,913,914,915,917
11,1,12,3,4,5,9,10
531,521,524,529
530,521,526,529
533,523,524,528
421,426,428,418,419
176,177,178,179,180,181,170,182,171,172,173,175
38,29
39,31
1058,1061
426,428,418,429,419
1057,1065
37,39
27,980,155,101,981,983,984,985,216,986,976,987,977,988,978,979,40,42
1059,1066
1,12,13,3,4,5,6,7,8,9,10
22,24,14,19
695,699,700,701,690,692
891,894,896,885,886,887,890
1029,1028,1039,1038,1037,1034,1032,1040
929,13,36,25,1004,930,116,931,932,8,933,934,935,924,936,925,926,927,10
711,712,715
23,14,15,18,21
44,49
310,302,303,304,305,308,309
693,694,699,700,701,702
841,843,833,836,838
1068,1075
22,25,14,17,19
352,363,354,355,359,362
840,833,845,837,839
892,894,895,896,888,889,890
34,39,28
893,895,896,897,887,889,890
56,53
59,53
180,170,181,171,182,172,173,174,175,176,177,179,51
727,716,718
61,54
530,521,533,522,523,525,528,529
25,15,17,19,20,21
720,726,719
1080,1085
540,543,545,539
1080,1087
55,65
242,243,244,246,236,238,239,240,241
1086,1084
440,431,432,433,436
35,29,30,32
709,44,16,27,251,156,476,710,853,711,8,713,714,703,704,715,705,706,30,707,708
1049,1048,1046,1045,1044,1041
1089,1088
33,39,30,31
44,46,43
46,49,41
441,442,432,433,436
67,71
45,51,43
940,942,943,944,945,946,947,948,949,938,939
1058,1056,1064,1060
1059,1058,1062,1060
1059,1066,1054,1063
611,602,603,604,606,608,609
45,51,52
440,441,442,436,438
1102,1096
22,24,14,15,17,18,20,21
1104,1095
78,74
551,554,547,548
693,694,695,696,697,698,699,700,701,690,691,692
66,48,27,282,165,781,374,100,1148,1147,1145,985,31
1105,1099
1104,1101
551,553,555,547
555,556,547,549
740,730,737
851,852,857,847,849
854,855,856,847,848
290,291,292,293,294,296,297,100,298,155,287,288,299,289,247,218,31
83,87
1107,1115
160,161,150,162,163,164,165,166,167,168,157,169,159,40,73
60,53,65
322,313,325,314,316,317,319
929,931,932,933,934,935,924,926,927
1117,1110
760,761,762,763,765,755,766,756,767,758,759
90,91
1022,1021,1020,1018,1017,1027,1016,1026,1015,1025,1024,215,1023
1116,1113
79,69,38,16,271,261,272,262,273,263,120,264,154,265,354,167,266,3,267,268,269,6,62,10
34,36,27,28,29,31
45,49,51,42
93,94
92,96
275,276,280,281,282,283,274,285
99,95
1069,1078,1067,1076
101,98
1091,1080,1090,46,37,27,1088,19,1086,1085,1084,470,1083,1082,1092,175,1081,146,103,6,1089,8,427,40
22,23,24,25,14,26,15,17,18,19
1120,1131
1128,1123
66,67,71
1128,1124
1128,1125
102,104
1125,1130
564,566,568,560
1129,1131
37,270,271,272,262,273,263,264,166,265,288,266,310,3,267,268,5,203,269,87
66,74,76
111,105
583,573,585,574,575,576,577,578,580,581,582
45,48,51,40,41
110,115
1058,1066,1055,1065,1063,1062
1049,1048,1047,1046,1045,1044,1043,1053,1041,1051
871,862,866,867,859
46,530,531,521,532,522,533,6,523,524,525,526,527,528
24,180,170,181,171,182,172,173,175,176,177,178,3,179,138
115,117
55,56,59,63
1139,1143
761,764,758
55,56,60,65
1087,1083,1082,1081
710,711,712,713,704,715,705,706,707
121,119
89,13,450,661,651,662,652,663,653,654,655,656,657,658,659
1091,1080,1087,1081
125,120
121,125
121,126
33,11,12,13,14,26,27,39,29,0,1,2,3,4,5,7,8,9,10
12,23,24,14,25,15,26,16,17,18,19,0,7,20,21
127,130
794,795,798,800,801,802,805,806
385,387,389,381,382,383
91,84,87
465,468,457,459,461
33,34,35,36,37,28,31,32
771,774,769
583,574,578,581
46,180,170,181,171,182,172,173,174,175,176,177,179,104,9,51
134,140
134,142
137,140
330,333,334,335,326,338,329
44,47,49,50,51,41
583,584,585,578
143,140
102,92,94
1069,1079,1068,1067,1076,1073
1069,1077,1075,1073,1071,1070
1078,1067,1075,1073,1072,1070
880,881,883,872,884,873,874,875,876,877,878,879
1069,1079,1067,1075,1074,1072
1059,1057,1056,1066,1055,1065,1064,1063
144,150
78,70,72,75
45,48,690,691,692,693,694,695,3,697,698,699,700,701,702,40
144,155
34,19,1022,1021,1020,351,0,1019,1018,112,1017,1027,1016,1026,1015,1025,1024,941,446,7,416,61
155,147
1079,1077,1075,1073,1072,1071
152,153
1103,1102,1101,1098
630,631,633,634,625,626,628
784,785,790
740,741,730,733,735,729
22,23,24,14,25,15,26,16,17,18,19,5,8,41,20,21
786,787,789
792,793,783
77,918,12,919,150,376,125,920,348,921,328,911,922,912,923,913,94,914,915,52,42,917
166,157
160,163
112,106,107
114,105,106
130,460,461,462,463,464,465,466,532,456,269,467,457,458,459
476,477,479,470,471
630,631,633,634,637,627,629
397,399,401,391,392,394
402,403,391,392,393,395
851,852,854,855,856,857,846,858,848,849
89,80,82,84
167,168
89,79,83,86
88,89,79,82
114,116,108
891,885,886,887,890
794,797,802
11,12,23,35,13,24,14,47,26,16,0,1,2,3,4,5,6,7,8,9,51,30
1107,1116,1113,1109
55,59,60,62,64,53
176,182
77,24,27,390,380,382,383,384,385,386,387,388,575,389,378,379,126,227,426,349,40,21
17,290,680,681,682,683,684,685,687,677,688,678,689,679,51
819,808,809,810,812,813,815,818
33,34,35,36,37,38,27,29,30,31,32
242,243,244,245,246,235,237,238,240,241
341,342,344,347,348,339,350
33,34,35,36,37,39,28,29,30,31,32
601,603,606,607
603,604,605,607
342,345,346,347,349,340,351
189,190
750,742,743,745,746,749
1080,1090,1089,1088,1085,1092
190,193
485,488,490,492,482
808,811,818
34,371,372,373,374,375,365,376,366,377,367,368,369
22,12,13,15,164,340,110,286,599,611,600,117,601,249,602,603,604,605,606,607,608,609
99,104,92,97
819,815,807
33,34,36,37,38,27,39,28,29,30,31,32
812,814,817
452,453,454,455,444,445,446,447,448,449
310,311,300,301,302,306,307,309
198,204
135,137,131
1128,1126,1131,1119
204,205
201,208
56,57,58,59,63,64,53
143,133,135
650,640,642,643,646,647,639
13,16,520,510,511,512,513,359,515,516,517,518,519,508,509
135,136,142
132,139,142
410,411,413,414,406,408
44,46,47,50,51,40,52,42,43
612,624,613,614
55,57,58,63,64,65,54
55,58,60,62,64,53,65
36,196,198,199,200,201,202,203,204,205,206,207,208
66,67,69,70,71,75
960,961,962,951,952,953,955,958,959
623,614,615,616
411,413,415,416,406,408
22,34,35,36,37,38,27,39,28,29,5,30,31,32
88,90,80,82,85
620,622,613,618
105,106,107,108
660,661,662,651,663,652,653,655,657,658
211,218
88,89,80,91,83
215,216
561,563,566,567,569,570,560,571
1058,1057,1056,1066,1055,1065,1054,1064,1063,1062,1061,1060
215,219
220,215
830,825,828
831,825,829
908,909,910,902,904
144,145,149
110,116,105,108
1104,1101,1100,1097,1094,1093
1136,1133,1143,1132
1104,1103,1101,1097,1096,1094
363,353,355,356,357,358,359
37,29,293,560,740,234,741,730,456,137,731,732,127,733,734,736,737,738,739,729
942,943,944,945,946,938,939
1137,1136,1135,1141
44,45,46,50,51,40,52,41,42,43
352,364,355,356,357,358,361
222,234
497,498,501,503,506
820,831,832,821,822,823,824,828
1134,1144,1133,1142
231,232,233,222,234,223,224,225,226,227,229
233,225
870,871,860,861,862,866,867,868,869,859
820,831,832,822,823,825,826,827
760,761,763,764,756,757
840,835,838
160,283,520,510,511,512,513,515,516,517,518,519,508,509
630,632,633,629
26,27,1121,1120,1131,1130,172,1129,100,1128,364,1127,1126,1125,1124,1123,303,314,1122
239,240
840,843,844
1069,1079,1068,1067,1076,1075,1074,1073,1072,1071
1080,1089,1085,1084,1083,1082,1092,1081
246,241
420,421,422,426,427,419
1069,1079,1068,1076,1075,1074,1073,1072,1071,1070
890,891,892,893,894,896,885,897,886,887,888,889,40
919,911,923,915,917
66,67,68,70,71,72,76
550,551,552,554,555,556,557,547,558,548,559,549
128,129,118,119
420,424,425,427,428,418
166,169,162
224,830,820,831,832,821,822,823,824,825,606,827,828,829
257,250
258,251
720,721,723,724,725,726,716,727,717,728,718,43,719
1010,0,355,740,741,730,731,732,733,569,735,736,737,738,739,729
510,511,512,513,517,518,519,508,509
38,370,351,310,300,311,301,312,302,138,303,304,305,306,50,308,309
1107,1106,1117,1114,1113,1110
650,644,645,638
265,268
643,645,646,647
1118,1116,1115,1111,1109,1108
980,981,685,982,356,983,985,986,976,987,977,988,978,979
772,774,775,777,768,769
971,972,973,974,975,965,966,967,968
1148,1147,412,1145,238,305,93,150
360,362,352,363,176,353,364,354,2,355,356,169,357,358,359
134,140,141,131
132,136,140,141
770,773,777,778,779,769
278,281
278,282
671,672,673,674,664,676,667,668,669,670
275,286
194,184,185
442,431,432,434,435,438
188,192,185
44,45,47,48,16,49,50,40,51,41,52,42,43
12,89,292,1107,1118,1106,1117,1116,146,1115,356,1114,302,1113,1112,1111,249,70,42,1109,1108
842,843,833,844,834,845,835,837
187,188,195
78,46,24,1011,1010,1008,1007,1006,1005,1004,1003,1014,1013,1012,568,40,1009
191,194,186
191,192,194
662,651,654,659
840,842,843,844,834,845,836,838
1069,1079,1068,1078,1067,1076,1075,1074,1073,1072,1071,1070
292,293
662,657,658,659
1069,1079,1068,1078,1067,1077,1076,1075,1074,1073,1071,1070
299,293
530,531,532,524,526
1128,1125,1124,1122,1121,1119
90,81,83,84,85,86,87
199,202,196
99,102,103,104,95,96
200,202,197
145,156,148,153
34,13,540,541,542,543,544,545,534,546,8,536,207,537,538,539
1129,1127,1126,1123,1122,1121
155,145,156,151
303,304
200,202,206
1091,1080,1089,1087,1086,1085,1084,1083,1082,1081
303,307
260,130,350,340,351,341,342,343,344,345,346,347,106,349,339,73
121,122,124,125,120
202,205,207
310,307
781,784,785,786,787,791
59,1000,990,144,991,992,993,994,995,159,996,997,1001,999,504,989,96,10
895,888,890
673,666,667,668
942,946,947,949,938
1121,1120,1131,1130,1041,1129,187,1128,1127,1126,1125,1124,203,1122,30,1119
672,666,668,670
740,741,730,731,732,734,735,736,737,738,739,729
792,781,793,785,786,789
1033,1032,1031,1030,1040,1029,1028,1039,1038,1037,489,1036,1035,21
894,896,889
316,317
891,894,896
320,314
792,793,783,785,788,790
452,453,443,444,445,447
1011,1010,161,1008,1007,365,1006,1005,1004,1003,1002,1013,1012,309,1009
321,317
213,217,209
981,982,983,984,986,976,987,977,978
673,674,675,670
77,67,78,68,69,70,71,72,73
99,56,59,49,391,183,0,610,599,611,600,601,70,526,603,604,605,606,607,608,609,98,43
168,157,159,162
323,325
672,673,675,676
44,45,46,14,47,37,15,48,49,27,50,40,51,41,52,43
544,534,546,535,539
167,168,159,164
543,544,545,537,539
334,327
335,327
909,899,902
165,168,169,161
166,167,168,162
335,328
396,397,398,399,400,401,403,391,392,393,394,395
332,334
909,899,910
334,337
223,224,226
689,678,679,680
1139,1136,1134,1133,1143,1140
101,102,103,92,93,94,98
69,172,196,197,199,200,201,202,203,204,205,206,207,208,65
343,346
683,687,688,679
339,351
350,340
1139,1138,1137,1135,1143,1142
344,347
342,350
231,232,233,222,234,224,225,226,227,228,229,230
343,350
177,170,172,175
345,350
918,911,914
33,89,46,58,161,293,250,274,970,971,972,158,973,963,974,964,965,966,967,968,969
1139,1144,1133,1143,1141,1140
220,166,210,221,211,212,213,214,216,217,218,219,209
310,300,312,301,302,304,305,307,308
1107,1118,1106,1117,1114,1112,1110,1109
990,991,993,994,995,996,997,1001,1000,999,989
760,762,763,764,765,755,767,757,759
922,923,914
550,552,553,557,548
570,560,571,561,572,562,563,565,566,567,568,569,42,21
66,67,78,68,69,70,72,73,75,76
355,361
363,357
33,11,23,48,17,196,263,154,320,178,322,323,324,313,325,314,315,316,317,71,318,319
247,238,240
397,398,400,401,391,392,395
245,247,238
396,398,399,400,403,391,395
367,368
462,464,465,466,467,460
365,373
610,599,601,602,603,605,606,608
374,369
375,370
33,44,34,45,23,35,24,36,37,38,16,27,39,28,29,50,51,30,42,32,10,43
11,44,45,35,46,14,47,37,49,27,17,29,0,3,6,8,9,50,40,51,41,52,42,43
253,254,255,256,257,258,248,260,250,251,252
540,541,542,534,535,536,537,538,539
970,963,975,965,969
188,192,183,184
253,254,255,256,258,259,248,260,250,251,252
188,189,191,184
22,29,180,181,171,182,172,173,174,175,176,177,178,211,179,216,108,97
275,286,277,279,280,281,282,283,284,274
55,56,57,47,58,60,61,62,63,64,53,65,54
256,249,250
188,189,194,186
194,195,184,185
254,256,250
275,286,277,278,279,280,281,283,284,285
379,381
385,378
88,90,81,82,83,84,85,86,87
110,112,105,117,106,107,109
693,694,696,697,699,691,692
187,193,194,195
258,259,252
562,564,566,568,560
940,942,939
871,861,862,863,866,867,869,859
561,572,562,564,566
110,112,113,116,105,117,106
485,486,487,488,489,490,492,482,493,483
693,695,696,697,701,702,691
943,947,939
484,486,487,489,490,491,492,482,483,494
709,703,715,705
391,392,393,394,395,397,122,398,399,400,401,402,403
709,711,714,705
399,394
400,394
403,391
230,231,232,233,222,234,223,225,104,226,227,228,229
267,268,261
710,713,715,708
396,403
473,475,479,469,481,471
961,950,951
990,991,995,996,997,1001,989
411,412,404,415,406,407,409
960,951,953
411,406
990,991,992,995,996,1000,999
960,953,955
415,407
410,412,413,414,404,415,416,405,406,407,408,409
415,409
694,695,697,698,699,700,701,702,691,692
410,416
961,962,953
918,919,29,920,921,911,922,912,923,913,914,42,916,917
584,574,575,577,578
286,276,282
427,417
428,419
420,428
620,612,623,624,615,616,617,619
424,427
580,581,582,0,297,584,573,585,123,574,575,576,4,577,588,115,578,579,625,318,32
88,89,79,90,91,81,83,84,85,86
964,975,965
212,214,215,218
971,963,975
430,432
47,28,242,210,221,211,212,213,214,215,216,217,218,219,209,21
431,435
432,435
434,437
442,432
297,298,287,288,289,291,292,294,295,296
442,437
993,998,1000,999,989
991,995,996,997,1001
550,551,552,553,554,555,558,559,549
741,730,735,729
730,737,739,729
741,730,731,734
981,978,979
144,145,156,146,148,152
155,145,146,148,149,152
452,443
445,450
830,831,832,821,822,823,824,825,826,827,828
452,446
66,372,123,520,510,511,512,513,315,514,516,517,518,519,508,509
1105,1104,1103,1102,1101,1099,1098,1097,1096,1095,1094,1093
454,446
455,446
452,450
154,156,146,147,149,151
986,988,979
222,234,224,227
12,79,570,571,561,572,562,563,564,157,565,5,566,567,568,569
225,226,227,230
1139,1137,1134,1144,1133,1132,1141,1140
38,39,1066,1055,1054,1064,160,1063,1062,1061,163,1060,1059,1058,1057,1056,63,21
310,301,302
1008,1006,1005,1014,1013,1002,1009
374,376,377,366,367,368,369,371
459,461
466,456
990,992,989
464,461
990,995,989
11,46,49,410,411,412,414,404,415,416,405,406,407,408,409
331,332,333,334,337,326,327,328,329
742,744,745,748
907,908,243,5,898,899,910,80,900,901,902,903,904,905,906
331,332,333,337,326,338,327,328,329
760,761,763,764,765,755,766,756,767,757,758,759
13,47,291,233,520,511,512,513,514,515,516,109,219,517,518,519,508,509
721,722,723,716,717,718,719
907,908,35,909,38,274,898,986,899,910,316,900,901,428,219,902,903,904,85,906
995,996,997
929,25,930,931,932,933,935,924,936,925,926,927,928
1006,1005,1014,1002,1010
995,996,1000
474,470
1014,1003,1002,1011,1010
473,472
760,761,762,763,764,765,766,756,767,757,758,759
478,470
473,479
322,314,317
750,752,754,746
474,481
929,39,930,931,932,933,934,935,924,936,925,927,928
242,244,237,241
323,325,318
242,244,245,236
243,244,245,238
484,489
499,501,503,505,506,507
484,493
610,601,603,607,608
610,601,604,606,609
1008,1012,1010
490,493
610,604,605,606,609
760,761,755,758
493,494
1099,1098,1097,1095,1094,1093,1105,1104,1103,1102,1101,1100,84
1018,1017,1027,1016,1015,1025,1024,1023,1022,1021,1020
37,17,1093,980,981,983,984,985,986,976,987,349,977,988,978,979
121,125,126,127,128,129,119,120
496,500
253,254,255,257,258,259,248,249,260,250,251,252
332,333,336
495,507
763,765,766,756
78,37,391,392,150,393,394,395,0,396,397,398,399,401,402,403,42,31
44,591,592,593,594,595,596,586,597,587,598,588,589
504,505
198,199,200,205,208
200,201,206,207,197
850,853,855,856,846,849
259,248,249,260
255,258,251,252
1017,1027,1025,1022,1021
1026,1024,1023,1022,1021
385,388,379,390,381,382,383,384
1027,1023,1022
519,509
68,48,850,136,851,796,852,853,854,855,846,857,847,858,848,849
620,612,623,613,617
339,350,351
17,420,421,422,423,424,425,426,427,417,428,418,429,42
1028,1033,1031
520,511,513,515,517,518
523,524
741,730,731,732,733,737,739
154,155,145,146,150,151,153
15,493,298,980,750,981,982,983,984,985,986,976,987,977,988,978
66,77,67,78,68,69,39,156,70,71,72,73,75,76
773,776,777,780
11,55,56,58,59,145,82,60,61,51,62,30,63,64,20,53,65,10,54
794,795,796,798,802,803,804,805,806
531,532
1029,1037,1036,1032,1030
264,267,269,270
720,721,722,723,724,725,716,728,717,718
721,722,724,725,727,716,728,717,718,719
363,355,356
364,354,357
355,360,362
542,535
543,535
221,214,215,216,219
1039,1035,1034,1033,1040
33,580,581,582,583,584,573,585,575,576,577,137,578,579,108
1048,1047,1041
45,530,531,212,521,532,522,533,523,448,525,526,109,527,528,529,95
1048,1044,1053
1044,1052,1051
551,549
792,781,787,788
550,552
522,524,525,526,527,528
632,633,635,626,627
871,864,865,866,867,868
557,549
552,556
550,558
374,365,373
375,366,372
630,634,635,625,637
45,24,47,750,751,752,742,753,214,743,754,744,745,747,748,749
376,370,371
277,281,282,283
286,277,278,285
750,751,742,743,744,746,747
562,566
561,569
563,567
1049,1047,1045,1044,1041
1055,1065,1061
440,441,430,442,431,432,433,434,435,436,438,439
166,157,169,158,160,163,164
410,312,411,412,413,414,404,415,416,405,406,408,409
568,571
750,751,742,754,744,746,749
750,752,753,742,744,747,748
231,232,222,226,230
165,167,168,159,160,162,163
661,651,653,654,656,657,658,659
385,390,380
88,79,18,0,126,90,80,91,81,82,83,84,85,86,87
585,575
584,578
610,599,611,600,601,602,603,604,605,606,607,608,53
288,289,293,296
89,940,941,943,944,945,946,947,937,948,938,949,939
585,582
298,287,290,295
289,293,295,296
586,588
297,298,287,288,299,289,291,292,293,294,296
586,592
1078,1077,1071
594,586
1049,1048,1047,1045,1044,1042,1052
1048,1044,1043,1053,1041,1051,1050
66,77,67,68,69,29,145,6,117,70,71,72,73,74,75,32,76
540,543,545,535,536,537
144,145,156,146,148,149,150,152
595,597
594,598
1048,1047,1045,1043,1053,1052,1050
540,541,542,545,537,538
919,920,921,912,923,913,915,916
244,246,235,238,239
34,740,741,730,731,732,733,734,548,735,737,738,739,729
602,608
1059,1057,1065,1064,1062
246,247,239,240,241
1086,1084,1092
653,720,721,723,724,725,726,40,716,51,727,717,728,718,719
176,170,182,171,172,174,175
611,609
110,111,113,114,115,116,105,117,106,108,109
311,301,306,307
311,302,305,308
671,672,673,674,675,664,676,665,666,667,668
595,596,586,598,587,588,590,591,593
179,180,181,170,172,173,174
614,615
88,89,79,47,38,27,29,1,90,80,91,81,82,72,83,84,85,87
16,49,152,230,0,231,232,111,233,222,234,223,224,225,5,227,228,118,229,41,54
622,615
412,414,415
620,621
891,892,893,894,887,888
421,417,419
255,256,248,249,250
830,832,821,823
26,960,961,950,962,951,952,953,954,955,957,958,959
12,270,261,272,262,273,263,264,265,266,267,268,269,42,54
1099,1098,1097,1095,1094,130,1093,0,188,1105,1104,1103,1102,1101,1100,41
635,629
830,831,825,826
620,621,622,612,623,613,614,615,616,617,618,619
630,636
632,636
550,551,555,556,547,558
426,427,417
325,314,315,317
640,638
643,638
220,211,212,214,216,209
1049,1048,1047,1045,1044,1042,1053,1041,1052,1051,1050
220,210,221,213,214,209
641,646
642,646
641,648
644,646
44,48,18,181,160,131,320,322,333,124,323,324,313,325,138,116,248,314,315,316,317,318,319,21
931,932,934,924,936,925,927,928
541,542,543,545,534,535,536,537,538,539
221,211,213,214,218,219
672,674,665,666,667
38,29,270,271,261,262,273,263,264,265,266,267,268,269,40,42
48,380,150,381,195,382,383,384,385,132,386,387,388,102,389,378,379,117,52
13,570,560,571,561,572,562,188,563,124,565,566,567,568,327,569
673,664,676,667,670
540,542,544,545,534,546,535,537,538,539
652,656
660,651
66,77,22,67,78,68,69,28,136,114,104,70,71,72,73,74,42,75,10
663,653
663,655
771,773,775,768,779,769,780
330,331,332,328
99,39,18,100,101,103,104,92,93,94,95,96,63,97,31,98
660,663
99,22,100,101,102,103,104,126,92,93,94,96,97,98
770,771,773,775,777,778,779
265,267,268,270,262
909,899,910,902,903,906
770,773,775,776,778,779,780
264,270,272,261,273
676,666
35,280,281,282,283,274,285,275,286,276,277,278,279
421,423,424,426,427,428,418,429
37,17,2,620,621,622,612,623,613,624,614,615,616,617,619,20
452,453,444
854,846,858,847
852,853,856,846
854,858,847,848
686,677,689,678,679
686,678
57,16,142,880,176,881,882,146,883,873,884,444,874,875,876,877,878,81,879
484,486,487,488,492,483,494
686,680
484,485,487,491,492,493,483
688,679
591,592,593,594,386,595,596,586,597,587,598,588,589,20
1137,1141,1140
484,485,486,488,491,492,493
231,233,223,227,228,230
960,961,962,952,953,954,955,956,957,958
694,690
468,458,460
462,468,457
463,467,459
694,695
1148,1146,1145
700,692
1103,1099,1097,1095,1094
276,277,278,279,283
918,920,911,912,916,917
176,177,180,181,170,171,172,175
860,865,866,859
940,941,942,943,946,948,949,938
22,23,25,190,191,192,181,193,194,183,195,294,184,185,186,187,189,312,104,6,106,70,40
495,496,497,498,499,500,501,502,503,504,505
286,276,280,282,284
704,707
707,708
711,704
176,177,178,179,180,170,182,175
199,200,203,204,207,208,196
24,240,241,242,244,245,136,235,246,158,236,247,237,215,238,239,43
714,704
143,620,621,622,612,623,624,614,615,616,617,618,619
792,781,793,784,788,789,790
711,715
693,695,698,699,692
720,716
363,353,360,361
358,359,360,362
723,716
364,354,361,362
722,719
725,719
13,890,891,892,893,894,896,885,897,468,886,887,888,515,889
727,718
242,243,247,237,239,240
721,727
495,496,498,501,502,503,504
297,287,288,289,296
484,490,483
298,288,290,291,292
165,166,157,169,158,160,161,162,163
1091,1080,1090,1089,1088,1085,1083
484,486,493
621,612,623,624,613,615,616,617,619
881,882,883,872,884,873,874,875,876,877,879
736,729
880,883,872,879
882,872,884,877
880,881,882,883,872,884,873,874,875,877,879
299,293,294,295,296
376,365,366,370
375,366,369,370
620,621,622,623,624,614,616,618,619
742,745
37,460,461,462,463,464,465,466,456,467,457,468,458
375,377,369,372
751,742
747,748
155,145,146,147,148,149,150,151,152,153
747,749
35,270,271,261,272,273,263,264,110,265,266,267,268,269,106,87
99,100,101,102,168,157,103,104,92,93,94,95,97,98
750,753
794,795,797,801,802,804,806
132,143,133,134,135,136,137,140,141,131,142
499,504,505
46,110,111,112,113,114,105,116,7,106,117,107,108,109,42,87
132,143,133,134,137,138,139,140,141,131,142
762,757
255,256,258,248,249,260
761,765
1127,1124,1122,1121,1130
764,767
386,387,378,381
386,388,378,381
1102,1099,1098,1096,1095,1094,1093
451,452,454,443,444,445,447,448
45,130,121,122,123,124,125,126,127,128,129,118,119
514,515,508
14,58,280,570,560,0,561,572,562,563,564,565,566,126,567,568,569,418
1105,1101,1098,1097,1095,1094,1093
510,513,517
772,768
387,389,382,384
460,461,462,463,464,465,466,456,467,457,468,458,92
386,388,389,383
511,512,514,516,517,518,508
512,515,516,517,519,508,509
774,775
774,778
940,941,942,944,945,938
775,780
819,808,809,810,811,812,813,814,815,816,817,807
69,130,121,122,123,124,125,126,127,128,129,118,119
270,271,272,262,273,164,263,231,264,265,266,267,268,269,6
908,898,900,905
1132,1143,1142,191,1141,1140,1139,1138,1137,1136,1135,1134,1144
520,510,512,513,514,515,516,517,518,519,509
898,910,902,906
130,630,631,632,633,634,8,635,625,636,626,637,627,629
709,710,713,703,704,715,705,707
784,787
940,945,947,948,949,939
396,399,391,393
177,180,181,170,182,171,172,173,174
1091,1080,1090,1087,1086,1084,1082,1092,1081
532,521,529
530,521,533
650,640,641,642,643,645,646,647,648,649,638,639
232,222,234,223,224,225,226
321,313,315,318,319
530,533,528
1138,1135,1133,1143,1141
399,401,403,392
794,801
795,800
796,802
795,803
798,801
796,804
13,14,26,121,870,871,695,860,267,861,862,863,864,325,865,867,868,869,859
332,333,334,335,336,337,326,338,327,328,329
480,481,470,471,472,473,474,475,476,478,479,7,469
370,140,373,472,352,960,961,950,962,951,952,954,955,956,957,958,85,959,609,21
731,732,735,736,729
808,807
541,536,539
809,810
812,807
1066,1055,1065,1054,1063,1062,1061,1060,880,1059,1058,1057,1056,318
310,311,300,312,301,303,304,305,306,307,308,309
813,815
35,37,163,251,780,770,771,772,773,774,775,776,777,778,768,769,52
39,0,750,123,751,323,752,742,743,754,127,7,744,745,746,119,747,748,749,62,30,21
819,818
961,951,952,956,957,959
331,332,326,327,328
870,871,860,861,864,867,868,869,859
821,825
823,824
1107,1118,1116,1115,1114,1112,1110
410,411,412,414,404,415,416,407,408
66,77,22,67,23,68,69,163,0,166,137,138,91,70,71,72,73,74,52,75,76
825,828
709,710,711,712,713,714,703,705,706,707,708
830,827
18,480,481,470,471,472,473,474,475,476,477,478,479,32
275,276,277,279,284,274
929,935,924,925
834,836
929,930,932,927
933,934,925,927
841,833
841,835
841,839
843,838
583,584,573,574,575,576,577,578,579,580
841,843
1077,1076,1075,1074,182,161,1073,1072,1071,1070,1,1069,1079,1067,1078,747
420,423,425,417
77,67,23,25,59,141,450,0,451,452,453,454,443,455,444,445,6,446,448,449
566,567,560
907,908,56,909,46,174,320,102,168,898,899,910,900,219,902,903,904,905,906
853,846
851,848
856,846
855,848
852,857
972,963,974,964,965,967
971,973,963,965,968,969
940,941,942,944
1110,1107,1118,1106,1117,1115,1114,1113,1112,1111,667,1109,1108
861,859
345,348,349,339,340
941,943,948,938
971,973,974,965,967,968
862,863
341,342,344,349,350
868,859
1128,1126,1124,1123,1122,1130,1119
870,859
540,544,545,536,537,538,539
431,432,434,435
870,864
870,866
573,585,582
585,575,581
441,431,438,439
874,877
880,881,882,872,873,874,876,878,879
763,755,766,757,759
874,878
44,67,130,120,0,121,122,123,125,126,127,128,129,118,119,41,52,31,32
473,476,477,478,479,469,480,471
907,908,909,898,899,910,901,902,904,905,906
474,476,477,479,480,481,470,472
884,879
881,882
790,791,781,792,782,793,783,784,785,247,787,788,129,789,72,63
880,884
298,299,290,291,292,296
587,589,593
45,59,17,140,141,142,132,143,133,134,135,136,137,138,139
596,590,591
891,889
897,886
44,160,110,112,156,113,114,115,105,116,106,117,107,108,109,94
981,984,976,987,978,979
454,443,445,449
740,732,733,734,735,736,738,739
453,445,446,448
982,983,984,976,987,979
1107,1106,1114,1113,1112,1111,1110,1109,1108
363,364,354,359,362
901,905
909,903
642,644,645,646,649,638
603,606,608
650,640,642,645,649,639
771,774,775,778,769
1135,1144,1133,1143,1132,1142,1141
912,917
921,912
912,923
550,551,553,556,557,558,559
923,916
156,102,1148,136,26,1146,1145,30
376,365,366,368,369
45,14,290,291,292,293,294,295,296,297,298,287,299,289,239,75
463,467,459,460
465,468,458,459
630,631,632,633,634,635,625,636,428,626,627,628,629
924,926
99,11,14,38,161,153,100,101,112,102,103,147,104,92,93,94,95,41,97,98
929,928
930,933
931,935
932,935
265,266,269,272,261,273,263
264,265,267,268,271,273,263
1008,1007,1006,1005,1004,1003,1002,1012,1011,1010
11,45,35,26,39,190,152,230,285,231,232,233,222,234,223,224,324,226,227,228,229,81
781,782,784,789,791
891,892,894,896,897,887,888,889,890
793,783,784,785,790
633,626,629
943,945
945,946
44,120,121,100,122,123,124,125,126,127,128,129,118,119,73,95,98
631,633,628
918,920,921,922,911,912,923,913,914,915,916
631,636,627
478,469,480,471
161,130,120,121,122,123,125,158,126,127,128,129,8,118,119,84
310,300,311,124,301,147,312,303,304,305,306,307,308,309
840,841,842,843,833,844,834,845,835,836,838,839,21
950,953
320,650,640,642,643,644,645,646,647,648,649,638,639
385,386,378,379,380
13,110,320,321,322,323,324,325,314,315,316,317,318,319
951,959
590,591,151,592,240,593,594,595,596,586,179,597,147,598,588,589,93,94,42
960,954
385,386,387,379,380
961,956
992,993,994,997
965,968
996,997,999,989
0,167,310,300,311,301,114,312,302,303,304,305,306,307,309,31
972,964
220,210,213,215,216,217,218,219,209
176,178,179,180,181,170,182,171,172,174,175
671,673,675,676,666,667,668,669,670
970,969
671,672,673,674,676,665,668,669,670
1006,1005,1004,1003,1011,1010
484,486,487,489
972,974
794,795,798,804,806
660,177,661,662,652,663,653,654,655,656,657,658,659,30
977,978
495,496,499,500,502,504,505,507
799,800,801,803,805
985,976
980,985
984,987
660,662,656
672,675,676,666,668,669
760,761,764,755,756,767,757,759
907,908,909,898,900,901,902,903,904
819,808,810,811,814,815,816,817,818,807
330,333,336,338,328,329
292,351,464,794,168,795,169,796,797,512,798,90,799,800,801,802,71,93,803,429,804,806
1107,1118,1117,1115,1114,1113,1112,1111,1110,1109,1108
1107,1118,1106,1117,1116,1115,1114,1113,1111,1110,1108
497,498,501,503
1001,998
496,497,505,506
585,575,576,577,578,580,581
495,496,497,498,500,501,502,503,504,505,506,507,87
675,664,668
26,790,791,781,792,782,793,783,784,785,787,788,789,728
497,502,505,506
198,199,200,201,202,203,204,205,206,196
1003,1013
1005,1011
1019,1018,1017,1027,1016,1026,1015,1023
1007,1013
1011,1009
1013,1010
808,819,809,49,121,287,7,810,811,812,813,814,815,816,807,818
819,812,816,818,807
1017,1026,1015,1020
320,321,322,323,324,247,313,325,314,316,317,318,319
1017,1016
1018,1016,1025,1023
682,684,677,679,680,681
1016,1026,1025,1023,1021,1020
1018,1024,1021,1020
1017,1025,1023,1021
254,255,256,257,258,248,260,252
682,677,681
404,416,405,408,409
37,160,161,162,164,165,166,167,168,157,169,158,159,50
