141 69 85
39 76
113 139 63
40 43 55
113 63
125
123 69
101 117 123 140 80
83
49 80
117
118 119
135
71
15
102 5 54 78

1 39
142 32 35 65
110 113 37 42
25 41 58
102 14 85
107 12 126 57 92
28 41 49 60 81
38 5 58 89
134
105 114 139 61
101 117 140 55
139
11 44 45 93
124 25 79 95
100 103 11 142 35 49 63
12 50 61 85 96
82
113 120 127 34 50 83
87
123 50 57 86 88
109 116 46 56
33 64 78
137 51 8
18 93
105 30 84
0 122 57 80
68
108 13
111 15 77
45 47 53 80
128
95
16 32
75 94 95
103 134 79 91
119 59 63
17 88
107 17 35
116 95
40
106 110 129 62 67 95
38 66
74 90
124
47 85
106 53 94
57
101 107 27 57 92
42 67
33
4
29 89
39 90
0 39 98
11 142 39 41 61
45 81
0 36
102
136 15 53 73
113 94
25
124 26
116 85 96
110 86 99
114 24 67
130 42 47
11
112 43 60
102 12 16 27
77 93
28 97
130 63 86
56 66 75
109 11 2
89
126
31 63
11 123 43
13 17 54
118 122
104 132 63
120 83 87
115 34 4 54 78 9
10 21 28
61
114 13 48 52 59
15 26 98
123 126 70
119
28 96
45
115 27 42
133 17 29 31 63
0 51 53 59 70 83
32
12 121
100 11 23 97
106 3 77 95 98
26
113
106 28 7
10
124 132 139 75 78
81
116
141
89 92
136 30 44 61 75 87
15 52 66
1 52
19 46 92
107
78
106 18
116 120 88
134 139 86
93
119 120 51 79
38 98
28 55
34 39
133 27 78
137 35
34
58 88
34 55 78
36
133 91
8
0
84
56
34 74 77
106 113 45
40 72
114 35 9 99
44 48 97
40 75
103 118 73
12 120 140 37
105 135 55 71 99
134 96
49
142 33 41 77
12 17 35 79
17 31
12
140
118 124 126 22 40 62 72 75 88
105 50 72 85
3
103 81
126 98
104 132 141
44
42
138 30
118 18
42 83
141 24 32 99
17 39 58 9
102 141 40 77 80
114 119 38
31
17 56 9
118 42
58
100 128
111
125 140 141 29
116 58
103 88
125 32 6 80
110 130 43 48
52
43 99
22 69 9
118 27 52 71 76
102 7
22 31 77
64
116 87
53 54 77
13 65
112
128 73 81 85 93
18 95
35 71
111 126 31 91
138 18 63 74
103 119
112 20 54 66
119 5 75
26 58
135 23 64
115 116 92
16 78
1 116 133 20 60 72 87
107 92
38 55
29 98
100 142 38 53
126 79 80
101
47 99
73 79
111 40 56
132 33 38 59 60 69
100
31 91
137
106 108 139 81
64 68
136 28 8
1 115 128 29 42 75 88 92
1 122 39 9
124 129 135 49
131 17
129 3 42
100 139
114 137 43
127 2 47 66 92 93 94 98
13 34
102 134 65
141 25 48
117 76
105
119 2
24 71
133 51 63 88
108 41 44 67
101 39
138 18 47 62 8 80
104 35 72 90
40 54 71
48 56
22
135 30 57 70 92 95
108 57 72
124 55 77
20 48 5 59
140 69
120 61
118 19
66 91
130 68
77 97
114 141
136 62 85
121 53
136 33 70
134 23
68 75 79
132
135 63
121 137 142
79
108 127 55 69
134 32 63
35 44
35 47 8
117 51
116 26 35 40 76
28 41 50
121 15 41 9
142
133 32 42
33 54
113 142 22 23
41
117 125 3
6 93
1 90
79 93
122 15 35 97
128 41 82
7 71 92
114 55
123 57 93
0 103 23 24 87
21 50 84
47 96
65
2 40
32 37
124 47 76
116 6
20 32 95
5 62 64
27 41 50
139 55 94
123
1 127 16 61
102 19 94
132 18 50 58 82 97
112 23 29
117 88 97
136 5 50 52
121 23 8
10 142
1 112 115 117 121 36 41
97
0 113 12 121 22 55 67
126 139 52 75
120 138 140
107 129 135 4
77 94
110
126 31 82
11 25 32
118 142 55 98
121 19 46
107 128 57
126 19 24
18 54
114
119 18
107 128 73
27 29
48 82
102 108 80
132 77
2 42 87
19 56
2 38 95
103 121 13 97
3 71 93
102 135 44 93
36 55 64
133 65
120 38 40
100 13 99
107 72 92
50 79
103 2 33 65
117 17 51
107 64
5 72 78 82
27 45
115 71 79
120 32 79
11 63
115 125 21 64
57 98
16 59 61
136 18 30 46 49 5 79
137 70
103 124
17 78 98
140 80
30 46 70 84
107 28
32 65
139 140 28 36 41 43
47 77
36 63 78
109 22 81
138
63 66
24 40
12 87 92
118 2
0 60 61
130
133 23 76
115 28 39 52 6
34 46
116 139
102 26 38 66 79 86
108 114 130 137 98
1 127 25
134 15 76 83 84
123 23
67
59
107 38
120 66
117 138 53
74 96
13 140 54 9
116 58 68 71
18 97
15 30
14 57 95
106 108 81 84
116 117 76 99
127
128 3 62 93
141 26
70
67 8
96
1 104 21 24 88 98
105 118 33
54 74
105 67 83
113 136 50 96
104 94
134 83
135 38 48
120 20
100 35
32 44
111 125 62 73 74
138 54 98
117 28 76 93
57 68 94
102 49 56 79
112 99
116 12 18 86
10 138 82
2 35 86
110 96
122 52
105 140
85
129 72 9
47 50
141 46 91
114 126 141 28 56 98
24 79
108 135 18 47
136 140 17 57 72 88
140 55 57
123 124
0 68
66 85 98
21 47 56 98
121 70
102 99
13 45
3 55
23 26 57
46
54 70 88
51 66 95
85 91
42 46
47 80 84
104 134 142
106 135 77 90
101 47
103
115 41 81
103 108 112 5
35
0 130 38 80 92
116 138
29 66
43
102 53 62
122 53
52 57 7 79
2
60
85 99
106
100 64
114 117 23 39 83
11 111 30 36
138 72 90
10 71
102 52
10 18 36 7 90
34 81
23 34 7 75
103 112 63
110 48 87
15 28 8
109 11
130 140 65
108 136 25 30 6 95
114 82 87
99
10 134 24 93
133 62 91
131
114 129 27 55 60 91
84 88
116 134
106 24 32 61
107 121 99
117 128 22 26
132 23 39 94
118 127 35
15 22
3 34 88
138 2 54 82 95
101 19 30 63 66
21 77 92
1 17 46 61
104 111 124 16 92
116 121
126 67
105 49 94
101 42 90
1 14 61
136 34 66 70
18 75
33 43
64 76 90
112 122
132 71
13 138 56 81
106 6 82
28 39 51
107 127 69
116 118 7 84 87
133 18 23
19 39 90 98
138 92
36 71
52 54
114 96
53
80 99
116 127 54
101 108 132 141 74 8
16 27 31 42
31 50
63 73
106 134 30 45 87 94 95
130 62
33 96
16 49 72 90
132 81 87
105 120 123 82 92
128 32 70 78
41 46 47 98
24 48 70
115 29 87
101 32 62
129 2 22
12 137 142 50 79
2 44
45 56 62
111 65 86
35 4 69 83
116 26 28
105 122 43
63
21
119 29 62 8
106 17 19
116 134 45
105 19 57
102 109 5 92
6 74
103 134 32 55 60
73
114 125 138 23 4
122 36 68 89 91
14 39
14 28
101 48 87
6
128 129
100 11 31 97
102 121 23 27 66
128 53
103 114
120 139 22
135 30 80
138 40 57
39 7 81
130 89
108 118 77 88
109 91
35 42
43 58 9
34 48 96
104
104 31 48 79
40 88
13 15 85
113 25 61 93
60 67 81
128 17 71
103 112 128 32
108 110 120 122 66
133 22 46
14 8 90
48 72
29 43 53 88
56 6 61
122
118 65
30 42 87
137 20 31 61
103 22 66
69
117 133 65 75
0 65
25 39
1 100 37 96
126 137 81 93
74
2 55 68 74
1 10
114 71 72 87
129 44 92
107 22 49 83
29 3 33 47
103 46
117 122 38
131 139 20
28 49
134 14 35 68
110 124 140 37
70 75 79
107 15
28 65 95 96
113 13
24 28 32 93
86 90
101 104 127 70
140 97
18
26 38 74
101 37 40 63
23 99
111 122 97
129 137 21 8
35 57 6
0 103 112 118 14 15 33
136 43 73
115 5 54
37
80 83 94
102 109 79 80
123 33
140 87
25 72
114 123 142 33 46
106 74
120 65 7 88
127 61 74 85
133 36 78
112 94
0 116 45 7 97
118 13 14 79
102 103 113 123 32 61 64 66
13 137 16
118 48 88
0 107 19 73
125 23 97
10 131 2 36
17 29
103 112
11 47 7 74 88
112 8
29
126 136
72 76
120
120 123 51
141 20 38 99
131 37 74
136
102 109 50
23 61 74
40 49 94
122 14 38 70 89
106 24
104 118 26 42 44 54
129 135 15 23 62
118 139 23 28 31
19 31 52
1 109 132 14 76 80
102 118 3 40 72 85
117 16 48 68
114 130 16 22 32 55 92
116 123 131 32 35 8 96 98
110 94
132 30 33 41
12 135 43 69
20
14 2 26 37 55 94 96
109 27 44
115 86 89
133 31 33 87
23 41
131 41 5
104 38
114 130 68
23
2 78
129 63 89
105 22
107 35
119 138 37
106 55
100 22 64
66
104 62 8 9 97
106 109 142 21
117 25 39 54 71
34 37
116 52 65 75
104 39 57 80 82
79 8 85
100 123 15
134 69 92
112 19 72
33 47 67 87
55
109 3 37 51
0 111 127
104 111 127
142 37 75
115 123 28 37 71 82
16 63
54 65
104 87 88
115 119 60
134 4 95
137 54 63
4 51 60
29 62 78 91
105 131 65
104 99
109 132
16 21 81
41 64 73
20 34 7 78 85
106 141 142
91
112 128 15
52 99
140 92
35 36 62
102 45 59
116 118 44 51 75 80
102 31 80 87
122 26
4 5
10 131 142 17 37 56 85 93
3 38 8
37 80 89
50
75
17 41
0 106 23 29 75
110 24 43 90
7
141 37
108 123 37 45
101 43 62
127 18 50
80
121 124 125 60
105 127 40
127 15 26
110 31 68
26 42 82 83 90
39 72
124 132 5 8
76 89
0 21 28 84
12 137 139
24 53
36 55
74 98
104 127 82
141 16 92
80 89
10 122
25 31
123 19 72 88
133 138 141 32 70
109 115 31 75 95
133 6
107 114 118 126 13 20 39 46 70
128 141 72
121 126 19 24
134 71 80
128 34
1 15 20 28 30 32 76 90
129 40 59
51
120 141 92
44 56 95
132 135 21 30 89
55 70
21 44 46 74 79
125 84 91
102 108 60 9
129 56 95
94
5 79
38 46 54 6
132 49 58
11 117 22 49 74
118 125 33 69 96
42 49
14 78
133 137 30 37 92
109 117 31 36
129 13 78
101 118 31 32 94
31 68 88
6 7 97
136 68
129 33 50
111 127
30 52
12 69 88
0 33
20 68
1 27 58 73 86
130 14 35 45 83
116 122 142 29 54
10 128
4 73
103 114 12 83 91 97
3 61
111 140
103 130
110 140 74
49 61 73
137 22 72 86 87
130 142 32 60
110 44 46 66
15 20 38
111 115 39 70
103 40
1 47
123 130 99
11 17 52 55 6 79
133 14 39 4
30
60 65 72
10 19 31 32
123 3 49 58 68 73 91 99
24
33 73
105 115 134 44
23 64 65
117 126 18 47 73 83 85 90
124 45
118 21
131 42 67 72
22 7 78
126 39 71 89
104 112 57
0 113 141 67 86
111 8
26 97
129 45 81
34 51
44 8
121 17
135 14 91
140 28 79
29 40 46 8
109 38 79
134 15
20 50
107 2 26
103 53 63
38 73
14 63 80 83
19
138 38 65 9
138 18 40 42 48
10 100 99
112 69 93
104 107
20 47
102 125 142 72 9 99
92
76
119 38
80 94
111 65
39 44
101 6 65
13 134 44 59
102 127 132 139
0 31 94 99
121 137 46 93
50 86
73 78
60 88
121 35
7 92
11 89
32 45
25 89 94
100 142
37 5
124 129 142 20 52 74
117 32 37 81 93
11 33 97
24 25
132 36 57
138 140 36 71 75
16 83 85
129 76
103 108 137 59 93
116 120 18
64 78 79
17 18 63 69 80
123 19 52
120 121
71 79 83 89
110 137 86
35 63 88
109 4 44 60 68
23 3 33 71
142 33
4 79
131 21 22
134 56 76
2 41
140 27 72
1 120
6 72
134 75
7 77
100 129
109 87
26 27 3 41 43 63 74
122 126 71
28 60
132 18
1 20 27 7
118 128 34 69 78
123 18 57 73
2 31 99
106 51
102 24 61
135 14 49 66 90
110 134 20 37
10 5
135 51 73 78
101 140 20 25 9
12 129
136 48
137 19 40 71
40 61 79 80
59 76
108 109 37 42 44 57
105 77
17 2
142 41 68
136 67 77
128 23 62
126 28 45 64 98
121 37 83
131 37
106 107 53 66
123 136 14
110 116 2 48 81
100 122 39 74 93
105 106 75
119 123 127 28 36 37
22 63
47 62 79
100 115 137
138 30 39 48 60
127 142 50
12 123 75
36 40 63
138 14
140 4 60 73
9
12 88 89
10 17 31 59
106 28 5
44 66
109 39
113 21 31
101 103 65 98
140 80 88
125 66 78 91 93 98
124 20
26 29 34
116 118 67 80 83
117 57
59 86
103 37 41 69 87
21 82 87
23 35 41
101 18 70 87
128 49
59 62 83
39 91
54 7
119 81 96
0 6
107 87
115 122 125 42
12 19 93
2 91 93
111 3 4 85
124 47
131 132 18 31
117 24
130 16 46 75 97
111 137 75
103 39 4 62
16
77
103 12 132 7
138 49 90
102 118 73
117 41
131 47 85
124 69 93
69 99
26 3
14 38
112 137
14 52
113 17
109 63 79
22 34
106 114 60 63
23 61
88
129
54 57
121 123
0 17 49
32 34 39
15 39 46 90
101 125 44 62
123 3
125 59 6
75 92 96
1
136 49 50
20 34 70 90
102 114 37 42 44
11 116 136 138 90
72
104 33 49 6
31 59 72
3 84
110 136 65 94
117 128 87
121 128 90
129 3 49 70
112 70
139 74 84
104 57
129 130 73
138 71
68 94
62
7 81
100 130 33
119 131 132
14 2 60 97
12 130
0 10 132 72
15 43
10 53 94
3 6
123 129
130 63 70
12 34 57
128 35
118 121 89
116 90
116 125 30
66 92
0 32 91
2 85 89
118 125
17 46 87
0 35
105 70 90
119 140 44
4 65 81
11 139 17 38
13 49
15 42 78
127 43
11 142
116 25 63 75
104 12 21
106 112 129 132 51 64 65 90
136 60
110 114 115 133 63
116 125
4 43
3 59
124 40
106 110 33 78 92
122 88
24 57 70 95
124 38 88
140 65 69 86
18 48 54
1 86
105 106 111 18 36
49 6 74
117 3
12 25 36 59 64 84
10 26 56
100 115 136 51
63 7 70 80
102 136
119 19 60 67
45 78
113 22
55 83 92
120 24 33 55 7
35 64
24 66
34 38 96
33 37
105 45 85
105 70 92
116 139 141
119 26 30 76
39 95
103 16 18 32 51 63 70
121 75
54 98
4 46 96
119 12
48
14 82
127 142 19 65
100 140 17 24 78
138 31
0 38 82
54 80 83 97
121 135 39
130 141 29
107 116 84
11 60
122 3 67
138 23 80
127 16
1 133 137 140 22 84
12 140 82
126 63 8
139 40 47 62
62 96
108 114
26 61 76
22 85
78 79 94
117 31
12 26 73
110 4 82
100 103 18
104 34 97
125 16 56 83
102 115 125 141 76
133 135 70
135 139
117 132 142
122 9
21 81
39
120 128 135
120 128 133 26
110 79 82
42 49 89
116 2 46 80
24 3 31 90
132 67 93 96
32 43 62
142 49 59
136 28 46
1 65
22 27
108 120 85
10 50
26 51 70
118 57 82
117 92
139 2
33 72
130 67
17 91 95
118 17 74
0 10 120 85
104 52 82
26 43
142 19 38 53
139 22 26 65
132 31 4 93
0 18 27 32
13 38 86
48 9
133 72 90
62 9
111 117 129 130
10 119 132 32 85
112 51 93
111 121 24
140 73
129 4 51 59
37 74 85
13 141
118 28
21 26 93
15 49
103 106 37 63 92
33 9
118 31 80
10 104 113 136 2
123 2 20 25 27
131 27 83
86
124 130
104 20 42 81 85 86
1 131 47 7 75
29 48 96
14 30
20 25
10 11 86
71 78
116 117 136 15 65
35 48
51 91
40 47
131 4
127 54 77
107 3 30 64
127 76 87
133
20 44
106 39 53 68 98
34 5 83 97
123 142 82 84 92 96
32 54 99
21 61
100 124 49 87 99
109 121
11 123 61
134 85
12 98
24 65 7
32 66
140 88
133 55
131 18 27 33 49 9
108 120 133
102 138 140 79
116 129 61
45 53 93
124 3 59 99
115 127
119 129
131 138 71 77
10 26 42
1 115
10 114 119
132 136 4 41 56 90
131 78
88 90
30 88
124 135 139
138 68 84
132 44
13 132 137
87 95
103 137 39 49 70 79
25 38 71
100 124 33
105 69 99
127 42 83 9
117 29 55 6 7
118
102 123 20 87
104 127 46 83 99
127 56
128 4 63 64 99
135 17 54 96
16 4
114 31 32
104 124 42
140 54
114 43 8
139 33
104 110 128 7 85
107 12 90
138 59
17 81
117 131 42 45
109 74 97 98
101 43
21 42 84
118 48 87
112 114 91
100 7 86
25 52
14 22 33 70
13 81
129 37
108 70
22 3 56 59
16 19
18 41 8
120 81
17 64
140 70
1 104 20 45 49 94
25 35 67
1 12 99
105 16
105 127 138
116 16 8
142 67
113 136 44 63
122 133 19 22
26 71
133 37 71
32 46
14 16 67 86
102 92
40 52 56 62
113 124 127 2 53
10 132 46 79 99
113 127 32 64 91
11 131 39 80
131 23
23 76
10 130 29 61
100 85 97
109 121 132
114 122 40 45 82
132 42 51 52 86
123 124 141 44
132 2 61
104 107 33 38 43 50 72
21 98
52 58 99
39 74
103 32 46 67 71
27 41 43 55
10 7 8
11 32 69
34 74 87
121
79 83 90
109 22 31 5 57 70
2 58
50 80
0 46 6 65 97
100 130 132
112 54
103 27
112 72 97
0 18 19 69
17 8
33 35
135 44
116 118 142
127 141 50 61
132 21 4 69 90
32 47 58
111 129 84 86
129 13 15 34
110 116
110 121 137
15 42 46 72
27 30 82 90
133 21 83
18 21 49
104 132 27 63
125 58
110 139 68 8 83 9
128 25
126 21 42 83
127 69
0 111 27 49 61 70 95
91 98
27 76 98
115 45 47 64
14 32 42 55
110 9
10 129
125 6
135 136
17 43
108 12 120 140
103 120 19
17 71 84
29 51
113 64
109 33 96
20 36 62
142 18 40 6 78
123 92
135 30 34 77
100 34 6 74
5 52 54 90
106 37 45
140 25
122 47 67 74
138 42
29 62
125 137 140
65 83
100 104 126 133 95
78 80
129 4
26 68 86
113 50 69 97
16 39 64
17
66 71
122 136 52
114 132 45 51
101 40 85
5 78 92 96
35 84
90
101 42 51
14 60 99
112 85
69 89
115
124 19 35 37
10 132 39 84 95
28 39 94
109 136 99
106 124 81
142 4 67
11 122
118 122 20 7
21 90
51 66 97
126 43 50 57
129 88
104 138 6 99
42 62 8
25 8 87
23 41 74
126 63 84
55 57 73 76
108 111 61 85
98
24 50 73
115 20 41
101 15
2 44 83
1 132 43 56 92
100 11 2 42
6 67 81
104 140 71
117 21
107 128 4
114 137 7 8
141 3 45 56
51 71
10 101 68
114 21 49
135 137 72
31 59
111 28 31 38 58
138 76
101 11 87
105 12 134 137 22
13 39 63
101 87
18 26
123 93
104 117 132
120 127 24
32 98
105 132 70
37 88
31 85
100 11 97
17 58
111 70 77 97
116 15 22 36 4
127 40 68 88
34 94
18 81 92
112 83 84
123 3 58
136 33 56
101 47 49
102 17 62
127 136 88
12 35
123 37 53 71 76
125 45 50
113 79 96
2 28 3 38
14 27 64 84
113 119 40
111 25
10 136 22 57 80
120 133 17 22 65 7 70
116 97
80 87
137 26 73 79 90
114 52
102 3 31 46
16 91
11 12 30 75
105 119 35
131 141 97
16 20 87
1 122 131
118 133 24 27 97
18 34 40 64 92
110 13 70 92
9 96
123 136 17 82
17 83 99
108 121 141 6 64
114 3 36 81 85 95
31 5 92
133 44 51 88
53 7
34 48 56
61 83
26 50
100 112
25 58 7
42 63 69 99
0 101 51
140 59 6
130 142 50 57
120 15
114 98
22 40
133 92
107 121
110 25 29 37
102 109 32 55
38 72
33 57 73 75 77
127 68 8 96
140 21
101 119 131 137 77
123 35 47 50 76
105 109 15 21 26 29 89
6 73 90 98
124 95
45 69
1 21 70 94
26 30 35 44
2 22 67
106 11 67 8
116 124 19 59 79
117 17 31 68
11 2 59
118 32 37 43 67 89
57 8
102 55 94 97
14 141
17 34 5 91
114 12 89
125 137 15 53 78 98
105 114 137 6
12 141 55 88
47
134 138 50
105 142 38 56 86
105 20 72
113 38 6
13 31 61 83
126 129 45
41 52
116 140 19 4 42
15 55 6
30 52 97
111 85
135 21 31 74
121 142 21 43 57 91
0 123 127
108
110 47 85
119 35
119 140 65
113 16 47 84
141 29
1 76 8 98
10 106 97
123 126
136 138 43 58 69 82
1 19 42 5 84
124 140 82
126 40 83 90 92
42 86
113 73 87 97
121 124 91
0 34 37
115 63 81
30 31
103 55 64 65
34 45 55 92
67 99
50 51 83 87
101 30 34 43 90
125 35 82
105 17
109
18 34 45 66
127 142 25 73 93
25 4 85
34 73 77
29 39 81 88 92
41 58
141 2 20
5
108 20 63
124 31 6
142 54 7
17 20 31 86
23 52
0 13 19 45 81
11 57
74 88
100 128 136 96
137 139 16 26 3
104 29 30 98
112 135 140 38
118 119 140 29 36 84 99
28 62
140 39
15 66 8
39 78 86
112 41
103 142 42 71
106 107 53
107 85
113 139
63 77 93
21 74
1 14 53
112 138 53
108 17 22
118 99
132 36
112 43 56 89 96
1 137 47
62 64 68
50 73
108 109 14
23 28 8
133 62 70
43 63 72 98
113 41 87
118 119 141 2 25
5 91
127 134 67 70
103 57
101 50 73 75 91
67 76 80
138 46 52
13 50 55 86
36 74 81
119 5 75 87 95
31 43 49 88
133 64 70
115 78
139 53 75 78
121 37 39 4 82
52 53
92 96
142 20 23 72 93
131 90
106 117
101 123 27 57 58 65 67
39 4
119 3 34
123 16 8
131 19 70 74
28 6 9
104 23 32 73
127 24 30 66
2 6
127 81
101 9 98
36 50 52 77
134 2 42
65 85
105 71 85
139 72
102 42 93
23 41 42 49 53 78
125 51
87 88
123 141 42 64
11 33
60 7 81 92 98
102 39 59
100 138 28 55 83 85
105 91
100 138
44 72
108 24 31
113 23 26 38
100 108 11 139
24 39 73
44 46 66 7
10 13
10 116 2 54 7 75
103 72
10 49
11 111 52
22 82
108 34 99
5 86
142 43 58 73 77
32 66 9
38
113 126 137 17 65 67
3 98
141 22
15 7
65 90
129 29 9
111 35
119 64 68
107 112 131 134
131 142 54 64
7 94
102 56 86
11 43 48 55
132 15
111 59
117 122 6 67 73 83
101 107 68
121 4 41
0 121 14 59
125 16
101 111 25 99
12 121 19 24 47 50
15 81
65 86
12 15
117 79
1 12 44
110 135 136 142
107 114 49 82
127 77
128 137 72
113 89
11 125
110 130
1 13 63 85
102 114
24 39
102 23 57
16 36
130 15
103 109
110 124 48 64
74 76
126 128 58 89
102 138 23
115 12
139 43 46
113 39
137 29 59
129 42 45
43 91
100 19 34 44 92
105 23 71 89
141 3 65
36 50 91 98
11 33 37
135 6
106 28 47
45 68 72 8
11 66 90 93
132 26 41
29 77 81
70 78 88
117 44 46 78
101 15 28 37
48 7 91
103 90 96
102 13 21 75 94
102 132 2 82 99
103 33
110 133 29
10 105 124 137 142 2
115 25 60 68 78
23 26 29 79
107 27 86
137 66
102 105 117 24 51 64 84
127 33
110 76
108 24 67
135 14 140 46
133 136 4 71
135 15
107 120 52 84
100 20 46 59
102 28 33 49
100 69 99
104 115 140 37
114 117 135 22 32 96 98
3 53
113 121 23 63
127 3 59 64
101 140 32 40
114 119 27
126 140 45
129 75
66 82
12 80
10 102
106 57 62 73
36 98 99
129 44
101 37 44 51 83
24 91
50 57 74 94
128 140
137 31 55
12 2
110 49
10 136
116 118 22 41
11 82
111 44
109 15 16 50 64
55 58
113 142 19
58 76
55 71 76 97
123 16 20 51
107 135 18 69
142 18 35 62
11 119 21
10 35 42
15 64
26 66 80
118 34 53 66 77
142 35 49 90 93 98
12 69
122 47 81 83
141 23
12 20 3 71
11 112 33
36 54 84
102 133 20 91
107 119
6 80 82
0 140 49 99
1 102 105 19 26
112 30
116 125 72 82
107 132 16 19 60
141 42 57
115 63
128 30 49 65 76
116 16 25
57 95 96
27 58 79 91
126 136 20 39 72
32 42 79
26 44 62 89 94
142 48 73
15 58 69
57 75 99
101 106
114 88
134 37 47
0 124 76
4 67 69
111 114 56 73
101 62
117 136 52 71 89
122 124 95
39 53
114 2
132 61
102 103 80
102 121 32 84
107 37
24 3
0 128 33 88
0 116
108 139 89
102 11 48 56 69 88
124 91
112 36 74 99
109 110 46
28 8
15 22 55
113 2 29 37 71 94
125 16 23 76
46 85
122 47 48
111 115 67
78 82
121 66 81 98
118 32 58 61
128 37
44 53
134 48 80 96
61 73 82
107 109 23
124 30 50 80 82 97
11 134 140 56 61 69
21 23 32
28 43 56 88
117 18 40
137 24 26
127 15 84
105 3 31 84
115 28
133 90
109 118 41
76 8 83 88 93
115 33 56 96
117 59 83
107 81
104 2 52 54 8
102 134
118 35 4
115 16 82
114 97
23 63 98
14 33
133 138 19 22 85
103 112 20 24
37 51 97
121 85 86
18 84
80 86
100 38 42 56 68
105 142 37
103 42 83
135 42 48 72 80
133 5 53
52 57
140 22 63 73 84
0 64
55 60 64 66 77
111 56 61
29 59 72
109 11 120 44 51 65 88
100 22 24
53 70 92
142 64
37 49 81
104 120 133 64
105 142 28 41
133 142 41
75 98
134 34 50
109 26
31 35 36
113 128 13 136 9 92
65 93
103 36 65
125 41 91
45 5
11 132 142
121 13 133 44 89
67 70
113 32 60
16 5 66
24 94 96
0 141 20 30
104 109 115 130 21 26 44 57
112 133
48 50 64 95
17 18 55
104 123 14 29 36 83
103 115
20 25 56
113 114 121 87
115 25 64
17 48
47 75
0 142 3
137 97
118 30 69 75
123 73 96
102 24 77
118 119 139 4 52 6
31 52
126 76
112 59 8 93
71 98
35 83
18 28 50
43 64
119 39
113 135 39 94
109 127 55
42 5 99
48 51 56
117 32
128 21 61
115 37
35 93
125 70 71 77 88 93
132 141 47
115 140 50
30 32 43 57 59 79
112 115 39 78 98
112 16
104 11 114
18 52
101 26 58 99
111 115 138
14 22 66 84 90
135 47 52 64
130 66
19 42
25 53
111 35 85
16 36 91
101 114 124 67
139 2 84
5 83
0 18 24
4 45
112 138
119 140 40
103 104
104 89
20 30 82
82 95
130 51 61 86
35 83 93
123 16 33 34
115 119 138 139 30
134 70
18 6 72
130 33 74
14
105 60
125 126 21
11 129 137 57
34 5
116 132
113 25 77 89
131 39 51 71
27
10 65 70
116 133 35 9
2 67 77
107 78
122 142 33
11 58 70
107 122 139 69 77
126 77
140 25 34
104 48
0 109 24 76
110 19 42 50 64 7
117 22 24 84 98
114 26
100 81
118 55 75
3 51
133 67 95
122 22
108 3 99
59 63 72 82
25 3
14 140 84
30 79 87
30 83
126 59 86
121 122 18
20 30 74 92
114 29 39
100 37 90 93
118 140
79 80 98
24 31
16 31
21 35 70 8
103 104 109 127 61
18 42 92
114 18 77
28
63 87
112 121 72 78 88
11 4 67
122 19 66 80
135 24 95
10 129 72 88
118 17 55
121 130 33
123 124 38 40 55 70 84 9
103 16
136 83
138 17 3 35 48
105 66 89
10 21 46
128 41 8
14 77 9
1 53 54
41 6
21 93
108 34 8
1 30 83
20 29 33
122 128 133
15 24
110 127 128 42 84
130 62 68 80 85 89
124 128 82
21 40
0 112 24 40 65 77
55 57
103 106 134 139
34 64 78 86
1 121 31 91
10 119
131 46 74
101 3 38
17 39 54 69
30 51 71 9
122 2 55 89 90
103 11 111 113
23 34 39 53 70
106 70
108 109 119
122 61
11 45 80 9
110 113 32
123 73 9
100 121 77
5 75
18 47 49 7
130 27 42 45
54
123 46
112 67
74 8
114 129 88 89
109 42
45 50
130 25 51
115 83
140 55
101 22 57 83
56 80
120 31 50 51 7
131 138 41 47
0 113 63 68 8
111 62
116 127 72
10 126
56 97
124 126
118 25 54 88
11 25
100 39 44
139 23 26 77
11 91
14 15 99
28 9
118 138
51 62 99
103 109 128 5 84
109 111
20 4
121 29 48 66
0 105 19 65 97
125 55
132 5 75
100 39
134 82
18 79
21 29 69 75
110 113
104 40
1 122 133 40
125 58 78
137 42
62 89
107 23 45 9
114 127 73 77
119 21 40 56
135 33 74
10 33 83
69 74 76
105 137 142 71
30 90
100 19 52
17 47
12 33 49
10 139 23 39 73
131 41 50
41 78
2 65 75 80
119 45
100 88 90
136 90
128 3 66 75
21 31
117 138 49
14 40 85
122 58
108 135 139 21 25 92
115 141
116 135 139 8 83 84
47 97
102 46 60
113 40 71 87 95
102 30 4 52
44 52 71
103 3
101 104 138 94
1 125 126 91
141 20 70 97
102 45 54 87
1 28
101 46 5 69
134 25
114 41
120 126 37
124 129 39 67 83
105 23
140 71
126 94
43 94
130 52 67
34 49
108 50 53 74
29 54
21 76 80 91 93
131 37 65 88
36 90 96 98
119 54 93
22 26 88
65 66 95
15 41
103 16 38
110 90
100 109 128 14 31 70
104 31 38
1 134
21 57 69 83
0 16 38
115 63 72
116 30
23 38
17 25 35 46 53 6
2 4 96
109 21 28 69
102 16 65 99
13 130 137 42
23 68 84 94
30 9 99
113 28 97
120 23 61 96
114 2 63
142 20 91
112 132 20 53
136 28 51
10 43 71
105 61 97
1 134 5 7
108 15 30 40
3 6 95
27 46
126 7
110 142 41 79
23 97
26 44 95
133 3 86 99
108 87 95
110 137 39 46 53
0 130 138 53
51 79
123 131 68 83
108 112 33 41 48 88
108 13 57
0 120
40 94
102 121 45 63
16 35 98
116 84 97
104 119 124 70
125 140 55 61
109 32 37 69
0 109 11 94 98
139 32 35 52 82
115 118 119 32 94
1 118 16 6
1 121 125 132 6 92
0 1 22 86
10 33 52 84 90 99
122 130 14 96
102 133
123 127 19 24 43 56 85
107 67
132 97
129 23 51
112 81
29 64
121 122 128 23 69 90
121 6 81 83
100 16 18 53
105 128 79
3 36 48
120 2
122 124 27 95
107 125 28 6 78
103 107 137 44 48
65 68
107 11 123 24
108 126
103 49 71 83 96
114 136 97
29 99
1 4 66 83
10 114 30 47 8
36 84
101 98
103 120 80
11 22 4
46 71
101 59
104 115 140 25
0 116 133 141 31 70 84
32 53 76
37 93
33 85
111 87 97
105 141 45 5 63
46 6
106 124 134 22
1 104 110 121 125 33 59 96
22 67 90
102 142
41 64 66 73 80 95
119 139 16 19 67
10 136 18 39
108 79
30 68
102 53
2 55 57 64 7 75 82 99
126 65
0 24 76
109 39 65
105 74
115 15
12 62
27 75
56 92 98
0 14 40 52
49 57
106 133 39
48 53
110 58 61 92
117 128
108 113 130
0 6 97
21 28 76 92 97
115 26 44 50 72 88
114 115 19 95
19 42 97
1 117 135 30 31 45
60 63 76
137 68
112 40 58
105 69 76 79
5 71
78 91
11 44 59
124 129 15 16 19
11 34 76
50 84
142 56 93
34 70 71
111 55 89
32 34 57
132 15 91
116 25 53
28 88
76 99
131 73
10 83
126 66
114 120 138
13 77
46 49
106 19
31 61
106 61
128 30 98
123 91
116 119 139 86
123 50 99
112 44 72
134 141 23
111 125 40 72 83
63 93
121 13 80
12 81
41 60
110 117 55 9
122 54 57
20 29 33 56 67
107 141 97
32 6
133 97
17 50 97
117 75
70 86
103 106 55 73 8
110 34 83 98
117 135 36 79 82 92
100 32
109 135 32
112 119 41 53 62
130 131 2
112 24
36 43 89
115 117 23 70
105 133 139 36 42 68
140 45
42 50 73 8
0 131 76
103 131 33
37 50
11 85
139 141 28 50 54
58 91
122 131 137 87 90
128 73
44 58 78
139 39 44
100 59 8
125 21 92
72 78 80
14 18
129 20 61 64
41 73 87
140 3 41
14 96
33 53
73 9
115 118 51
114 45 80
23 62
38 62 66
130 82
109 32 59 93
113 23
128 41 80
74 77 95
15 18 49 73 94
10 128 17 29
12 129 42 48
103 47 49 63
111 127 37
0 118 126 75
102 49 6
70 76
120 140 58 86
123 130 6
3 5 65
115 40 76
134 30 6
108 110 26 45
17 46 80
136 138 64
140 58
35 60 73
13 14 51
108 43
116 125 54 80 90
115 36
0 22 77
12 32
130 20
136 48 8 83
105 68
129 73 77 87
0 135 138
5 95
130 31 33 44 53 70 75 9
122 127 45
122 50
123 50 62
140 35
100 104 48
132 133 59
118 31 98
32 62 9 91
20 23 30
105 125 16 24 62
2 22 71 87
128 7 76
49 52 59
105 40
12 27 40
58 86
41 53 79
26 71 87
124 23 90
105 142 3 78
137 53 80 82
125 140
139 31 38 74 86 9
106 22 32
121 126 22
31 51 89 93
42 98
118 37 40
84 89
63 67
56 58 61 94
58 6 83 90 97
43 61
115 26 3
107 24 35 42
39 63
122 13 39
19 29 63 99
58 7 96
3 86
39 41 43 44 52
66 68 94
105 22 25
10 104 7
10 55
21 46 56
111 30
0 61
135 23 47
34 53 62 80 96
33 66 76 81
1 115 51
20 49
106 112 122 137 39
11 27 52 89
104 126 140
142 22 26
103 56
122 37 5
141 43 5 55
111 118 30 4 40 53 62
102 116 123 30 89
14 62
136 80 83
122 97
105 39 80
126 75
13 35 48
123 35 53 69 7 85
111 66
0 40 5
134 58
111 54 71
111 133 26 52
107 113 19
124 6 62
49 58
127 78
127 128 19 56
102 51 57
102 55 58 97
29 31
123 72 93
110 126 35 54 55
24 35 53 90
114 23 77
138 60 96
3 68 80
113 16 71
111 92
105 30
105 63 70
105 26 5
79 86
130 42 44 56
102 41
109 121 127 9
110 121 37
117 86
115 15 27
21 56 88
138 4
110 39
121 139 81
118 44
117 20 61 65
128 18
50 52
7 87
35 39 50 8 86 89 92
101 14
29 48 51 58
33 74 87
10 64 66
104 15 2
20 33 43
31 48 61 74 77 92
101 27
0 115 35
53 65 82 91
51 57
29 79
39 87 9
107 135
19 31 98
37 43 53 56 64
128 47 7 96
103 12 125
139 40
72 96
1 105 24
101 106 127 5 66
134 29 31 50
14 19 79 89
135 34 88 9
121 2 26
58 62
125 135
89 99
115 139 4
45 47 9
114 136
128 89 9
10 111
107 4 49 70 79
105 117 125 31 55 82
41 8
17 40
103 13
134 8
101 117 118 40 79
125 18 25 29
65 87
142 22 73
103 117 12
66 72 97
106 77
16 20 34 48
107 3 93
106 117 3
129 62 96
139 28 91
107 136 14
38 39 42 46 90 96
14 59
136 35
18 22 3 47 59
128 19 54 95
1 116 120
24 44 71 77
113 68
137 138 139 28 96
109 118 39
136 5
118 129 73 9
108 32 67 95
130 73
51 66 76 9
40 8
70 8 88
62 64
103 48
104 15 18
14 2 28
116 22 8 81 85
111 116 119 5 75
115 24
120 33 88
43 79
110 21
11 3 6 77 79
111 121 132 139 78 92
15 25
32 34
130 95
34 56
105 133 2
11 45 63
100 15 20 45
139 42 46 66
110 135 40
112 136
112 52
11 13
130 67 86
115 23 81 97
133 21 95
36 39
104 98
117 133 56 88
17 27 7 75
131 44 88
16 59
128 40
61 77 8
113 116 124 51 78
134 135 140 2 69
1 92
138 2 26
0 71 88
40 61
12 126 133 6 66 98
123 49
11 30
0 125 66
106 115 119
109 21 7
12 141
112 139 52
16 35 36 48 5 66 9
16 21
100 137 24 30 81
10 111 20 71
132 29
129 95
0 38 77 80
117 29 66
20 3 54 84
113 22 24 59
10 103 139
34 44 6
115 133 138 18 22 5 62
23 35 46
21 25 63 84
10 131 9
106 141 7 83 86
19 20 45 67
107 40
49 61
113 32 50
103 108 121 33
126 70 81
108 131 8
101 46
73 77 98
136 2 98
109 125
6 75 83 9
111 12 128 133 32 47 67
109 53
113 12 2 56 99
7 88
83 99
23 70 9
1 117 5 70
120 82
34 88
1 127 90
14 43
100 44 83
100 20 47 53 58 82 99
18 32 59 6
42 73
109 56
11 96
1 112 76
142 90
109 17 65
11 126 89 98
100 13 131
110 61 73
140 141 32 40
135 4 78
129 46 60
1 41
114 127 37
21 82
111 12
39 57
37 68 82
106 107 11 12
0 127 130
79 90
103 20
67 75 95
115 132
107 12 20
123 124 126 22 56
139 7 71 72 79
111 129 72 99
127 65 88
103 26 48 67
107 33
2 33 70
103 139 55
49 73
117 126 32 78
76 78
14 26
16 34 4 95
16 97
119 135 56 65
136 18 55
29 30 75
69 96
11 129 54 61 81
115 140 31
136 30 74
2 47 73
3 49 54 6 73 93
100 113 118 125 59
114 27 5 75 96
71 93
87 98
42 53
117 20 39 7
0 19 42 60
53 64
21 4 67
126 29 75
102 28
124 77
38 7 79 80
6 9 94
107 35 79 8 97
112 115 121 43 56 60 96
109 116 85
0 100 36 57 68 81
4 68 72
63 76
5 63
115 118 134 17 34
115 58
105 132
10 121 34 48
102 86 94 98
101 114 69
100 22 61
141 53 72 88
104 77
107 118 16 2 71
12 121 27 61
70 73 83 94
116 16 18 66 88
27 29 6 90
20 26 58
131 42 92
131 7
48 58 70
24 61 73
100 5 60 74 95
11 34
102 111 140 46 83 86
117 75 89 92
31 86 95
13 136 3 88
111 60 77 83 99
105 128 75
102 26
134 22 58
0 2 34 6
1 25 86
117 56 57
12 142 28 88
20 96
68 71 79
70 98 99
52 98
141 15 34
107 116 137 16 76
103 60
101 45
117 35 55
66 80
16 18
18 48 82
105 141
104 137 26 66
27 41 47 50 68 73
25 96
4 52 87
16 19 45 68 78 81
54 58 81
62 86
0 20 76
60 8
27 81
100 4
113 115 14 51
20 82
103 26 3 96
131 132 51 90 92
29 70
52 55
100 128 13 15 35 74 82 84
142 15 60 71
107 108 33
104 30 48
105 117 39
117 44 62
112 65 84
134 38 5
127 75 96
122 139 79
119 14 4
38 7 93
10 123 13 135 77
47 65
117 131 42
100 18 53
19 3 93
139 42
60 92
106 138
109 21 82
47 52 72 73
116 19 61
27 85 95
26 78
34 41
103 107 111 59
113 15
20 21 65
0 103 113 138 95
73 77 8
60 95
14 81 89
106 123 74 77 97
35 73 87
124 62
12 19 28 80
117 14 37
121 22
110 19 73
24 39 5
1 123 31 76
19 2 6 65 76 96
131 20 64
132 96
122 129 135 22
109 20 22
102 121 134 29
58 79 94
23 40
135 139 36 55
0 139 55 70 94
135 84 94
103 121 60 99
140 19 60
20 38 70 81
122 72
29 67
112 140 32
18 31
18 29
130 4 86
123 126 16 75
101 119 20
32 59 61 64 68 92 95
139 29 53 62
16 28 78 87
138 2 73
100 57 60 67 73 79 93
26 36 46 49
33 4 70 93
51 88 95
18 46
1 128 56
107 21 62
102 131 21 63 83
130 57
108 44
71 88
26 35 45
118 60 61
100 32 88
111 128 76
35 56
124 40 46 51 82
134 18 38 60
10 115 84
110 117 16 30 38
103 118 33 42 84
139 25
117 123 133 3 35 40 79
117 130 4 64
121 9
2 3 94
121 83
114 131
1 74 80
112 59
137 58 85
106 22 45
135 19 84
33 51
131 47 80 94
123 61 67
121 135 49
131 133
141 2
112 133 135 138 142 32
110 119 18 95
116 137
116 37 4
14 140
137 45 9
131 79 90
138 19 56 83
35 68
23 28 34
110 30 60
33 88 96
120 50 96
139 97
11 72
127 28
38 43
14 28 95 99
0 136 137 27 28
124 4 84 93
64 89
1 129 52 83
123 15 58
135 92
127 42 91
0 102 141 93
131 3 55 60
112 69
54 80 95
127 46 84
140 70 97
107 67 83
105 57
104 114 131
43 67
133 70 83
30 80
26 93
122 40 98
1 28 47
42 50
140 46 83
115 43
31 93
126 87
114 136 140
115 32 70
0 5
13
123 77
129 141
123 76
56 93
17 65
47 74
106 131 14 26
26 75 89
110 69
11 110 2
34 58
78 81
108 138 6 77 88
104 44 61 97
1 14
118 15 77 97
120 9
127 39 66 90
132 137 47 78
18 28 58 74
25 82 94
116 31 37 81 97
123 134 58
112 113 20 23
108 128
109 31 64
105 109 11 3
108 142 29 38
61 77
65 84
10 128 131 56 78
59 69
106 130 50 75
104 16 18 69
32 58 65
44 45 51 74
106 79
105 111
16 67
109 117 126 24
2 35
135 84
107 25 52
71 99
0 17 63 73 99
40 74 82 93
117 134 38 81 97
124 60 68 74
87 97
1 116 46 52 80
10 105 138
107 113 116 47 9 93
137 140
101 84
103 30 78
105 121 129 40
139 24 36
2 59 81
43 71 96
24 71 73
107 31
129 67 98
14 39 84
133 50 82 88
138 38
122 141 52 73 82 86 93
28 45 85
10 130 30 47 82
14 54 8
107 72 96
133 32 51 6 89 93
125 8 86 95
142 18 52
114 140
140 20 83
53 65 80
10 97
26 47 50 55
138 42 66 7 96 97
102 122
17 46 87 90 96
112 21 40 97
137 38 67 93
113 120
136 137 49
124 49 53 64
110 64 99
17 66 83
1 74 79
11 12
103 25 46
141 27
116 31 70 88
107 116 130 140 48 56 97
115 29 76
125 21 99
138 35
104 31
115 125 137
11 112 30 43 64
114 141 19 31 82
109 21 22
31 77 92
105 115 27 44 52 67
117 124
23 64
112 12 78
124 129 35
102 25 65 7 72
108 114 69
116 120
133 61 77 92
117 139
107 126 63 93
106 85 96
116 119 45
116 48
121 37
21 92
134 84
106 55 59
123 98
123 128 37 82
123 50 61
127 137 54 80
27 4
109 79 81
104 2 65
121 136 33
30 37
20 40 96
57 58 78
0 105 3 96
103 119 33 44 50 6
69 74
119 73
100 39 61
108 69
111 30 46 7
2 50
126 131 132 3 45
109 130 21
41 47 66 98
27 43 96
127 5 50 87
81 82
132 55
112 140 31 59 8
31 68 8 98 99
15 32 81
51 78
15 83
109 133 137 62 80 81
47 66
121 137
13 25
113 41
58 6
109 115 15 2 77 88 97
42 66
29 92 93
101 12 138 55 78 95 99
137 63
101 109 40 54 69
141 67
18 7
104 111 133 135 23
126 20
118 91 99
126 23 26
29 36 48 69
11 142 95
122 49
113 122 33 34
15 23 29
118 134 85
33 35 44
120 128 139 29 81
27 32
111 64 8
106 140 27 28 85
116 7
3 70
125 82 97
26 43 48 66 91 95
14 34 84
29 30 47
20 81 92
35 53
13 31 44
113 96
84 86
57 69
70 78 81
11 124 22 83
0 57
18 5 86
123 5 8
23 43 93 99
48 68 72
108 112 76
109 3
27 36 44 64
10 105 23
110 124 126 80
129 92
101 124 128 31 93
4 42 60 99
101 134 5 67
134 71
100 118 8
102 71 89
57 90
75 83 85 86 96
138 69
107 73 84 94
122 131
64 79
17 27
122 79
110 115 80 99
108 65
10 102 19 50 86
48 53 75
10 41 64
135 38 74 99
118 31 55 85 98
24 50
22 42 74
111 39 6
128 44
31 35 59 85
56 75
60 93
100 113
52 66 81
110 34 79 84
112 14 44 55 70
40 5 95
137 66 67
103 108 85
4 71 96
122 141
107 142 24
73 77 78
140 59 68 81 90
108 124 132 36 49 77
111 122 85
100 24
134 56 58
135 48 58 69 8 89
0 74 9
54 80
136 141 40
3 90 91
52 76 81
110 21 47 51
112 55 9 96
106 126 129 28 85
100 12
107 61
101 140 28 75
18 66
131 94
116 81
57 87
114 133 138 22
114 137 16 93
136 17 33 74
17 73
109 28 45 52
135 62
11 9
137 54
109 17 30 55 62
65 7
110 113 138
13 140
109 133 2 36 68 79 81
118 135 47
27 30 89
131 23 56 68
120 17
137 25
10 127 22 49 84 93
118 41 55 88 9
106 127 130
110 116 33 74
112 57
136 45 73
47 76 96
141 46 9
125 140 76
141 32 33 61
36 79
4 71
123 90
11 58 68 72 75 78 86
10 56 79
61 91
15 84 9
123 126 129 19 32 96
36 4
130 31 37 65 72
133 139
131 63
105 48 52 92
10 114 20
20 53
122 3 95
109 118 59
137 3 77 90
68 85
135 137
132 40
10 12 31 66 67
116 141 15
103 133 27
43 57 60 77
31 95
138 25 53
105 13 38 99
126 22 26 32 45
141 80
103 24 90
124 28 82
118 123 135 15
105 123 38 44 78
127 18 50 55 56 65
54 78 79
103 116 125 136 4 44
100 130 41
118 84
139 65 77
101 118 30 51 77
134 26 50
121 35 46 87
1 116 72 85
112 123 27 77 91
122 59 63 73
104 13 60 96
126 32 61
108 131 41
106 82 88 90
130 39 59 66 68
13 48 49 79
26 71 8
102 138 52
21 56
25 83 89 98
34 87
13 5 67
25 87 90
10 141 40
106 23
109 15 44
42 75 76
128 129 131 70
0 105 22 35
28 35 73
101 90
101 133 137 80
36 75 9
135 9
110 58
108 40 57 99
112 134 77 79
109 20
131 20 57
108 29 70
100 18 52 56
102 64 8
3 51 53 61
111 112 121 17 23 49 56
10 21 51
24 38 73 80 93
102 18 34
85 87 9
110 131
117 139 22 52 60 65 75 88
107 113 3 5 95
1 103 127
111 139 48 51
0 104 39 94
128 137 72 92
118 47 54
108 142
20 67 84
126 47 83
114 50 69 76 89 97 99
125 132
139 51
65 91
111 114 62
115 82
122 127
101 128 37 69 73
110 113 56
121 6
106 125 15 17 92
103 128 77
113 139 96
116 93
31 35 93
110 138 55
127 130
121 26 78
19 72
108 115 81 9
61 73
102 137 142 51
117 98
13 139 30 75
16 28 55
4 95
110 97
22 23 58 70 92
12 91 96
103 61
66 85 86
125 2 20
44 46
128 36 6
71 96
33 73 74
50 55 84
109 21 33
119 134 19 52 84
105 114 22 26 5
63 68
128 130 81
38 49
138 39
100 27
138 53
1 34 6
15 63
135 48
131 14 56
133 47
125 14 18 2
136 63
111 4 9 92
22 43 68
120 92
114 43 89
35 6 80
27 29 69
129 139 52 73
102 136 137 61
132 140 28 67
125 66
18 46 8 84
111 13 23 69 89
117 130 58 86
106 109 115 36 93
129 86
111 135
118 23 4 7
107 2 53 84 90
102 116 22 24
125 137 27 72
131 15 95
140 63
18 2 36
112 113 93
3 66 84
135 32 48 63
91 97
120 132 81
118 44 56
11 6 75
117 120 142 40 64 69 9
133 16 82
102 112 95
128 76
59 64
23 37
42 76 77
117 28 31 40 63 68
128 13
115 26 43 74
127 137 45 51 91
102 104 120 30 33 83
29 35 5 88
13 56 80
121 65
115 129 37
55 96
0 114 37
111 22 63
119 13 140 51
4 72 90
86 91
110 13 134 20 50 62 71 9
129 29 34 88
103 125 48
1 2 55 93
14 24 87
12 64 68
131 39
106 107 119 19
69 98
138 18 27
112 116 13 53 86
11 110 122 58 67
132 135
134 72
133 42
25 85
136 7
80 90 94 97
115 75 86 99
142 24 53
0 131 36 42 43
9 95
0 100 128 7
51 63 69 82
23 29 41 43 86
103 7
107 114 12 132 17 32 50 54
104 129 2 27 42 74
1 112 133 22 80
125 4 50 68
128 132 138 34
118 27
101 81 9
25 27
57 83 93
0 108 133 15
142 20
72 93
25 65 7
126 139 140
11 50 67
109 127 41 53 65 90
62 64 70
108 32 85
119 7 80
40 5 83
4 63
117 88
34 72 93
116 118 12
55 81 84
121 124
127 4 64 80
114 4 65 83
111 142 21 48
110 44 88
100 40
133 27 73
23 28 58 63
126 128 2 44 78
108 124
27 69 89
103 119 20 38
15 48 89
24 53 80
103 2 93 99
110 19 3 30 71
126 16 40
18 62 72
117 138 77
19 44
29 44 5 96
107 37 60
106 110 140
1 109
104 127 86
138 141 42 69
1 128 89 96
17 37 62
127 133 90
114 123
1 7
103 121 130 16 42
131 15 92
0 4 54 88
41 43
41 84
138 139 140 54 96
116 44 92
133 40 54 9
110 37
52 69
125 36 78 80
114 122 22 65 85 88
106 53
34 50
128 30 68
25 74
10 100 117
118 53
130 132 28 82
0 9
127 31 61 74 78
117 25 38 63 95
106 136 25
0 113 131 4
114 3 4 42 60 70 77
120 126 128 54 71
133 35 5
141 5 57 9
57 81
129 81 95
16 77 87
113 142
10 113 64
129 36 40
117 58 73 79
132 140 56 71 88 93
0 122 138 14 5
129 141 37
56 65
26 36 9
116 140 92 99
35 79 89
13 32
138 54
111 50 80
116 120 37 66 67
106 117 33
53 67 97
121 126 96
19 27 63 88
136 73
47 94
59 67 7 95
68 95
116 47 51 59 83
142 64 66
31 46 71
16 2 58
113 142 21 25
137 71
11 23 68
111 139 24 29 84
38 49 94
100 38 57 80 98
135 137 25 5 9
120 3 72
25 51
123 26 34 83
110 128 130 48
40 90
132 41 46 51
107 137 57 88
107 118 131
115 40 80 83
108 134 51
54 96
104 23 53
1 104 138 142 41 64
104 13 135 36
26 60
104 133 135 98
1 124 16 23 46 70
93 98
114 124 86
20 33 67 99
132 45
124 28
142 77
11 22 82
78 79
104 69 84
130 40 62
132 24 49 84
125 13 14 2
129 28 79
43 72
111 67 7 74 90
126 130 141 34 83 89
103 34 42 66
57 70
103 91
22 8
122 74 89
3 63
19 56 77
24 54
136 58
28 44 92
15 46
118 12 21 51
104 24
107 118
108 12
126 35
111 128 37 48
115 116 59 8
123 126 78
0 40 59 91 96
106 85
105 133 53 92 97
107 135 46 7 77
28 51 83
117 2 33
124 16 21
118 135 136 138 35 58
122 71
0 101 122 22 33
131 14 95
122 36 40 6
140 20 32
14 27 77
22 32
112 116 51 97
117 57 93
135 14
128 14 66 72 89
100 118
120 124 130 87
13 30
134 20 58
108 27 36 52
10 109 47 53 63 87
125 7
111 23 53
110 19 68
132 58
139 31
120 13 63 72 8
126 18 33
104 6
11 116 12 32 96
82 96
102 3 45 79 90
109 93
67 7 79 91
102 44 49 54 75 82 86 92 94
114 71 94
55 9
30 60 77
102 128 130 36 70 87 93
17 36
105 108
50 81
18 74
125 137 140 28
112 32
1 115 125
0 52 96
26 29 89
19 21
11 120 43
1 140 43 80
42 5
129 32
142 95
28 31 51 59
108 27 58
107 125 21
141 60
21 5 79 91
119 123 30
31 6 61
112 53
17 85
108 98
110 27 28 57
0 44 56
12 142 81 83
1 132
133 33 43
43 73 79 96
104 13
130 35
101 122 41
104 142 75
4 80
40 77
49 63 78 79 86 88 95
131 19 54
51 62
112 130 142 37 39
126 95
133 140 2
104 112 116 140 50 75 86
135 93
11 117 132
112 130 134 31 64
113 132 38 39
112 31 92
40 95
102 11 124 126 130 140 25 34 5 50 76
0 107
1 113 12 2 32
104 106
42 52 54 64 82
102 120 20 36 76
23 56
106 120 126 31 68
10 108 34 81
0 112
52 62 95
137 16
132 33 64
35 47 50
111 24 27 59
22 87
108 129 33 4 77
67 95
100 3 38 65
131 74
116 17 24 39
123 99
32 74 82 93
118 67
14 5 62
20 79
121 138 37
41 51
124 32
117 130 22 26 88
141 16 49
34 74
108 133 24 34 80
105 130
100 3 38 42
39 50 87
120 124 51
15 62
10 111 138 44 71
111 134 29 31 46 68 86
129 75 83
102 134 137 139 20 64 79
17 76
127 19 24 27 38 87
112 34 61 65 79
108 118 121 137 28 57
140 52
11 113 78 81
131 22 26
1 58
104 52
12 123 126 135 78
124 140 17 70
116 126 139 47 52 96
109 98
47 5 82 99
21 79
18 29 61 64 7
103 31 41
121 55
107 20 50 97
136 33
38 47 54 95
28 91
118 25 62 79
122 46
114 13 39 86
118 125 134
37 44 54
12 33 88 96
19 60
100 141
101 110 67
123 79 90
111 15 68
124 35
0 10
135 18 19 42 51 52
135 139 37
104 93 98
1 54
106 22 55
114 36 81
13 29 78
12 124
32 72 87
15 25 92
137 59
102 117 24 7
50 55 72
101 24 83
114 116 40 64 89 94
142 22 70 76 84 90
100 119
44 50 63
105 136 94
38 49 51
122 16 47 59 88
105 29
35 98
101 18 27 30
110 125 91
13 30 45 79 87
53 67 68
110 62 84
133 30 96
136 37
19 4 86
128 86
113 24 93
10 129 50 84
100 110 111 27
129 26 29 5
43 90
33 84
13 3
103 109 138 19 57 87
108 82
110 123 27
107 25 28 6 98
15 61 70 90
142 19
16 72
26 41
32 65 66 91
23 78
106 43
133 47 91
23 92
24 49
49 63 65 91
134 54 59
140 47 73
128 31 35 90
106 21 31
100 89
0 135 27
1 107 113
111 120 75
32 51
101 107 138 16 53
132 24 63
133 17 30 37 82 94
115 141 29 31 6 92 98
25 33 84
107 12 139 21 33 99
3 31 58 63 70 96
120 30 86
92 94
100 119 13 62 80
121 127 61 85
69 82 86
10 66
114 125 47
25 62
141 142 32
109 128 140 32 83
11 31
31 66 78 86
11 114 63 67
124 126 129 141 29 97
2 74
115 17 49 71
106 124 83
65 68 81
20 37 42 99
81 86 94
122 124 128 16 60
10 16 29 5
121 45
127 72 84
13 138 27 48 75 82
115 28 29 34 35
11 126 4 76
55 75 78
0 28 29
10 105 18 9 93
11 2
138 32 51
126 68
17 29 72 8 82
1 63
116 74 76 81
101 110 16
56 78 88
112 116 135 91
141 16 72 87
111 112
10 11 120 5 96
113 12
114 99
111 68
15 42
109 111 5
40 51
92 97
113 14 142
10 19 5 90
125 14 78 96
138 32 34 52 61 63 7
101 18 42 47 74 75
140 30 90 91
108 6 74 8 98
0 124 135 142 77
100 138 29
122 141 16 66 94
10 23 31 35 85
17 29 48 68
52 53 96
14 93 96 97
17 91
120 68
108 59 89
119 14 66 89
20 76 89
14 35
32 48 91
33 43 81 86
138 25 39 91
103 37 62
119 13 52 55 75 89
109 117 29
15 44 46 90 93
100 121 4 6
130 42 54
61 71 84 92
109 128 52 9
116 120 13 139 142 3 32 94
109 67
108 63 82 95 98
94 98
40 55 62
127 40 57 87 88
120 2 24 73
21 40 79
101 104 5
51 57 9
100 44
0 132 19
128 37 44 76
38 53 99
108 13 68
125 93
64 69 97
139 35
0 115 5 57
117 56
1 106 141 17 64
108 68 75
121 17 23 34
25 80 84
119 23 44 80 83
8 80 88 94
115 48
12 24 82
102 128
131 27 57
40 97
116 65 72
108 59
116 141 88
129 35
103 119 135 19 74 89
15 54
125 25 28 78 87
130 28 38
35 63
113 22 33 71
10 114 123 33 54
103 123 22
141 21 39
1 111 41
125 61
32 85
125 65 73
102 118 122 17 4 71 72
105 21 54
71 72
10 11 12 132 2 74 82 97
10 123 126 74 88
39 65
111 112 142
110 26 57
142 35 36 80
13 27 31
123 134 68 70
0 110 119 57 98
141 46
142 21
3 77 91
12 126 18 37 42 50 62 66 81
115 58 75
134 24 56
45 90
103 139
103 128 67
133 27 69 73
1 108 139 17
120 139 27 57 78
119 66
116 79 9
112 17 80
100 121 14
112 114 119
118 54 56
103 90
114 23
105 111 114 44 62 88 94 97
124 14 41
100 131 43 52 59 89 97
12 25 74
102 117 17 81 89
16 66 82 93
0 118 130
103 121 18 39 60
19 73
64 8 90 96 99
35 56 85
26 33
13 136 19 93
131 25 26 38
15 19 22
109 50
114 37 78
106 130 54 73
140 24 72
102 6 7 85
101 27 94
134 135 43 51 71 8
3 65
136 15 35 72 98
0 23 77
140 17 18 34 59 8
11 112 113 39 8
15 29 56 73
131 28
81 90
119 21 24 41
135 38
31 36 5
118 47 55
109 131 98
29 72
41 53
47 5 52 73
129 80 98
107 122
138 42 74
21 7 70 87
18 43 67
120 124 2 61 69
15 19 32 7 82
133 22
140 83
103 120 19 76
13 52
37 42 91
110 81
122 132 48 54
118 16 4 43 71 86
105 121 133 23 56 58
1 24 5 56
10 108 127 68
112 93
139 81
118 121 79 85
107 63
142 19 4 91
103 6
23 93
48 49
126 26 78 87
53 86
111 84
114 73
16 25
108 113 24 96
103 75 86 91
121 125 130 132 134 14 33 53
3 46 63
138 65 9
112 46
12 7
6 84 99
11 27
101 24 68 89
34 68
134 29 56
13 80
110 63
21 22 54
105 24 89
13 138 141 3 70 81 89
106 48 58
131 134 139 23 31 57 88
82 90
102 81
25 81 91
23 44 74
2 93
4 46
50 69 81 87
21 24 88
109 20 5 83
129 138 29 89
40 41 43
129 18 31 38
39 62
102 83
123 50
124 15 85
18 44 70
1 138 8
57 58
113 123
118 47 81
54 71
101 23
129 32 68
17 89
12 16 23 31 6 85 96
135 78
104 65 67
26 6
34 89
110 28 61
139 24 61 96
105 122 26 8
109 142
32 53
3 74 95
41 5
101 125 131 139 76 9
116 120 77
103 17 25 49 55
102 107 133 75 79 81 85
101 42 44 61
100 131 17
141 19 8
15 53 82
115 124 50 9
103 12 27 48 49
110 133 141 8
119 140
1 48
109 123 136 22
105 113 61
0 18
1 115 123 136 47
116 32 48 6 73
40 51 82
69 75 80
101 71
105 109 113 141 84
11 127 142 25
1 102 130 39 84
113 14 3
104 119
120 138 36
137 48 92
61 97
139 57 80
106 107 28 29
101 37 90
5 7 76 94
111 133 26 31 50
132 7 84
142 18
18 46 91
114 46 80 84
129 89
1 22 69 88
113 5 97
119 16 30 41 87
106 20
113 137 19 54 62
122 135 139 90
141 61
12 133 36 78 93
29 53
108 2 97
118 35
118 140 16 30 65 91
12 19 8
24 41 52 62
108 11
131 6 67 72
4 91
52 9
30 38 43 46 60 70
17 36 40 51
116 127 32 34
114 42 48 83 9
14 68
21 64 79
100 43
109 132 46 80
101 57 66
108 92
103 123 134 136 21 31 89
12 38
139 16 24 44 89
100 118 132 81
110 116 141 22 52 71 9
24 29
113 47 75 96
110 142
132 89
127 45
102 123 40 99
10 124 55 93
26 69 73
13 81 86 88
22 58
111 58
119 25 30 55
103 117 126
85 88 98
11 113
17 58 68 75 8
105 13 3 74 83 88
107 37 99
120 40 52
120 19 43
15 45 61
109 119
67 9
26 62
0 128 17
125 141 85
115 95
47 56
122 57
22 25 36
39 54 78 99
56 71
109 142 93
132 39 74
132 74
12 120 65 88
22 7 81
102 119 24 42
113 131
103 83 91
106 15 79
41 6 97
15 24 87
134 139 52 73 91
132 49
100 43 53 80 98
10 116 139 66 76 79
108 113 122
129 57 72 75 83
105 111 19 44 86
14 28 9 97
123 128 136 23 90
116 136 19
20 23
28 70
101 104 115 132 136 47 89
44 6 86 96
112 12
70 87
119 74
126 72
108 112 81
113 13 137 33 48 78
32 59
107 120 13 63
14 99
127 141
0 130 141 19
111 25 6 94
101 131 24
139 142 7
0 113 19 32 43 59 82 99
123 131 49 87
124 35 38 44 70
110 121 122 23 29
1 119 12 8
103 51 84
100 110 24 84
0 61 85
33 51 67
103 131 38
4 47
11 3 98
130 20 84
14 20 24 37 75 81
132 48
104 11
114 33 56
10 106 122
10 105 26 36 57 91
116 126 2 4
105 84
130 91 93
33 59 84
0 104 121 20 56 84
13 30 8
135 83
67 93
114 141 48 83
2 29 33 57
130 14 69
115 41 91
122 21 49 81 98
118 123 21 40 97
0 126 32
100 104 29 44 63
114 120 138 24 45 49
129 138 39 4 7
117 134 16 41
121 122
0 102 8 83
142 5
128 4 99
2 21 24 59 71 89
19 34 49
114 141 59 71 95
14 32 56
106 20 59 64 94
6 73 91
116 27 36 41 64
28 36 7
110 120 122
117 64 88
40 72 99
122 70 74 78 92
2 31 97
19 22 29
42 48
127 37 67
0 105 133 57
123 125 138 68 95
134 66 95
77 84
0 116 2 32
14 41
106 114 50 78
102 89
104 116 41 71 82
126 36 60
12 40 76
108 76
139 19 27 51 52 9
102 125 57 92
125 51 91
12 48 57 86 88
123 18 22 26 28 83
17 62 93
139 35 51 56 57
105 54 56
112 8 89
6 66 78 92
41 97
102 116 67 82 85 88
4 83
58 7
14 53
25 48
100 137 20 72 86 91
118 23 93
18 36 81
104 123 38
122 137 77 84
110 6
0 136 34 66 82
16 5
11 59
115 98
129 34 63
141 74 79 92
122 133 49 65
102 135 141 41 92
116 17
128 88
102 128 139 99
115 17 9
105 14 48 9
10 108 56
36 37 38 66
125 65
0 41
141 55 63 9
110 49 5
121 132 47
110 52
10 18 7
17 53 88
105 141 78 99
106 16
0 135 50 76
127 80 94
26 7
128 30 66 8
105 51 99
102 40 6
122 83 94
135 71 95
73 94
111 72
140 5 7
1 125 65
132 138
123 125 43
1 134 22
45 60 86
20 28 54
130 53 54 68 88
109 32
108 35 89 99
111 19 94
104 107 23 43 56 93
100 120 46 59 90
69 70
122 125 138 26 59 61 68 70 72
123 28
10 62
110 130 63
108 37
15 54 95
135 47
30 31 61
102 113 114 30 43 78
123 18
106 124 29
105 17 8
11 113 142 36
112 122 62
16 5 70
55 99
110 25 49
116 32 62 71 94
42 52
101 83
103 112 120 77
109 112 124 51 99
117 13 45 48 5
31 41 57
15 33
120 19 32 69
102 87
112 38 82
1 70
127 37 82 88
37 39 65 97
11 40 62 81 87
114 5 71 85 86
101 31 44 67
101 108 110 129
1 112
128 42 51 54 66
103 58 96
48 49 96
112 68
10 106 64
23 7 81
110 141 142 43
85 87
29 40 41 7 8 83
115 139
15 56
13 36 70 85
111 21
100 111 135 35
107 32
135 34 95
138 96
134 73 84
106 128 72
127 75
1 124 128 63 96 99
124 7
26 39
101 34
19 52
113 70
109 125 134 137
114 140 19 44 49 7
54 89
100 113 21 23 28 34 36 46 56 80
117 136 39 4 44 49 95
120 28 96
11 110
103 82
29 87
138 66
141 38 61 8 85
118 21 83
29 9
6 67
18 29 93
109 118 130 140 84
122 42 50 62
41 57
132 40 83
102 128 57 9
139 93
117 24 33
14 48
20 86
129 134 88
46 72 76
27 80
124 58
112 124 137 39
102 75 91
130 16
24 73
105 39 81
116 34
122 68
28 40 7
113 22 50
58 96
6 95
129 42 53 75 84
102 72
81 88
142 81 88
32 91
125 16 61
19 83
103 136 53
109 31
28 41 45 85
54 77
120 13 66
50 7
52 91
17 30 9
122 135 6
120 122 128 131 14 96
141 64 84
12 24
45 53 86
15 26 4
27 56
100 79 81
129 131 4 83
45 76 81 92
124 20 28
10 15 95
134 5 7 94
46 66 73 8
39 81
10 82
61 86 87
123 26
1 77 81
103 40 45 65 79 81
3 9
138 35 53
101 8
21 48 99
27 63 64
101 123 137 38 66
108 132 47 52 71
119 35 89
15 99
135 138
108 52 69
105 64
19 6 8
0 117 119
113 36 78 87
36 85 89
107 128 98
110 138 41 69
11 31 32 47 84 88
56 62
129 139 69
109 118 122 4
106 110 61
18 20 21
129 29 4
134 20 72
118 47
118 78
34 52
123 41
26 96
141 30 33 52
29 97
127 130 28 78
100 17 85
112 17 68
130 30 67
123 58 86
20 88 89
106 127 130 18 22
121 98
6 76
43 66
142 73
1 73 93
114 41 91
107 25 49
81 9
130 16 33 37
111 6 60 75
40 64 8 95
120 42
129 15
34 7
10 114 15 71
132 28 74
140 141 48 63
102 112 47 51
129 135 50 83
110 93 96
119 78 8 81
1 114 117 123
11 126 23 46
118 63 9
138 47 82
103 117 2 68
11 114
0 119 16 58 86
138 26 48
51 64
22 24
104 105 18 59 91
135 27
33 89
43 46
32 38
108 122 72
142 72
10 32 65
38 66 67 74
0 126 33 62
113 78 81 95
104 6 68
106 128 23 31
138 84 90
32 59 60 92 96
138 3
5 88
125 67
121 80
112 44 46 6 63 69 74 77
113 127 23 50 97
40 74 84
119 36 4 5 73 76
21 65 72 87
130 64
105 142 64
16 47 76
28 52 8 80 83
83 84
103 31 40
140 26 52 9
0 122
11 123 43 66
48 5 55
139 141
127 34 82
10 137 88 98
29 4 98
128 13 53 6
111 26 35 39
134 56 67
106 118 131 65
132 63 73
132 81
103 128 76
0 131 7 92
124 36 57
65 68 99
142 63
128 60 69
0 25 35
45 9
0 48
3 49 65 99
36 77
62 64 86 90
1 22
117 38
104 46 75
50 52 78
104 140 23
103 19 89
107 116 120 139
111 40 72 78
24 52 88 93
1 117 37 51
113 29 30
46 7 71 77
116 141
103 11 21
128 129 42 5 7 90
20 52 62 66
123 140 55
125 43 8
116 2 38
16 2 23
77 78
116 18 75
131 8
104 105 133 81 96
115 38 61
104 107 108 50
31 38
107 19
12 97
114 135 19 34 42 53
51 99
110 123 140 27 58 61
116 21
4 59
138 3 30
135 141
102 106 48 72 82 88
101 3 99
0 112 134
116 131 134 44
104 129 66
109 77
128 72 85
52 70
38 48
104 120 126 20 31 95
106 128 131 140
105 27 32 7
137 7
27 9
135 46
101 22
60 76
124 57
49 5 6 67
113 18 58
49 82
0 141 42 95
132 139 80
124 19
121 46 57
116 136 141
100 121 126 28 55
121 127 87
122 126 68
107 135 15
108 137 54 61
26 63
116 121 22 23 95
100 125 134 42 50
18 21 32 59 88
22 53 7
113 3
129 22
28 44
106 135
11 6 67
12 4 44
130 33 34 54
106 32 67
109 128 129 92
115 119 43 64 96
72 84 86
133 87 91
132 53 8 91
116 47 49 7 92 97
1 14 73
1 129 131 139 37
133 67
132 14 85
111 13 38
18 63
25 45
125 20 56 61 82 84 94
35 62
37 54 68
121 137 26
112 127 44 54 89
29 77
138 36
11 114 61
107 111 20 77
130 138 57 81
38 43 77 95
114 119 122 48 9
126 15
40 64
111 2
120 130 132 134 138 19 28
107 127
77 83
103 132 96
127 33 49 53 66
34 8 82
115 91
43 47 51
56 69
134 80
119 25 92
108 135 6
105 126
120 24 27 52 73 87 88
117 126 39 8 80
22 45 50 66
132 137 138
107 30
103 123 124 14 95
132 55 68 9
125 29 36
123 59
131 71 79 84 91
139 18 36 95
46 93
112 134
19 74 9
88 89
120 16 35 72 79
110 31 72
16 43
2 55 70
108 135
103 122 129 45
116 120 15
115 39 77
20 50 64
74 80
116 138 53 89
0 63
100 103 127 134 7 70
11 115 13 136 139 53 81
56 87
121 129 61
106 11 137 15 84
107 139 78
110 26 65 68 89
12 125 29 68 77
113 32 86
111 30 75
106 31
127 95
104 128 137
111 16 56
105 125
114 12 56 7
10 135 41 47 54
13 136 61
142 8
126 31
100 95
130 138 2 66 76 99
104 122 126 53 77
64 81
2 97
115 141 8
105 136
11 141 19 63 8
131 139 30 83
31 32 51 80
10 137 84
29 82
34 75 91 99
104 133 26 31 34 65
117 73
100 4 63 97
2 26 93
54 81 97
121 69 85
26 31
113 122 51
135 140 142 38 4 50 66 68
36 40
103 127 135 7
128 36 8
11 15 20 31 43
135 4 49
1 134 34 42 53 54 56
131 69
35 5 56 64
13 136
134 138 78 81 9 91
26 4
63 70
63 68 97
0 133
138 37
136 70 8
113 136 33
102 135 96
12 121 13 130 28
142 50
0 118 33 49 80 94
108 20
103 12 128 27 98
140 42
30 56
31 53
118 140 69 72 81
119 122 15
1 111 21
11 87
33 48 51
106 132 96
137 139 96
102 142 49 60 94
39 40 65 68
110 16 84
1 105 142 33 41
100 123 83
60 80
10 118
38 59
110 116 24 30
39 66 7 98
41 51 71
74 82
127 18 30
1 121 122 126 18 26 29 53
60 79
32 49 75
130 86 9
130 71
123 125 21 57 64 69
22 39
0 121 80
40 47 58
107 39 93 99
107 123 77
101 17 66
17 22 45 74 95
131 55 83
12 38 45 65
138 70
25 47 76
0 28 35
116 12 124 134 69 84
111 7
133 77 92 95
119 136 27 55 94
111 137 28
123 29 53 77
59 99
140 98
139 141 50
23 74 81
114 118
14 140 48 58 63 87
111 121 83 98
124 33 87
117 29 3 32 43 5 6 89
1 38 80
142 23 57
129 141 67
123 23 96
123 142 23 47 63 88 99
5 70
131 53
130 36 60
103 127 139 37
107 97
109 14 56 81
105 133
25 89
57 59 63
120 45 89
123 129 138 17 27 32 43 44
123 135 67 68 96
31 33 52 54
31 4
34 6
83 93
113 30
116 133 26
127 134 25 51 88
125 135 142 7
134 29 3
64 74
3 62
129 74
10 116 60 77
13 59
137 38 51
106 28 42 66 96
130 132 57
103 113 35
121 125 135 27
103 86 87
41 73
0 62 97
27 7
10 131 56
135 36 8
13 90
105 125 45 56 68 94
101 120 30 78
17 63 78
118 12 16 17
127 142 62 9 91
130 54
122 27 28 39
51 91 93 96
108 4 64 74 86 91
105 2
134 33 39 40 50 54
0 53 88 92
131 20 63
21 44
109 44 5 81
6 70
138 84
112 15 42 69 82
41 93
114 137 81 90
34 35 58 80
118 120 34 59 97
38 43 46 64 99
52 61 70
20 22
126 40
101 124 23
22 47 75
107 121 122 126 44 64 88
107 32 59
114 58
124 38
119 138 32
102 17 18 71
11 77
1 39 94
121 132 28 30 41 79
126 6
121 43 46 73 97
73 90
0 49 91 96
107 117
38 51 67 85 93
116 130
24 36 80
46 54 75
106 119 25 58
32 92
0 133 40 92
116 34 36
107 24 79 95
135 2 28
0 17 70
125 33 65 95
121 34 81
142 49
52 72
42 79 95
14 31
105 108 79
11 141 42 59 80 81
21 60
23 31 47 99
112 132 54 96
142 23 55
116 23
11 22 72 88
137 50
129 134 20 37
131 20 23 5 6
8 94
119 25 3 35
10 118 123 139 24 84 88
11 87 94
131 64 96
111 117 4
101 21 43 48 63 77
101 22 58 68 9
117 40
122 45 81 91 94
128 53 69 94
108 127 130 133
133 21
125 6 69 76
0 78 90
141 20 21 37 40 50 7 94 99
114 14 47
65 77
130 29
50 61 90
115 136 63
116 27 36
10 46 50
108 120 49 68
111 3 67
110 30
141 3 76
106 129 136 29 30
83 97
19 46
20 34
121 132 3 47 49
136 35 70
105 126 135
108 21
17 20 90
129 3 78
112 43
19 27 38 64
101 134 93
113 132 99
112 136 46 49
103 98
115 52
105 128 31 36
113 126 140 87
105 35 66 67
104 70
131 29 3 30 31 81
139 35 91
13 74
128 48 5
124 75
140 2 84
119 12 72 89 96
4 81 84
67 78
111 19 39 81
138 18
61 81
106 38 63
32 60 81
1 62
0 122 142 63 65
101 35 77
18 73
113 128
138 58
127 49
104 126 136 86
114 125
112 123 42
101 19
0 14 54 66
108 50
130 7
48 52
115 117
20 65 84 91
115 17 79
1 13
10 95
111 125 134 61
133 42 89
1 50
123 137 139 44 86
131 134 2
82 85
100 101 136 29
53 67
117 12 133 6 76 82
116 118
73 92
125 17 20 35 41 47
105 128 59 96
125 77 8
123 131 74
113 118 135 50 63 8
0 110 30 57 7
26 34
108 20 37
104 46 83
23 66
100 28 31 57
100 72 88 98
49 53
79 82
125 24
113 55 94
103 55 6 88 99
119 128 134 142 90
40 47 59
128 82
108 29 56 69 79
113 51 66
107 17 9
103 113 42 6 61 82 9 94
81 89
108 12 81
119 54 56 65 66
118 42 50 80 83
22 26
114 120 43
110 26
15 2 21 25 49
132 19
0 33 63 7 78 79
24 33 60 84
42 54
10 123 3 82
137 28 53 66 70 81
102 106 28 64
101 134 141 38 65
128 28 47
38 75
109 111 61 92
103 118
33 79
122 38 48
108 132
106 15 18 23 30 36
128 137 84
101 68 84 93
110 111 66 89
20 23 73
3 44
11 120 135 59
104 29
11 5 51
132 46 65 88
33 45
15 25 97
23 7 91 97
117 59
107 112 64 75
90 97
116 12
137 65
127 9
133 135 33 87
129 53
1 100 140 16
115 139 17 43 51 59
125 79
13 54 91
12 123 56
106 115 119 16 64
2 42
1 117 71 91
19 57
31 64
113 124
12 99
3 51 69
118 60
58 74
124 41
23 42 51
52 56 57 87
0 135 29 32
100 120 98
101 122 124 92
11 118
139 47 56
135 7
12 140 79
131 140 15
134 140
106 113 22 9
112 23 74 97
112 127 30
103 73 76
103 120
117 99
135 20 24 28
109 119 5 67
11 124 51 99
1 127 130 64 92
105 33 39
131 24 29
25 63
104 46 67
113 142 78 86
108 113 114 132
106 25 42 61 84
1 138 53 63 84 97
116 20
10 13 66
101 133 65 80
105 114 33 60 98
104 109 22 69 86
26 85
128 22 45 55 97
103 29
0 107 34 37 67
104 130 18 53
100 113 65 95
101 123
111 3
0 2 36 4 5 70
45 60 80
105 52
49 66 83
120 7
100 128 66 76 88 95
20 31 83
42 69
1 107 111 119 125 36
76 92
54 83
46 67
131 18 5
13 46
118 141 16 20 53 6 87
115 142 3 48 81
10 12 5 6 93
131 62
113 47
141 87
113 138 52
23 63
133 5 54 96
108 13 45 63
101 11 31
24 49 8
122 137 138 64 71 80 88
121 26 28 38 95
30 69 76
30 75
106 26
2 26 90
119 25 36 55 66
106 38 65 75
112 124 70
73 88
0 104 133 25 63
40 87
2 39
29 63
122 23 38
80 81
0 78
15 76
82 91 92 97
139 140 32 9 97
109 116
127 83
140 25 98 99
127 140 17 25 47 62 89
11 24 38 60 71 84
133 52
106 117 120
35 75 82
0 84
139 30
135 98
122 35 91 94 99
111 113 14 16
1 138 14 61 73 77 85
104 74
127 134 139 6 9
104 25 34 70
57 67
116 119 138 90
108 110
118 2 56
110 121
125 126 135 137 89 97
37 47 55 88
137 74
133 38 62
107 124
107 11 136 142 19 42
110 25 57
140 63 66
119 19 80
123 79
127 52 76
59 70 89
116 15
101 108
114 28 60
10 131 140 2 35 58
130 56 77
30 36 5 86
47 65 68 77
109 122 50
114 80
15 61 66
10 65
24 35 40 61
100 105 11 128 15 43 68 77 92
1 5 64
124 3 91
112 120 89
104 40 45
100 90
131 21 63
126 130 24 28
44 68
105 124
113 119
127 137 54
69 75
25 87 97
15 61 74
141 47 52
105 118 53 77
104 129
139 3
103 16 46 65 66
141 41 90
129 26
14 22 44 73
29 71
12 13 14
11 113 31 41 74 86 88
100 103 25 6 7
141 51 85
101 68
102 131 74
74 99
119 4 62
103 22 90
118 124 15
73 81
14 88 93
119 25
110 55 73 75
10 111 27 62 81 88 96
133 134 24 32 47 58
111 29 89
37 7
105 110 50 99
46 88
51 53 98
30 37 51
116 38
56 61 64 90 97
15 77
21 41
100 113 125 65
136 137 34 90
106 21 70 74
106 121 49 60 89
27 75 81
2 37 84 87
104 127
107 119 69
133 41 60
125 36
62 74
135 73
136 23 70
130 137 138 17 63 85 9
119 7 78 84 87
139 140 4
114 122 132 65
68 83
27 55
136 31 68
32 34 52 63
55 66
118 41 61
104 107 127
131 39 85 96
100 107
102 111 113
31 44 54 83
40 68
119 15
131 56 69
125 132 3 97
12 18 20
41 52 81
28 52
134 61 74
15 28 43 45 6
136 20 27 50 61 98
35 4 49 52 97
30 34 50
104 124 64 77 95
0 136 36 65
117 135 142 24 32
134 33 88
29 41 80 85 90
115 123 27 35
118 93
76 88
24 6 60
24 43 51
100 103 50 90
23 42 51 53
132 29 54 88
130 51 74 79
102 82 84
69 97
106 12 20 28 68 77
142 2
41 68 85 93
73 8
140 58 6 69
29 42 46
113 22 56 58 69
116 74
118 138 80
112 119 21 47 80
22 27 49
14 142 79 80
102 30
115 17 25 30
26 47
1 18
101 109 63 86
100 121 126
127 133 95
125 133
118 124 51
37 63 76 79
113 61
106 108 61 73
22 26 96
106 45 58 7 89
135 18 77 96
63 7 72
27 44 56 81
23 32 70
105 107
10 100 108 123
122 99
25 35 47 94
110 98
113 67
22 51 57 8
107 55 61
141 22 91
130 15 45
107 16 33 40
32 48
0 55
15 24 67
30 39 74 84
105 111 129 69 91 93
0 41 44 59 84 86
103 44 53 81
124 2 37
16 29 31 55 98
10 131
134 60
40 87 97
114 47
124 3 85
123 124 125 49
111 66 74 94 97
20 9 99
0 120 38 58 68
120 15 70
131 48 72 74
104 33 92
13 9
122 128
136 47
112 134 142 73 76
109 113 19 84
100 118 134 24
20 33 45 64
137 142 76
62 7
27 46 8
121 93
131 45 85
0 130 34 63
33 75 81 95
43 46 5 77 79
112 129 91
114 14 29
2 21 29 42 55
109 7
10 110 38 85
110 114 119 122 125 61 70
42 67 7 96
32 68 94
16 6 88 90
110 122 24 46 88
106 13 132 23 74
111 73 84
108 44 86
117 37 63 82 99
131 20
27 68 94
59 81
105 46 82
116 73 82
102 41 73 77
12 21 35 4 9
1 16 48 58 59
128 137 5 76
110 125
10 128 139 62
125 50 57
102 118 85
10 102 20 27 37 5
68 75
117 21 74
117 59 74
137 20 57 58 95
36 97
110 53 93
125 50 77
104 122 13 95
111 32 35 62
104 122 126 68 7 98
14 42 43 64
18 33
141 82
109 138 4 85
101 15 82 92
17 36 41 79
42 54 59 65 8
34 4 56 75
31 47 68 76
35 42 74
22 23 44 61 71
69 8
108 128 87
127 136 77
116 124 34
26 38
65 92
18 44 51 80
104 13 55
129 26 82
114 32 71
121 36 8
110 120 50
128 85
39 58 59 81
13 32 89 96
70 95
28 43
130 27 65
105 114 31 96
113 21 57 73
2 65
139 29 5 98
31 58
101 48 98
121 126 29
118 83
127 70
1 31 51 77 81
0 1 120 131 16 52
10 101 2 57
116 119 57 70 88 90
128 42 8
78 83
138 74 91
11 112 113 133 79
17 67
2 46
68 69 7
120 49 84 90
127 140 50
117 72 83
126 142 3 76 77
1 133 45
107 6 8
132 25 85
139 28
104 34 39 49 53 96
124 25 6 81
108 28 41 45 64
23 28
3 79
106 86
12 128 81 88
10 28 67
103 110 13 3
115 14 30
116 133 17 8 83
120 39 60
130 4
124 18 30 7 70
101 115 24 81
14 47 69
1 60
126 41 8
126 72 92
20 43
0 13 140 75 93
116 78
11 118 121 25 63
24 62
4 89 99
28 49 72 75
126 45 83
121 123 126
120 23
104 105 12
12 23
102 133 7 75 82
35 58
102 109 28 94
89 93
139 32 97
114 115 116 72
112 53 8
110 5 67 73
131 132 58 65
131 58
119 4
116 22 39 70 74 80
108 109 53 81 96
100 56
66 67 73
12 122 88 91
130 8
115 117 13 44
1 55
107 129 27
3 38
134 36 55 76 89
11 117 59 80 99
114 129 4 60
123 19 54 63
11 126 83
106 123 127 14 47 72
33 48 50 76
45 87 97
12 138 19 2
15 23
57 89 96
114 16 44
22 24 42 52
6 8
101 12 124 135
11 27 39 5
108 59 91
107 128 41 79
117 118 15 54
13 134
31 72 79
108 114 141 97
2 45 82 92
129 31 34
17 58 90
120 3 48 63
53 8
115 117 125 34 59
23 33 44 46
119 46 6 73
105 109 117 43
114 23 71
125 126 16 3 43 63 82
12 139 98
112 31
120 140 23 78 9
31 32 48 53
114 46 6
125 63
125 55 95
81 96
114 121 34 46 87
128 90
122 124 17 38 84
111 131 68
108 11 112
1 100
20 59
102 35
42 52 72
13 34 51 67
107 19 79
103 2 26
29 44 45
103 112 118 12 53 65
130 24 48 58 73 88
45 64 87 88
127 35 50 63 95
118 81
16 73 9
65 68 82 93
138 83
12 120 140
10 75 98
104 60 63 76 82
26 30 43
104 140 28 48
122 14 67
121 129 130 63
113 63 74
101 103 57
60 90
102 113 114 58
126 6 70 74
19 62
2 85
117 121 128
36 44 65 69 77
1 18 4 59
38 80
105 116 129 80 89
73 91 98
131 51 79
117 122
114 24 58 83
102 18 80
48 74
117 122 49 50 65
105 21 53 56 96
12 130 78
123 137 4 67
109 128 3 60
128 141 76
56 58 82
137 16 40
121 32
142 21 4 44 96
107 21 68 69 76
29 34 80
105 14 80
43 63 83 99
2 27 41
32 63 69
41 63
37 43 94
101 133 33 79 85 89
0 110 13 85
137 16 25 29 48 71
134 26 75
128 134 32 33 8
63 66 72 74
0 114 69
35 40 57 95
119 16 53 72
48 55 87
39 71
112 27 38 77 88 98
25 49 71
2 33
28 33
109 12 126 20 43 73
0 1 129 133 34 6 62 80
107 133 31 50 82
127 4 46 78 95
1 110 137 74
110 134
33 81
1 105 121 137 139 45 70
122 47 97
104 139 25 45 47 48
133 83
115 136
108 139 75 8
126 56
11 131 64 82 93
109 123 15 51 68 69
142 3 41
116 98
138 90
131 136 35
13 83
123 48 65
112 58
31 44
123 2 56
100 110 125 64
0 25 5 85
103 127 17 90
10 81 88
118 62 77 78
39 74 94
140 32 5
11 27 36 49
120 61 68
141 34 61 8
109 122
115 119 133
131 133 37 44 59
101 127 132 39
16 9
115 124 139
10 26 39
12 122 34
47 50 69
137 31 49 92
22 73 8 85
106 32
118 136 25 33 87 89
13 14 96 98
100 130 142
103 40 53
116 2 42 65
131 14 51
70 97
30 98
109 50 90 92
0 138 19 28 90
122 23 3 45
20 7 99
52 64 77
10 125 54
107 53 87 9
102 108 28 50 8 83
103 124 128
11 22 75 77
115 122 27
127 46 64
128 2 65 66 68 72
13 24
30 84
141 4 83
19 22
12 23 71 81
16 38 50 72
137 94
24 33
15 31 58 6 66 84
46 7
1 21 88
100 124 41
103 125 127 135 5 58 92
108 133 6 89
7 75
52 66
20 26 92
102 106 123 132 35 4
134 50 60 65
124 52 54
24 28 57 89
103 117 21 42
128 142
126 37 61
112 115 38 41 96
130 75
106 114 116 5 54 83 95
105 17 87
10 109 128
24 56
101 103 131 31 33
123 66
11 2 27 48 7
124 132 20 29 99
102 11 137 3 92
106 108 48 64
123 67
17 23
107 122 13 90
119 86
122 123
101 134 21 85
114 134 24 58 81
7 90
103 138
86 9
103 136 44 65
133 81
141 48
28 42
62 84
126 140 51 85
141 40 53 66
108 55
25 57 77
112 88
124 52
38 47 77
12 126 26
128 19 82
17 34 92
133 141 27 56
38 59 63 94
28 64
112 13 70
120 50
71 75 90
108 137 99
115 127 39 76 92
47 84
35 4 80
124 140
131 47 80
27 53
116 22 29 79
40 45 65 67 99
67 78 94
125 21
15 3 94
10 120 126 13 56
122 13 69
118 122 41 46 9
135 53
11 110 139 52 9 96
3 94
120 13 87
22 44 70 99
132 37 61
104 11 114 137 30 79
100 105 135
0 17 53
121 16 21 52 89
117 26 38 87
119 37 65 7 97
43 58 59 91
128 134 30 38
138 29 43 50
101 136 74
100 22
107 111 116 35
32 37 66
103 111 15
89 95
135 45
12 45
122 126 91
106 38 95
4 57 75
10 69 70 73
123 54 91
113 118
116 17 46
132 83
123 125 56
62 66
10 38 58
136 52
100 109 119 27 62
19 50 64
19 39 4 88
10 83 89 92
114 120 134 54
106 138 32 50 95
2 23 38 44
1 11 140 33 41
4 40 41
89 90
48 97
100 103 69 87 89
123 26 44 75
109 117
138 61
103 121 126 52 56
64 80
54 75
102 97
58 87
119 4 46
122 31 68
110 29
139 44 72 81
136 43
109 110 138
103 107 135 50 85
110 5 77 81 86
128 74
19 25 56
123 141 16 6 9
69 72 90
134 4 88 9
100 38
109 125 50 52 64 99
104 90
12 127 46 66
112 139 98
115 7 87
114 122 61 84
142 6 91
104 55 57
128 3 32
123 139 63 66
120 25 34
11 33 66
36 81
138 4 77
98 99
20 38 47 49 86
119 129 15 42
101 18 52
140 7 71
117 122 64
11 6
100 45 55
100 115 135 58 83 99
128 13 28
106 122 142 67
135 16 41
116 121 18 45 52
118 61
122 39
116 66 68
19 86
11 136 138 4
18 37
117 134 31
120 70 86
10 126 70
44 55 68 70
30 36
51 85
128 62 84
125 35 36
106 116 129 5
21 24 50
0 28 82 83
109 58 73
125 130 58 78 83
131 94 95
107 112 113 116 117
27 39 45 57 79
10 130 142 30 56
1 121 129 4 70
44 47
52 87
110 65
25 66 71
120 38 60
11 31 35 73
126 16 30
131 16 28 63
126 14 6
36 94
127 132 15 88
101 12 26
115 17 45
114 36 38 7
129 63
139 96
115 23 3 53
119 45 69 78 9
38 71 78
102 55 79
136 42
11 128 38 76
0 16 32 81
22 45
0 111 39 63 70 89
133 44 5
129 19
57 72 96
10 114 91
10 64
10 103 122 79 86
125 98
43 89
115 7 94
34 62
116 12 120 18
131 72
129 21
124 136 22 59
40 91
0 35 38
11 111
133 135 27 77
121 138 20
13 136 138 54
135 95
10 23 81
103 127 138 66 73
39 48
10 111 18
30 55 89 93
117 74 94
14 31 51
134 41 45 53 83 98
123 6 82
67 84
2 32 39 74
134 27 54 64 9
11 130 87 91 93 95
131 16 53 8 81
103 107 37 5 72
32 87
25 49 73
114 140 17 22 94
121 65 78 95
38 52
102 111
44 73
11 47 90
79 94
19 2 83
117 43 92
11 119 79 97
133 8 93 94
104 61
12 133 138
33 74
24 30 8 86
123 132 37
142 29 87
131 40
108 67 68
139 17 52 60
24 57 68
36 86
7 82
110 22 90
61 79
53 90
105 20 35 59 97
44 5 75
60 85 88
111 88
46 62
26 55
16 24 73
107 5 62
29 43 9
121 124 59
103 114 99
106 117 71
115 119 13 47 76
78 84 89
18 61 8 91
24 74
45 74 83 84
36 41 62 85
100 139 141 55 87 89
103 112 73
11 24
4 74
33 35 9
3 41 48 5 69
108 19 58 66 79
29 70 75
32 83
108 118 12 120 121 19 68
112 82
123 133 18 44 66 73 87
14 79
139 63 96
10 142 42
18 2
100 132
104 139 36 63
119 142 74
17 25 50
45 95
117 134 137 18 56 88
108 83
17 33 73
55 81
133 31 60
66 68
0 40
10 105 41 52
22 58 99
5 55
104 11 133 27 5 58
103 18 2
37 84
102 123 77
102 115 133 21 6 9
44 85
142 51 80
12 137 76
44 46 66
115 22 52 59
111 25 51 9
101 117 14 47
123 26 28 67
131 31 48 73
110 119
14 28 89
118 33 52 81
35 40 89
11 40 45 88 9
140 20 47 57 59
103 66
142 25 26 72 86 92
106 129 87
45 87
0 101 119 123 138 34
64 83
138 16 29
53 76
39 83
108 60 73 82 95
124 13 2 46 94
101 110 136 72
128 32
35 36 39 42 60 71
128 5 88
134 135 6 64 69
128 14 23 31 42
110 2
142 54 72 80
0 106 115 20 70
138 54 74
128 15 96
51 68 77
102 139 87 91
111 57
140 34 54
34 85
107 23 28
134 138 84 90
131 2
14 24 79
10 40 80
104 132 138 40
2 20 49 99
1 4 72
129 131 137 9
125 86
119 13 29
102 125 22
11 117 142 72
141 88
116 58 68 73
131 39 54
124 90
14 20
15 86
10 83 97
28 76
61 88
11 15 9
28 98
102 122 135
115 5
132 2 90
117 120 134 53 58 79
132 84
130 22
31 74 86
135 65
19 57 82 94
138 55 58
100 103
120 134 141 76
100 103 132 40 47
102 106 128 131
16 70
131 19 40 86
11 138 65 99
41 42 62
103 111 141 52
106 113 55 82 86
117 89
108 109 125 14 36 56 83 99
114 137 6
131 135 94 95
102 32 48
114 6 91 99
24 68
101 21 36 38 4 58 73 90 96
106 43 54 94
105 46 54
135 142 24 27 85 86
136 54 8
101 105
106 128 72 86
83 86
35 48 66
142 74
105 11 131 22 32 88
33 44
1 6
109 15 22 94
123 30 8
10 105
6 60 86
105 107 141 48
125 74 92
107 124 81
100 108 19 42 69 99
106 139
35 76
113 139 17
134 41
20 72
30 52 83
116 53
100 15 16 55 81
3 49
102 11 137 64
127 137
45 65
2 80 99
138 27 76 96
103 20 26
118 128
116 121 13 14 2 47 75
111 125 52
136 41 58
12 17 38
113 139 55 83
59 6 80 92
111 4 81
115 137 141 45 56
16 75
58 78
33 55 96
106 119 126 27
38 61
122 141 32 96
139 23 31
102 67
121 81
118 121
25 30 47
129 21 63
103 12 127 24 46 95
66 72
47 81
103 125
21 77 99
106 22 54 73
48 98
11 28 76
48 90
114 71
122 142 38
135 136 39
46 5
2 25
127 2
25 35 47
106 91
106 25
1 134 31 57
78 97
10 137 40 67
116 40 52 59 78 81
112 80
111 121 26
0 114 19 91
40 47 86
121 28 46
102 93
103 128 16 44 9
117 61
5 74
22 69
101 24 31 58
133 138 29 56 78
142 30 99
24 43
0 116 136 139
41 95
128 40 90
105 36
120 49 63
136 57 79 8
122 123 26 35 99
111 137 34 70
19 36 99
117 134 21 79
117 24 64
0 109 113 44 5 76 91
115 137 8
31 39 57 80 96 99
10 136 138
117 134 58 89
115 133 42
118 122 125
1 107 73
0 122 76 90
70 81
121 139
14 3 54
133 57 58
141 73
31 6 90
0 140 18 76
46 67 75
17 52 95
126 137 88 90
28 53 8
122 36 8
108 123
116 28 47
111 123 50
13 47 82 84
111 121
105 98
104 17 2 73 83 89
115 6 62
121 46 94
26 30 34
102 113
71 8 9
117 129 62
107 129 7 80 94
17 59 62
111 42 86
127 15 60 69
118 135 33 65 89
13 140 87
123 140 28 51 96
131 33
109 34
102 38 63 73
11 113 50
31 80
108 137 40
15 20 70
3 80 98
132 69
72 77 97
129 31 66
47 67
106 50
24 33 71
113 71
103 37
132 34 36 64 94
10 128 24
20 61 89
102 107 52 82
117 25 56 89
40 67
10 53 96
1 131 142 34 79
121 134 28
34 38 85
106 49 58
111 128 39 51 63 95 98
104 119 55
107 134 60 63 74
126 131 44 92
1 10 47 58 70 94
29 90 96
121 78
113 18 21 22
131 139 70
105 44 85
0 140
135 140 93
107 136
116 28 60
13 51 54 84
140 23 78
47 62 75
0 125 132 141 33 61 98
126 65 68
88 91
135 28 79
30 31 37
39 84
111 121 134 44 71
10 108 117 43 63
1 4
28 36
16 23 28 84
112 7
24 44 92
139 19 31
126 36
129 2 40 67 76
101 113 52
142 21 81
124 130 38 74
105 50 72 97
104 51
103 109 6
10 54 59
11 124 3 40 71
12 20 44
30 34 49 84 90 94
104 130 32
102 136 35 82
33 36
122 5 91
101 116 124
0 102 103 74
105 28 65
108 26 30
111 16 49
112 34
39 44 52
10 134
5 57 8
104 124 19 39 70
123 136 14 16
52 77 9
106 16 72
103 133 77 81
107 13 45 90
57 8 84
128 134 141 83 95
130 50
100 116 70
134 27 88 98
23 49 70
102 30 33 86
14 71 72 9
136 26 43 47 8
44 53 70 87
61 62 72
34 70 99
136 32 60
125 23 61
110 25
123 133 134 47 62 76 97
103 53 86
60 63 64 80 83 95
106 34 82
109 36
119 15 22 89
126 133 40 71
137 15 26 61
15 40 60 72 8
131 36
13 30 4
38 82
109 128
112 118 49 62
10 123 22 37
20 55
102 107 111 113 39 55
129 41
136 139 36 39 60 82
38 50 55
57 61 69 70 85
142 27 5 55 69
101 130 3 85
10 134 61
0 142
90 93
59 66
40 99
1 12 30 96
115 129 140 31 9
35 65
116 137 30 57 59 7
103 106 113 82
134 57
29 51 70
38 76
101 60 69
129 28 51 61
130 133 23 50
28 56 81 94
42 48 73
109 55 59 84
137 139 64
101 67
108 40
139 98
105 50 98
106 121 18
134 33 43 44 55
13 40 57 69 76
138 85
123 141 59
121 20 58
113 38
61 70
106 22 62
51 56
118 87
100 99
107 134
25 43 58
106 119 135 96
103 107 127 55
6 63 96
10 108 15 28 35 89
103 19 82
20 87
142 47 55 60 85
121 22 33 4
29 31 87
10 118 49 96
127 29 95 97
123 29 30 45
128 33 6 64
16 17 44
131 44 82
61 68
108 11 19 29
41 96
1 45 91
133 45 5
103 137 3 97
45 47 80
24 36
106 11 124 58
126 45 67
110 85
49 64 79 90
43 81
135 14 30 72 90 91
49 61 95
103 111 36 80
119 136 141 84
16 34
116 4
35 88
13 51
122 22 87
54 62 88
10 114 39 90
28 51
124 39 53 78
25 40 87
30 36 66
139 6
135 136 85
25 39 6
27 76 84
8 92
100 112 2 23
34 68 74 99
128 29 83
0 22 23
113 95
47 66 77
10 115
11 25 42
118 126 23 42 89
53 61 72
122 124 136 79
115 48 87
117 125
120 126 135 47 78
125 20
28 53 98
14 49 72
120 138 41 47
115 18 46
28 86
101 141
126 130 39 71
33 34 46
134 81
108 30 98
107 13 21 22 26
32 69
127 134 42
127 139 19 53
124 3 58 64 79
105 29 47 69 77
140 51 62
132 8 91
0 92
139 59
119 29 88
77 99
106 65
137 30 32 82
106 28
22 43
74 83
102 110
118 12 25 81
37 75
104 46 67 92
44 80
125 21 51 54 86
4 89
19 61
20 77
22 38
138 30 7 74
115 34 77
135 80
14 39 45 63 82
112 12 138 22 34 73 74
114 126 49
111 114 115 58
51 7 84
29 74
104 106 124
0 102 131 20 52 90
104 75
4 40 86
141 32 79 81
136 48 86 89 91
133 40 61
78 99
127 5 71 73 8 86
39 75
57 66 97
124 125 79 98
102 19
3 38 53
142 39 78
127 128 35 64
118 72
104 120 57
127 14 8 96 97
42 46 6 96
127 30 87
121 140 30 84
101 123 19
11 111 117 28 49 73 78
12 39 40
126 139 63 74
136 18 83
129 45
131 138
28 31 71
120 141 47 59
118 13
33 38
103 26 69
51 58
13 22 36 42
120 121 61
116 13 131
138 142 84
4 46 49 76
108 140 85
119 14 36 52 62 90
16 52 59 6 79
116 141 20 4 80
111 97
19 35 66
65 97
130 87
10 115 125 23 75 86
138 82
112 24 39
93 94 99
54 58 93
142 38
127 76
106 13 34 61
116 85
110 139 15 78
129 52
119 35 36 85
32 34 50
111 127 43 85
132 28
123 129 21 30
103 5 83
118 123 133 141 28 38
130 51 99
116 132 92
11 136 14 62 64
11 79
102 61 86 99
10 61
135 30 58 90
109 58
11 113 118 70
140 17 31 67
114 132 20 74
119 17
136 43 49
106 94
138 46 65 80
1 123 126
11 140 21 23 38 60 91
101 36 8
107 128 23 62
119 140 62 71 80
113 23 35 6 65
112 122 30 36 6
142 59 62 90
139 44
10 120 137 28
15 79 93
46 49 87
118 7 96
69 71 72
10 129 25
76 81 89 91
124 93
36 56
127 133 58
108 118 126 25 34 36 95
118 70 97
15 18 28 39 78
134 16 91
106 3 56 89
111 50
129 54
125 37 58
22 25 63 7 80
108 119 98
23 48 81
1 105 18
31 33
132 50 71
62 73
111 32 71 97
116 131
137 37
117 126 72
108 50 55 84
38 44 58
115 125 54 62 74
22 38 41
26 95
133 26 82
10 32 51 57
107 75
118 12
45 64 65 97
135 137 49 74 77 97
130 142
102 25 3 41 5 69
0 135 63
109 115 21 3 82
13 33
111 115 39
88 98
130 70 91
12 27 98
114 31
100 119 40
0 111 46
114 86
120 125 48
55 98
17 22 94
116 18 62 86
66 81 82
101 39 53 7
46 60 82
138 52
46 49 81 87
101 31 51 65
42 50 60 78 88
104 116
105 25
109 30 36 98
124 67 75 85
101 11 134 82
22 62
112 24 47 69 97 99
134 55 97
136 9
0 47 49
33 46
19 20
105 130 131 43 50 58
114 46 68 71
29 88
113 119 4 44 90
104 142 30 43
100 132 74 91
115 20 85
116 38 56
109 113
11 20 36
12 50 58
108 34
19 25 9
110 127 5 7
108 125 29 39 46 99
135 139 17 41 48 57
120 5
113 27 34 8
109 115 119 128 142 17 42 64 66
104 115 27 41 65 7 80
102 36 64 99
0 105 107 142 29 35 43
103 130 42 5 59
28 35
142 35
105 18 36
3 33
2 38
13 44 80
130 58 70
114 40
128 17
133 31 32 35 56
29 43
113 28 57
137 53 73 97
13 37 55 80
102 3 42 57 64
119 125 15 48 58 73 88
1 141 2 37
1 106 113 124
103 116 122
105 116 56 57 80 87
113 56 78
102 120 13
112 55 81 90
38 60 62
101 111 141 45 49 50
14 2 43
27 57 79
116 123 76 9
26 63 92
22 42 51
120 46 92
103 28 70
36 44 8 9
22 50 72 90
130 25 37
23 98
1 101 116 16 58
123 132 60
15 47 49 65
124 132 134 18 55
117 48
124 19 23 40
134 22 90 98 99
58 73
100 113 137
46 8
5 62 64 91
105 88 92
122 92
124 127 21
14 140 44
11 138 42 50 71
106 96
29 48 75
78 9
117 26 50
124 125 62 83
112 36 51 63
108 122
26 49 63 91
106 31 79
114 120
130 41 47 62
13 22 42 86
130 40
11 26 38
50 95
0 104 25 36
34 45 6 75
127 36
113 115 116 134 63 65
125 130 54 72
111 2 46 70 9
123 35
23 57 99
131 138 7 73
136 31 86
14 33 45 86
107 41
111 124 130 139
20 50 80
33 92
113 59
114 12 72 99
131 26 41
106 119
45 46
118 41
101 14 44 5 61
131 54 98
115 141 2 49 63
6 7
108 66 67
23 81
0 34 57
23 55 81
104 118 21 97
139 67 74 93
128 89
6 77
121 56 64
11 45 80
1 115 117
85 86
43 78
16 35 84 87
114 32 57
13 59 82 95
132 2 28 57 84
107 116 53
131 80
33 48 57
101 97
77 86
21 59
105 45 76 78
138 36 93
68 72
120 49 93
17 59
133 14
0 112 44 54
65 88
23 35 43
5 6
105 119 51 91
30 77
122 133 14
113 118 37 39 79
0 118 27 62
116 51
20 21 31 6
105 88 9
33 38 61
136 139 69 84
128 24 61
124 77 9
127 82 96
18 30 45 79
104 122 55 83 9
27 3
137 34
130 91 94
134 35 42 90
14 24 36
104 117 20
31 34 39
101 65 66
62 65
6 64
139 86
128 130 72
10 18
106 120 25 31 91
125 70
127 99
38 4 42 55
118 43 90
108 19
46 70
0 7 98
133 32
114 51 83
100 128 94
12 127
20 22 70
12 131 4 50 62
110 77
0 1 138 55
72 84 9
102 17 35 41
129 135
65 9
119 98
142 28 46 48 7
107 139 15 82
11 121 52 59
126 16 22 31 32
109 121 34
11 19 59 87 88
111 85 97
45 90 96
20 28 93
49 97
103 13 84
12 134 88
102 25 70
132 137 81
100 116 117 70
21 25 43
77 82
71 9
0 111 56
3 37 75 76
11 119 97
17 24 3 42 8 89 99
0 137 26 66
139 48
15 57 66 85 89
100 106 46 48
44 95
113 134 38 49
135 55 83 95
114 6
1 11 86
111 12 2 25 36 82 85
116 122 128 76
125 132 136 68
108 135 136 26
106 89
70 94
90 92
11 135 24 38 83
118 75 77
36 81 93
124 129 96
17 35 67
110 72 99
124 140 2 62 91
135 139 59 75 90
108 126 137 141 16
126 132 27 60 94
21 36 38
54 95
12 137 39
16 39 41 43
104 129 25
34 71 73 85
123 5 58 65
25 79
38 9
141 79
118 46
14 18 30 8
123 141 60 86 95
102 104 16 86
15 71
137 139 28 59 89
116 130 29
104 133 68
130 53 85 9
100 130
120 55
138 80
1 131 18 47
106 67
0 100 5
127 40 46 54
105 114 116 133 14 32
101 94
43 76 83
106 121 20 25 61 71 97
68 99
111 20
100 18 26
128 19 79
48 67 68 91
131 136
23 45 81
106 13 80
87 93
12 53 65
127 129 27 64
12 48 8
141 85
108 66 82 91
122 31 74
122 68 78
11 117 120 37 39 55
22 31 4 72
132 142 38
134 21 3
0 18 32 80 82 91
123 5 77
102 104 127 55
125 17 32 4 85
108 13 14 47 80
136 42 93
104 109
126 138 24 26 64
138 23 33 70
46 50
105 128 4 61 62
101 65
60 62
106 128 45 64 7
141 52 8
53 72
0 132 22 82
120 97
103 13 130 52
33 4 93
30 33
15 38 65
53 93 96
0 87
138 18 40
134 62 78 87
109 123 20 4 50
14 18 19 26 34 79
115 47 64
111 131
13 38
18 45
121 136 88
42 87
111 141 33 56 84
134 16 3 33
16 24 25 44
115 133 142
31 84
55 92
114 141 18
0 120 128 130
54 99
129 40 45 77
133 76 79 88
113 16 80
108 42
41 65
131 14 78
44 56
104 108 141 15 58
102 82
12 48 9
106 135 76
107 115 121 80
10 89
12 2 87
112 127 39
122 14 35 51 93
101 61
137 16 50 8 81
40 46 75
120 37 80 89 90
16 18 54 81
113 12 120 142 5
141 45 82
45 69 74
109 18 59 74
11 121 124 80
110 119 34 69 85
2 42 72 81
103 38 9
110 82
115 119
110 2 6 9 97
117 136 139 41 74 75
125 31
131 51 6 70
13 62 69
76 86
116 120 37
0 4 81
12 124 29 51 77 99
29 42
