125 30 32 38 69 84 98
108 112 91
14 59 6 68
120 47
140 32
72 97
1 14
129 132
105 65 69 94
107
103 16
125
111
122 61
33 49 53 73
101 32 53 56
101 45 82
128
114 59
117 131 24
127
21 61 70
115 117
4 42 69
103 2 55 77
133 41 62 8

112 66
27 82
111 13 36 91
12 4 89
19 2 42 53
141 36 53 55 67 77
130 72 86
45 55
101 26 29
142 35 64
22 28 81
17 22 38
65
21 97
58 61
34 39 5
102 43 56 7
124 133 46
115 132 65
60
109 129 140 4 60 73 76 80 9 92
107 117 120 13
22 37 66 8 81
58 81 99
55 63
71 85
123 124 24 38 66 8 95
99
1 121 125
104 49 7 86
106
30
76
45
138 28 81
10
103 130 39 40
129 137 67
28 9
52 89
128 47
15 8
61
7
26
41
10 108
44 46 58
122 127 131 3
100 109 139 22 51 57 76
127 16 57 59 84
1 109 84
106 132 134 29 30
137
135 36 39
26 33
66 86 93
142
12 129 39 89
100 42
12
12 73
35 71
122
58 78 98
112
111 57 88
140 19 88
24
3 97
110 39 66
132
50
108 16 26 85
103 138
103 111 48
102 23 67 87
38 63 7
59
11 2 67 73
52 58
122 28
34
42 52 87
66 99
55 9
18
27 45 49 75 78
109 137 19 73 78 98
12 133 60
140
127 82
122 22
122 48 63 91
57
140 17 42 78
106 46
111 131 17 89
106 31 68
101 119 142 71
46 48
54
45 73
92
1 37 45
30 6
59 62
26 33 71 80
16 6 68
33 36 58
20 80
121 81
11 134 80
21 40
130 4
109 131 4 6 68 90
115
10 111 6 7 94
114 3 94
111 142 61 63
64 83
12 41 42 72
30 31 59
27 30 56
54 59 62
116 67
113 15 80
27 30 36
35 98
128 22 27 4 48 99
73
37
50 89 91
58
53
110 23 94
117 18 41
100 116 28
124 60
20 37
125 36 81
21 22 83
21 25 38 55 61
117 37
133 18
46
58 82 86
89
127 128 132 17 29 8 84
103 112 136
142 93
103 7 79 94
136
123 97
28 45 66
130 50 64
3 35
112 15 2 4
117 129 39 4 67
2 43 48 56
127 75
138 76 91
103 51
130 5
109 98
22
121 58
23 42
1 115 142 30 6
129 130
17 18 7
112 119 36 41
101 27 58 79
102 6 72
39
112 117 33
57 95
118 120
108 14 16 82
107 25 80
121 32
117 89 97
118 52
130 49 62 77
24 69
104 119
129 15 34
130 138 36 37 54 77
137 44
102 106 137 30 87 91
100 101 109 22 56 64
105 16 47 55 64
109 17 87 91
106 132 17 61 93
103 115 116 14 2 62
122 6 75
134 80
40
121
77
20 91
0 75
85
0 116 21
130 24 34 84
125 126 132 24 67 97
59 85
2 34 43 68 85
101 108 127
122 132
134
119 14 60
116 128 20 38
106 112 113 30
13 42
12 16 2
127 52
101 131 74 88
28 39 41 76
10 12 131
124 14
116 22 34 96
104 22 39
2 22 23 24
25 7 71 97
119
141 20 47 77
128 84
26 74
129 14 96
31 46 66 85 97
73 95
25 96
107 140
112 32 33 66
2
109 42 64 88
121 69 71
56
14 47
60 70 86
43 53
100 132 24
133
69 76 83
15 67
138 94 95
1 54 84
59 93
131 137 73
15
120 15 57
27
135 8
88
71 81
118 5 55 70 81
71 9
40 57
33 83
113 135
21 61
111 118 5
26 91
75
19 64
108 56 8 99
1
83
0 103 7
118 14
139 47
105 121 139 30
130 55 81
122 123 133 2
91
139 6 8
116 31 5
11 118 55
105 13 133
11 17
105 11 118 23
13 74
100
131 27 72
23
104 77
110 99
118
107 138 57 7
17 82 87
108 68
118 31
10 103 125
106 23
119 129
119 138 19 31 96
19
29 46 54 7 83
33 46 80 84 92
12 84
110 75
112 82
104 106 108 110 33 5
14 16
49
22 40
103 31 86
12 76
127 20 26
57 66
117 21 48 65
138 39 86
51 8
104 18 4 69
129 54
11 2 46 5 73
121 134
33 78
24 72
0 125 142 71
5 76
93
125 36
17 27 42
9 93
10 135 51 56 63
11
17
135 9
14 24
72 75 80
1 21 66
120 75 9
112 120 123 31
114 126 78 89 96
81
79
127 16
121 87
130 83
3 71 96
116 122 140
131 37 7 86
16 7
124 38
13 44
11 125 57
138 21 24 54 71 79
26 29 30 52
104 13 138 49
115 31 67
1 28
50 74
103 16 4 55 65
105 23 31 48 71 92
0 53 69 92
109 119
113 128
136 96
100 58
120 141 40
107 77
100 26 33 93
33 52 87
123 128
63
121 141 15
17 28 87 91
105 68 77 87
70
70 9
114 122 138 70
139 23
64
131 29
108 27 59
139 62 79 84
124 141 66 97
116 13 59
141 15 24
107 122 19 45
107 123 54 6 82
141 45 87 93
2 34 98
11 21 36 49 97
0 107 2 67
132 19
104 141 31 4 48 92
133 138 20 65 75
61 87
25 26 39 45 76
108 124 4 52 69 76 96
135 93
83 9
36 60
32 37 6 92
26 50
121 90
123 129
109 12 130
110 120 15
124
55 80
11 46
61 62
115 131
122 31 55 8
135 4
109 14 3 51 88 95
38
94
0 21 22 95
101 122 7
32
22 30 31
97
113 59 64 7
130 27 85
115 123
9
136 92 97
131 14 8
139 75
50 68 97
103 43
116 56 88
116 122
13 32 35
105
136 92
5
37 38 50 61
11 3 39 57 64 9
104 39
134 38
123 70
126 25
45 76
115 140 37
141 24 38 68
11 24
114 134 16
70 85
105 11 62
103 140 34 8 80
132 62
1 114 124 53 7 78
138 70 81
12 123 89
118 16 92
132 6
131 134
100 115 53 6
111 89
32 95
127 66
114 118 124 129
118 70
108 3 73
107 40 76
112 38
138 98
117
131 3 8
111 25 85
127 132
54 74 85 91
121 27 58 81 89
116 79
114 118 131 99
16 26 31 91 93
68 9
25 26
136 32 47 82
142 27
69
10 131 46
107 5
109
28
120 51 54
51
19 3
25 59 89
48 60 66 68 97
13
23 70 81
110 29 5 69
128 131 135 47 92 98
110 19
106 52 95
134 45
0 100 119 56
141 30 67
138 141 74 82
35 64
0 109 23 76 83 85
35 36
125 35
104 89 97
86
62 79
138 72 81
26 9 94
42
32 61
101 106 118 80 98
121 28 85
134 38 48 58 8
114 40
52
100 128 24
109 124 74 89
111 112 47 97
137 39 46
125 33
50 51
121 128
117 4
102
134 142 18 39
77 96
119 27 61
138 52 81
103
101 104 136 139 59 98
123 39 59 80 88
102 29
125 142 80
0 138 34 47 91
104 26
116 127 131 142 49
30 54
132 16 74 83
20 6
18 65
67 7
18 24 25 39
136 22
125 22 68 98
48
132 80
125 138 58
139 35 6
128 139 28 37
119 129 88
102 96
78
134 45 56
3
125 53 67
75 94 96
68 85
119 132 135 41 58
15 97
31
112 13 34 47 85
101 26 53 87
122 130 87 96
105 106 120 49 62
50 88
120 56 74
115 22 41 67
138 33 59 9
59 62 66
80
32 53
119 45
126 40 79
134 23 66
101 115 35 45 60 70 8 87
129 54 90
28 81
31 98
118 24 83
124 20 33 36 66 68
90 98
113 29 50
101 102 104 27 42
103 18 22
96
10 101 3 75 82 93
116 62
127 79
137 14 37 78
113 116 32 54
139 14
0 104 73
116 122 131 135 27 87
110
108 109 7 74
87
11 126 74 96
41 47 53
119 96
133 142 6
0 133
114 24 25 96
138
101 42
108 126 33
129 42
32 73 87
94 96
130
101 34 50 56
44 54 74
2 66
8
82 83 88
134 18 26 56
0 80
65 71
28 43 71 94
101 32
141 75
117 79
102 15 23
126 142 61 73 96
41 73
136 34 74
18 29 54
115 87
55 60 66 86 89
100 133 15
22 84
110 116 12 98
126 39 53 88
133 141 23 44 83
47 54 98
129 44 64 77 92
66
16 91 96
102 18 72
118 119 130 96
131 134 44 48
65 98
42 49 68
118 59
110 12 120 129 14 140 67
14
119 126 133 4 97 99
71
108 113 33 61 75
123 14 142 42 84
8 95
104 116
114 15 28 68
13 4 48 67
108 131 67
116 57 62 67
126 90
120 21 61
114 128 129
75 87
73 94
136 26
100 18 53 87 91
122 50 57 7
105 18 95
137 24 47 83
27 71 87
54 70
4
131 43 80
128 51 98
110 89
6
100 135 36
17 30 33
121 141 24
105 29 85 88
112 12 23
113 36 59 69 75 83 85 88
113 117 131 52
131 60 71
129 135 90
109 24
41 46
11 115 6
101 137 141 75 84 87
10 45
128 141 38 78
101 106
0 123 49
137 141
17 45
138 73 84 97
126 133 2 24
10 114 59 64
102 109 117 48
132 138 9
115 136 20 76
23 99
126 129 3 42 95
72 90
125 13 27 75
11 116 39 50
100 76
116 137 44 95
118 19 46 99
111 118 127
139
140 3 43 5 96
104 11 121 21 67
12 121 40 58
105 119 134
141 25 72 84
104 134 139
52 58 81
101 19 97
2 64 83 99
113 124
115 133 83
103 117 13 25 31
102 28 52 86 88
115 133 65
125 74
121 138
111 35 63 69
3 39 90
27 74
101
101 108 69 87
51 63
106 91
44 9
118 7
128 39
55 72 97
123 16
20 48 97
18 25 57
16 40 7 87 97
28 56
104
113 3 37
131
22 35 67
109 54 6
105 129 36 56
88 97
109 78
10 14
132 133 20 47
1 136 20 27
0 4
103 132
120 142 38 81
105 126 128 90
43
131 132 18 76 78
120 17 29
139 65 90
20 31 36 39
11 38 44 90
132 20 21 72
70 75
16
114 16 62 93
104 98
127 4 71 96
100 8 86
110 112 74
47
113 99
112 63
24 8 81 83
26 34
15 24 31 56 62 72 79
109 117 120 23
104 47 58 84
0
15 49 57 79
60 97
1 11 26 8
30 35 52 61 65
113 82 85
104 105 119 46
116 29 89
130 81
59 63
131 28 7
71 75
51 84
58 65 82
119 49 6
137 58 96
8 98
119 12 15 49
14 141 35 37 66
18 37 76
133 142 34 95
53 65
119 122
108 20 25 42
120 61
106 113 123 135 18 2 47
102 54 70 9
112 131 68 86
23 40 71 87 98
126 34 97
116 12 45 47 76
124 21
120 53 65
30 5 79
106 107 118 84
113 137 17 19 21 50
118 122 136 16 4
132 140 67 7 98
102 21 52
45 61
10 109 110 12 80 81 83
46 73
47 59 85 9
59 73
14 82
123 43 47 77 78
137 57 84
127 26 51 90
19 28 33 50 89
141 78 82
17 60 79
142 42 60
104 115 31
37 44 71
33 48 55
36 6
116 27 32 79
70 97
0 56 91 99
12 68 76 85 9
117 137 47 95
126 76 88
37 69 80
129 139
32 84 94
138 38 57
79 86
62
60 67 71
107 134 138
21
123 25 73
118 138 14 24
102 50 78 8
11 125 135
134 88
32 42 49 61
103 21 78
3 55
121 132 84
116 17 31 54 71 76 86
111 119 60
0 43
137 43
102 134 138 32 64 75
104 17
30 36 55
116 138 97
16 89
108 27 48
128 81 89
11 126 5 55 78 88
115 116 31
110 48 53 64 93
122 135 137 7 70
105 35 36 71 89
44 58
102 113 25 3 43 54 56
104 115 28 58
114 22 72
132 69
134 136 37 76
1 136 3 49 7 83
128 45
28 91
134 97
100 51
115 130
136 33 71 79
22 4 53 55 69 78 79
44
1 25 57 68
1 55 61
95 98
22 64
55 96
82 99
103 19 81 91
128 14 77 80 83 90
121 139 39
42 46 7
112 113 135 84
107 131 31 55 72
33 55 9
129
31 39 54 6
141 48 88 90
70 83
109 115 15 48 59 65
33 82
103 65 88
121 138 68 75
113 137 44
100 42 69
105 123 39 49
55
50 99
100 137 25 26 91
120 8
30 90 99
108 118 123 4
106 52 56 84
140 92 96
124 20 97
1 111
5 87
105 128 51
106 108 63 74 90
35 69
19 57
0 100 26 68 95 98
135 55 64
107 122 32 80 90
122 18
122 135 138 24 7
130 38 5 82
100 30 75
121 132 61
102 124 68 93
116 4 47
103 75 92
104 108 110 139 51 59 87 95
125 128 135
0 109 87
114 118 89
118 18 82 9 91
116 85
59 67
116 33 45 6
131 94
136 43 61 87
130 84
133 135 21 25 73
137 40 44
109 113
134 3 97
12 128
100 126 41 51 73
116 41
22 62 71 76 86 88
20 72
115 24 42 94
116 23
1 139 36
10 125 23 48
11 50 69
132 16
74 78
17 23
115 34
38 78 80 97
115 41 66 7 80 82
2 61
131 90
105 25 55
0 120 81
122 38 9
118 26 38 81 99
136 50
102 31 34 61
19 93
14 41
122 136 15 43
17 32 36 78 98
13 133 34 70
115 39
10 11 123
12 18 2 34 61 66 81
95
2 40 41 9
53 85
55 58 59
101 108 140 54 79
127 17 53 54
114 28 52 66 87
68 92
111 119 36 91
116 57
21 50 63 66 86
112 24 62
130 135 61
138 79 99
137 25 26 86
0 13 33 86
30 4
105 30 80
114 54 61 72
123 142 36 80 84
118 62 81
10 125 13 17 69
125 129 45 82
136 60 75
15 23 26 35 36 38 75
40 90
22 45 58 77 89
115 13 82
133 18 33
107 135 28
27 36 53
126 142 98
108 126 139
129 29 40 58 99
11 78
100 102 124 141
114 39 44
124 13
110 137 65 85 93
112 119 84
127 137 142 32
49 8
112 114 121 23 75 88
100 137
126 21 58 73
12 94
103 105 25 88
10 39 77
53 89
0 81
114 122 45
36
109 85
4 80 88
126
12 120 15 34 48 51 7
118 17 41 60
100 121 141 87
28 50
118 124 71 79 84
116
136 139 142 56 67 84
100 29 33 76
13 14 23 41
116 29 6 7
129 32 47
12 53 78
22 66 97
15 83
42 5
5 79
111 58
51 81
70 77
115 55 7
116 21 39
102 124 77
140 20
108 136 67
104 31 58 71 75
40 44
12 64 76 78 82
139 8
114 99
103 34
117 140 74
102 52
101 110 43
28 29 93
36 5 75 77
118 55 75
105 117 59
101 140
84
25 33 40
29 30 37 54
103 25
101 52 79
127 14 88
61 77 8
109 110 13 14
66 84 86
134 76 83 92
133 32 33
0 67 77 80
126 3 33 92
13 18 47 50 6
106 120 14 8
129 62 82 87
102 6
122 38 63 8
29 54
18 48 58
136 30
38 64
127 129 50 58
109 117 140 57
105 30
17 64
115 2
121 16 4 59
118 126 129 95 99
114 37 8
124 76
131 97
102 128
103 14 27 51
142 32 60
16 28 69 72
114 125 30 31 62
122 6 71 74
9 94
100 94
113 38 55 78 88
121 33 52 70
102 27 92
107 33
105 23 39 52
129 17 7
133 28
105 17 46 6 94
136 141 47
105 25
49 71 9
36 43 54 58 72 93
125 29 35 79 8 92
22 80
1 129 135 2 22 36 56 69 78
114 34
102 105
105 129 81
0 122 138 66 74
114 29 47
44 94
10 127 31 67 72 88
56 61
19 68
11 118 39 42 44
118 41 86 97
20 64
111 33 35 36 71
33 71
130 135
14 8
115 120 21 71
1 132 27 29
108 134 29 33
124 130
4 78
4 82 96
108 131 142 49 74
41 89 9
123 133
104 24 5
10 103 21 57
101 111 123 23 26
59 69
34 84 91
31 67
118 54
122 54
105 134 60 62 66
112 12
136 62 74 78 81
69 86 97
132 135 23 54 60 63
129 58
122 33 83 93 94
104 31 5
34 46
42 63
38 76
32 41 45 87
107 111 132 59
123
108
141 29
128 9
42 56 74
101 117
20 24
102 15
125 47 80
138 141 16
25 45 64 95
141 44
118 38 63
114 14 4 49 73
103 26 87
12 36 82
127 54 56
19 21
100 110
43 79
69 80
108 119 29
120 132
110 111 66
125 50 90
0 121 134 37
106 130 41
0 142 34
139 69
105 129 19 22 27 54 79 85 94
28 95
135 66
126 36 57 94
29
130 60
122 76 84
129 38
122 45
28 88
117 54 89
23 50
0 62 86
125 45
124 142 58
50 71
112 117 119 142 56
136 53 57
11 132 83
105 110 24 80
39 71
127 20 27 47 65
103 59 89
115 39 47 57 61 65
126 47
123 13 48
118 119 137 50
103 33 38 57 98
43 69
36 84
114 3
64 9
4 46
113 53 85
0 53 74
13 30 82
136 8
16 51 70
116 30 6 63 66 75
124 140
69 77
42 66
113 39 56 79
105 116 95
111 126 54 64
107 108 38 63
114 28 41 44
104 119 14 28 31 63 87
51 83
101 14 16 24 80
134 92
59 95
106 113
105 86
3 74
85 97
20
103 109 14
18 56 68
100 141
111 116 65 76
108 28
11 29 41 91
131 57 58
43 71
114 115 41 63
100 118 31 42 5 64
113 38 90
3 59
0 20 23 24 44
114 74
110 117 5 63
72 88
22 31 33
134 76 94
129 15 36
27 76
19 2 96
101 47 54
82
104 133 16 49
118 47 84 88
114 128 3 32 40
120 35 48 6 94
28 90
104 132 136 28
122 78 95
111 21 3 37 91
122 16
126 28 66
124 82
122 28 45 48 49 73
107 67
47 63
102 121 13 133
115 14 32
121 139 65 81
114 124
57 83 92 97
140 46 89
141
104 125 2 92
129 60 99
102 36 74 77
118 17 81
117 136 3 85
14 27
129 62 81
135 7
111 49 68
51 85
108 126 60
24 33 90
62 87
1 127 20 81
137 3 75 99
101 133 47 5 69 9
22 27
102 122 76
23 33 36 62 65
108 111
132 15 88
3 50 76 96
128 66
109 113 44
39 40 71 75
53 81
126 69
128 97
37 41
119 56
13 27 73 84 90
135 49 50 82 89
30 39
21 45 85
104 121 2 9
12 13 84
100 52
109 59 85
114 13 53 71
125 60
106 18 61 75 80
119 126 47
132 17 29 52
137 75
29 66
128 131 27 47
22 8
29 60 90
111 9 92
107 55 80
62 81 91
117 121 78
128 59
106 109 15 22
26 61
100 122 15 2 52
125 13 141 16 27 61
37 45 65 87
103 113 87
70 91
117 73
111 70 95
16 37
106 111 122 18
17 29 49 51
129 89
114
27 34 4 70 72
41 93
32 75
42 60
116 27 34 50
74 77
119 135 94
49 71
10 117 4 48 92
100 17 22 38 74
104 56
17 47
102 117 37 6
33 47
13 22 30 54
125 31 46
110 41 49 87 99
118 137 138 141 72
10 110 116 5
13 22 56 77 82
112 34 92
10 69 71 9
140 45 73 94
1 13 130
115 71 97
55 77
2 9
117 132 35 98
1 120 133 138 65
139 142 94
11 129 135 50
109 119 53 79
108 2 44 6
133 134 18 32
137 57
66 85
38 88
19 99
108 48
100 73
107 120 121 123 40
104 28 36 89
110 133 142 74
108 139 2
123 134 54 83
133 135 90 91
100 128 22
138 55 58 97
134 23 58
117 58
19 30 39 4 51 88
115 32
54 86
10 55
132 32 74
27 41
30 90
103 40
11 127
75 82
103 85
100 11 21
116 136 36 4 71
138 21 48
107 85
30 63 94
111 35 73 79 98
0 22 54 63 93
124 63 70 77
111 27 92
1 104 118 41 46 6 68
40 55
112 120
114 70 95
100 66
108 48 68
35
51 82
11 115 123 141
142 21
27 70
111 25 31 90
102 133 41
112 22 75 76
102 76 90
12 121 89
102 130 30
108 70 87
35 46
135 93 98
102 51 66 86
128 44
111 4 52
138 34
117 69
12 59
126 131 15 17 28 62
112 96
106 130 34 97
50 58 94
74
115 32 34
33 35 57
33 80 92
108 110 133 40 48 61 74 93
60 89
126 68 78 94
127 135 44 48 78
123 125
115 31 96
47 67
137 22 36
11 138 40 82
136 141 36
10 108 138 36 68
35 52
122 127
10 106 48 9
138 47
110 38
105 115 88
124 137 58 71
11 137 73 84 89 96
13 140 142 33 64 67 90
49 79
121 132
113 119 44 99
132 21 4 44 67
121 130 135 4 58 64
127 21 75
127 130 136
111 2 64
16 48
2 33 34 52
105 133 134 22 51
127 34
67
129 84 86
11 17 24 44
106 136 139 14 22 68
120 127 38 54 92
111 137 45
32 4 54 92
101 103 126 62 64 81 86
32 52 72 96
128 15 18 57
125 91
38 84 87
107 20 21 38 64
24 49
62 66 71
123 29 51 73 90
25
101 105 142 36 56
106 50
105 39
40 50 7 75
105 112 47 61 87
107 112 15 26 52 56 62 7 73
101 125 2 5 74 83
100 102 11 132 6 86 99
0 101 61
131 34 4 80
10 13 138 16 26 28
16 77
29 3 55
119 67 68 84 9
19 47 56
141 52
29 58
104 122 48 92
113 119
103 114 120
138 21
30 98
116 133 29 39 64 75
113 115 127 95
129 140
118 87
106 138 14 60
23 57
109 122 18 23 51 65 80
101 117 3 4
109 96
108 127
33 81
108 95
38 71
128 64 74 97
124 28 33 69
104 133 81
102 55 56 75 88
102 125 71 77
105 77
67 74
125 128 138 15
113 41 95
33
1 23 40 47 69
108 112 139 42 92
5 64 75
47 57 97
21 63
111 113 41 6
39 78
124 84
115 119 124 88
103 53 80
118 139 33 4 66 79
22 47
135
126 132
2 33 81
133 135 15 85
21 31
121 40 99
73 81
1 100 36 82 92
29 61
11 131 48 52 6 61
12 18 86
114 117 4
117 71
125 31 37 71 87
138 58
10 25 44
18 2 44 77
102 123
115 50 7 9
83 91
16 39
16 81
102 80
118 142 68 76
11 110 137
35 95
102 40 96
126 32 50
130 133 92
107 141 39 77
137 49 96
104 74 92
11 25 54 70
10 17 61 75
141 79
105 109
123 134 137 15 73 76
11 116 41 95
111 130 2
2 85
139 93
102 33 52
45 82
54 73 87
25 68 83
131 81 84
141 15 27 48
106 110 19 42 73
136 97
120 60 68 92
101 118
30 52
133 3
56 59 65 97
109 64
111 49 79 87
134 24 80
118 124
103 132 43 61
15 32 91
22 73
116 65 91
103 134 63
117 31 37
11 24 52 6
124 97
118 142 15 74
130 36 58 72
130 30 42 81
101 123 21 51 91
122 24
132 23
121 38 72 91
54 84
139 36
142 4 94
90
138 49
131 132 26 31
136 139 95
127 129 31 87
24 47 63 70
102 66
13 132
105 112 132 79 87 97
6 7
25 77
21 26 50
115 95
14 62
13 40
128 32
127 142 18
121 140 72 93
41 66 96
105 112 60
102 122
110 27 60
102 19 47
45 77
30 53
23 84 87 89
12 141 69 70
58 80
122 47 5
103 23 29 83
114 117 126 25 54 99
38 45 52 72
28 46 83
111 119 131 64 88
113 57 88
106 71
142 17 91
117 72
126 131
33 79
101 123
100 105 45 79
101 130 25 40 48 79
139 141
119 122 14 57
4 73 74
103 120 141
105 124 9
119 52
130 18 27 65
100 125 41 7
107 141 5 70 72 83 84
13 137 20 38
130 131 42 55 91
132 62 73 74
120 97
130 71 78
119 51
102 26 9
55 68
29 89
141 67
104 108 127 2
123 41
1 105 128 41 82 83
121 79 85
2 37 60
111 64
19 31
22 62
103 30 41 46
38 77
111 125
123 140 75
104 111 12 28 34 38 55
0 114 139 20 22 45 57
111 22 91
130 136 3 33 35 6
112 44 77 99
65 82 96
35 43 92
4 80 89
133 92
112 55 6
103 107 39 99
11 62 68
110 111 57 96
40 61 92
139 23 59
142 2 94
139 141 20
51 66
134 19 90
11 13 18 80
1 105 38 46 49 65
17 88
100 101 46
126 50 51
101 90 94
84 93 97
71 91
139 14 142 28 41
11 57
135 82 87
53 96
100 106 97
55 58
114 123 2 80
142 27 47 75
127 23
131 27
107 98
139 27
105 62
105 106 138 15 66
49 54
21 51 64
39 64
120 28 29 49 7 96 97
10 37 96
122 21 44 51 66
32 69
103 122 67
7 94
109 131 9
102 18 5 71
103 119 53 85
69 81
23 55
117 78
119 76 87
106 121 141 32 49
122 65
32 40 72 74
10 128 14 43 6
0 84 99
109 13
125 18 90
116 139 85 88
10 16 73
104 117 141 24 8
120
101 102 127 56
126 129 55 96
83 84
112 12 75 88
28 58 7
22 53 62 97
112 127 21 66 68
29 99
142 84
137 39
125 29
106 112 122 127 35 42 7 70
27 36 60 71 9
40 71
106 118 27 3 9
13 132 134 30 88
27 42 77 9
11 124 92 96
33 45 83
11 87
22 70
111 118 44 45 54 55
59 9 94
98
23 32 84
10 82
110 54
105 126 68
101 118 124 139
110 123
128 24 98
133 138 24 54
115 63 67
122 57 69 99
48 79
135 14 15 95
138 57
126 4 69 86 97
122 13 36 39
0 111 39 42 62 97
83 97
122 39 80
112 6
120 16 33 5 79
52 68 73 8 85
44 47 54
112 122 81
130 58 64 71 8
100 19
119 21 30 45 72
8 85
110 128 45
133 91
118 120 4 49 80
116 37 46
33 37 4 51
110 113
109 137 53
132 22 49
142 29 5 55 75
55 58 61
141 66 70
117 33 72
103 140 17 31 73 74
21 32 37 66
108 118 40
118 122 127 14 81
116 117 135 21 27 41 47
14 37 44 59
129 55
130 22
140 55
132 67
123 19 99
1 14 15 38 71
33 52 83
60 65 79
116 77
108 141 32 86 89
126 136 54
1 5
31 41 83
32 91
104 32 41 84 94
101 34 8 91
37 39 63
100 105 30
21 46 64 81
15 62 67
18 70 75
129 55 85 9
112 88
10 104 124 60
5 54 79
10 115 18 3
104 39 58 98
33 80
109 124 36 43 49
42 87
35 37 43 57 97
129 98
77 79
106 59 73 91
128 47 69
39 70 80
105 132 65
17 35
106 121 122 2 46 7 84
21 22 31
27 43
22 74
135 82
110 53 62 8
119 138 22 37
121 136 65
41 56
0 132
0 44
136 25 66 78 95 97 98
128 22 31 98
132 88 98 99
113 8
41 85
136 6 81
10 103 124 15 34
102 129 83
100 5
115 12
43 6
68
43 88 96 99
101 109 124 136 36 8
43 5
36 45
122 72
142 7 80
135 70
104 23
138 40 81 88
107 131 55 75 83
141 48
42 83
138 43 95
108 45 62
5 6
11 27
115 138 31 67
16 62 91 94
12 142 70 76
102 12
141 40
112 62 78
58 9
122 125 35 49
119 130 14 142 97 99
54 82
4 51
119 24 34
105 129 52 54
17 99
134 28
37 91
1 117
1 136 8
126 138 4 49 55
60 80 82
111 123
111 54 85
104 9
117 87
102 132
109 33 41 77
118 133 60 85
112 61 75
18 32 64
29 64 80
132 96
10 125 66
111 69
113 53
51 52 95
26 58
106 129
117 83
38 57 92
108 51
119 91
115 132 29 42 74
122 61 69
133 2 38
18 49 76 83
113 125 86
105 112 44 5 98
126 142 71
53 56 90
21 55 81
112 59
20 39 61 64 89
55 7 74 85
123 55 89
116 142 40
104 136 94 99
132 21 66 95 96
19 34 39
102 32 86
115 17 4 82 85
142 67
126 138 47
10 11 116
10 38 69
137 27 63
103 124 136
0 3 80 95
104 63
142 44 52
64 88
114 2 25 70 99
55 76 9
124 16 70
138 15 60 70
132 138
102 29 42
141 19 27
102 76 93
40 67
106 26 4 91 93
72
104 111 128 64 73
110 121 83
105 131 133 66 67 88 90 97
128 38 62 89 96
126 135 39
36 58 84
102 120 28 29 34
38 41 68
109 131 134 8 89
105 56
36 54
107 110 5 52 89 96
101 117 119
76 97
112 16 19
115 121 17 69 97
1 131 92
14 20 36
47 75
21 52 66 70
129 21 77 84
102 113 130 32
124 26
113
55 64 85
117 67 70
117 40 48 9
23 27
73 97
113 21
133 93
12 44
70 72
101 27
22 61 75
116 137 25 79
117 52 58 78 8 81
135 30 97
129 13 91
120 20 23 28 76
106 62 91
19 21 33 88
11 7
0 107 123 19
40 62
117 139
1 113 34 57 80
20 61
22 72 8
76 92
135 54 86
104 58 75 89
68 78
86 95
101 24 27 36 7 77 88
138 89
118 21 46
1 107 119 127 14 26 67
142 5
11 48
123 3 61 68
76 81
1 100 114 67 92
72 80
6 95
2 65
33 35 42
110 97
136 141 31 36
108 25 84
134 141 38 80 96
15 66 77 9
133 53 54 80
115 129 66 96
64 80
26 70
105 122 86
130 19 35
74 81
14 7 75
28 92
57 60
137 61 68 8 92
117 76
0 112 23 60
141 3 90
106 139 24 3
139 59
117 32 46 48
33 45
67 79
114 80 92
102 95
138 56 92
123 21 3 49 92
12 133 8
113 32 82
119 63
118 124 84
120 130 76 94 99
121 133 138 75
104 24
25 56
132 86
122 33 61
118 44 77
16 60
130 55
119 123 5
102 36
104 142 6
106 130 134 16 28
126 87
122 135 34
102 105 61 8
117 64
139 5
111 138
130 7 80
3 77 84
1 25 46 50
13 31 62 76 82
141 31
2 38 57 71
68 7 73
122 132 24 25
100 128 37 38 63
19 22 30 38 51 58 70 82
122 130 66 70 72 96
57 75
107 138 73 75 90
11 126
132 39 59
31 92
128 131 44 51 63 77
121 126 137
4 46 69
10 121
105 117
16 46
60 78 99
113 128 22
127 58
107 128 21 41 62 8
102 19
51 71
2 55 80
107 130 47 81
16 54
17 55
14 58
123 29 4
115 127
102 107 123 56 6 78 96
1 77 84
127 128 29 39 77 91
17 52
44 51 85
141 6
139 82
130 48
76 98
12 87 92
137 55
124 14 40 83 99
115 40
12 133
103 106 59 66
17 76 88
16 63 99
105 45
128 20 71
105 54
120 53
23 31 42 44 58 95
10 123 18 76
27 49 89 93
112 32 90 96
106 137 40 5
109 126 76
29 39 66
125 14 23 37
127 22 29 96
102 41 7
109 92
113 24
126 142
110 133 29
126 128 58 89
106 24 28
1 130 69
15 47 61 82
31 47
107 56
117 139 35 71 83 90
123 90
12 80 83
139 142 17 2 22 29 47 78 84
102 124 18 30 91
134 57 87
31 56 66
117 41 50 89
27 38 55 85
123 17
124 45 46
115 142 23 28 48
136 137 45 88 92
21 4 57 77 79
126 13 16 22
2 46 54 58
35 41
102 106
39 64 72 9
128 2 30 90
1 105
130 22 86
136 73 87
131 136
100 139 142 36 39 80
106 130 36 69 71
6 60 7
100 112 48 65
120 50
73 75 8
28 76
12 7
134 55 64
138 44 72
114 134
10 23
30 36 80
10 111 116 136 24 38 85
113 37 5 76 96
70 78
140 70
16 79 8
127 39 81
46 99
110 78 89
127 41
72 89
1 110 62
101 64 81
124 72
114 61 66
105 121 126
125 26 49 60 85
101 141 16 69
53 93 96
111 122 92
115 57 58 84
113 75 96
140 142 45 68 89
120 24 40 60
125 53 54
132 74
141 25 71 75 9
30 83
28 31 66 76
101 23
138 20 22 59
115 128 139 90
138 28
1 20 81
85 88 93
20 38
0 25
137 61
116 70 84
102 16 88 98
136 69 72
47 50 68 95
106 109 116 92
132 139 59 65 82 88
125 126
103 109 73 83
12 131 64
104 112 136 51 65 73 89 94
29 49 52 80 91
108 110 140 142
107 49 53 77
115 124 20
102 36 5 82
131 39
121 125 33 71
16 23 46 52 66
139 77
109 17 55
122 137 9
125 42 78 99
113 131 74 81 82
102 59
124 43
131 4
25 61 75 94
116 142 82
12 126 142 25 57
110 34
137 18 76
27 52
141 142 23 57
109 136 66 97
101 12 140
33 72
115 94
19 26 99
17 29
72 86 9
137 16
14 75 84 87
117 123 41 51
122 138 22 62
40 75 76 91
124 128 35 66
124 25 49 5 60
116 51 92
20 49 56
129 68 70
106 118 29 52
117 141 32 60
141 47 88
116 14 20 55
2 83
124 96
41 7 8 84
84 86
101 120 25 34 48 76 77
21 69
8 90
0 114 43 70 96
103 121 37
1 34 46 63
113 19
13 20 77 99
110 38 45 88
15 56
31 79
19 24 28 43
111 79 89
111 13 93
13 136 56
126 128
55 7
30 35
52 76
108 37 71 8
111 68 94
102 107 135 43 8 85
121 44 72
139 18
102 118
120 18
114 126 75 78
138 69
130 66
135 98
100 103
5 52
27 3 57 87 91
24 60 85
28 61 76 98
136 9
112 123
127 27 7 98
109 57 72
115 122 125 141 43 47 91
10 114 133 47 66
104 108 116 37 88 95
113 19 28 8
28 51
110 12 132 48
3 5 75
12 17 27 69 89
40 78
107 110 117 125 6 70 79 89
37 47 91 92
44 86
18 21 62 80 89
53 63
25 42 7 77
137 14 141 83
123 77
42 80 95
2 22 42 44 53
119 60
112 3 92
34 88
130 142
45 86
128 4 66
126 135 139 141 16 24
0 87
18 36
133 44 81
124 77 88
127 18 23 29 76 83
135 63 9
5 61 8
141 18 20
39 54 61 68
3 36
17 56 70 77
39 45 52 73
32 46 90
102 105 121 79 93
68 81 93
109 12 130 15 45 54
131 17
110 24 37 65
110 24 28 41 77
104 65
10 106
4 53 56 66 9
30 34 7
32 78 84
109 135 36 6 82
117 132 141
108 114 6 83
32 35
103 33
101 113 116 93
93 98
27 64 86
14 26
103 109 30 44 50 8
135 69
10 136 15 61
48 75
101 114 116
31 73
56 62 7
4 48
123 34 78 80
105 110 113 28 51
15 46
23 42 96
127 18
3 30 87
11 35
124 53
65 84 97
1 101 93
125 74 97
130 70
25 40
131 140 19 23 27 37
104 114 117 87
135 56
10 100 75
23 4 70
15 51
135 83 88 91
11 123
27 46 81
0 115 40 48 87 91
112 17 45 89 99
0 108 99
118 128 72
103 114
125 24 47 66 90 97
12 133 135 18 20
10 115 43 80
118 21 29 30
15 74
122 19 70 91
10 76
107 45 50 82
34 40
113 15 47 51
123 8
140 16 42
18 70 98
133 46
138 24 48 67 99
110 33 45 55 90
14 56 57 98
41 46 65 83
3 36 99
102 114 99
42 49
139 36 49 83
104 33 87
106 34
19 23 37
122 56 79
128 140 25 75
54 64 75
107 38 6 7 78 90
100 138 89
3 36 80 94
24 58 79
122 140 18 29 37 87
34 60 64
105 129 15 89
71 72 94
21 57 7
131 14 19 44 50 67 79 80
10 120 33
133 66 93 97
123 22 4 97
109 128 88
17 5
1 10
112 74
103 79
113 116 62
73 82
49 54 95
10 15 41 45
1 103 50 9 93
60 76
109 35
115 39 43
14 18 28
53 6 95
135 25 38 48 52
18 42 63
136 35 5
101 47 71 85
13 136 46 67
137 50
108 16 28
109 22 78
135 95
100 129 31
109 2 52 55
126 14 3
118 66
53 57
10 108 134 141 142 3 46 62 80 93
142 80
55 65
112 69
129 59 76 97
108 113 31 49
15 27 30
103 109 112 121 34
101 3 70 83 95
28 65 87 96
28 37 42
132 25 49 79 91
101 142 51
115 3 96
111 88 98
100 102 133 66
120 19
100 44 69 85
100 136 137 39 48
140 62
127 13 29
115 122 43 45
25 63 93
130 3
110 3 80 95
130 54
68 76
102 91
14 3 52 57 89 9
108 132
29 35
24 77
103 106 20
46 61 72
13 75 9
103 99
129 131 140 16 44 84
1 131 29
136 18 76
45 70 89
102 15 38 42 57
28 67
132 38 51 61
0 111 26
134 30 65 83 9
63 9
100 121 71 78 79
115 44
118 49 81 95
130 20
10 21 45 60
103 115
111 72 94 97
106 108 39 43 80 84
129 23
102 120 40 93
16 57 72
117 137 87
121 24
133 32
102 138
118 124 54 62 98
130 32
83 92
24 61 7
131 19
135 60 63
111 3
106 118 80 95
103 18 29 91
120 13
12 136
124 46 53
101 135
110 27 59 71
121 34 41 9
139 62
33 88 90
109 111 114 46
113 139 4 51
23 82
20 89
110 29
127 72 78
105 142
63 73 93
114 135 63 68 91 92
18 26
103 118 75
111 17 33 85
129 95
109 29
102 49
102 75
5 75
142 38
134 49 56 94
0 108 5
101 11 23 42 63 97
13 22 36 80
101 137 85
19 73 9
142 57
13 57
111 22 35
30 34
44 7
124 59
120 52 63
53 84
134 35
0 103 129 31
44 47
102 67
26 49
123 137
103 123 17 30 31 81 88
23 51 62
131 137 94
132 38 53
11 50
116 42
1 21 69 96
3 49 6
106 95
116 133 23 43 73 79 84
110 113 24 5 62 92
123 27
106 73
16 5 70 92
101 51 81 93 98
108 129 141 82 90
140 23 59
45 56 76 88
120 19 97
104 124 63
80 95
33 60 76 81
61 79
71 89
115 128 50
101 23 27
1 103 5
131 67 70 71 8
80 86 92
110 34 55 67 92
11 124 134 25 90
119 127 41
31 33 55 66
134 90
104 130 133 49 86 95
141 71
34 45 67
102 2 21 71 80
30 67
113 59 90
117 36 7
48 84
39 51
17 97
113 126
23 25 71
40 99
124 8
114 138 62 88
10 110 32 35 87
63 77
125 41
105 42
1 2 75 80
107 108 115 41 66 81
53 8
134 64 91 93
142 96
106 111
62 72
115 127 130 29 47 70 86
113 120 15 73
28 99
25 43 74
105 107 30 64
113 35 48 61 94
0 101 66 94
113 12 137 33 64 82
139 32 43 7 82
112 43
18 72 92
101 111 78 99
37 50 7
1 131 71
64 7 8
104 88 93
136 48 50
47 89
36 80
135 136 59 74
34 64
103 107 8
117 140 42 7
128 136 37 8
1 111 68
107 111 130 132 45 51 90
137 39 62 76 85
115 31 40 84 92
136 61
130 9
106 117 22 84
112 44 52 85
108 135 36
76 89
126 63 74
13 17 50 91
139 64
114 60 80
117 126 98
128 134
17 46 47 87
10 89
118 138 142 95
25 44 52
121 32 36 49 78
16 27 80 88
118 32 6 90 98
105 59
123 138
32 9
26 51
100 109
126 75
80 97
28 31 62
117 133
115 20 39
118 43 67
107 114 118 130 48 65 93
1 62 8
103 104
131 62
4 5 63 9
130 8
24 4 6
108 133 137 38 76 94
120 35 65 71 80
105 98
69 94
48 49
104 121 41 5
25 58 80
10 120 41 98
21 62 95
105 107 34 64 72 91
120 15 23 9
101 109 118 14
20 3 53 90
26 42 76
31 56
129 17 66
21 63 75
53 6 75
30 32 59 61 87
106 123
29 35 36
124 139 55
33 75 98
135 137 7
102 64 70
106 30 57 88
16 43 92
10 118 141
111 99
122 50
105 67
107 18 21 79
12 37 40 48 51
128 98
33 65 7
5 63 69
18 27
25 39
9 95
6 61 64 76
120 39 99
105 71
12 122 48 92
139 98
139 14 64
132 80 94
101 42 62
110 137
11 71 74
115 125 87
11 117 48 83
134 22
1 114 38
124 23 63 88 94
77 98
111 88
101 135 35 39 77
106 139 81
108 6 99
108 117
126 21 65 79 85
117 46 77 81 98
138 38 65
128 129 132
30 73
19 24 50
0 29 43 55 6
119 69 73 8
44 51
100 35 80
113 18 23 5 74
53 69
25 49 51 88
105 20 48 68
141 30 5 59 96
102 114
138 23 6
100 136 139 32 40
125 65
16 67
18 21 76
127 133 55
128 15 49
21 74 91
11 110 130 51
121 6 84
103 31
17 30 51 96
106 47 81
129 56 63 85
10 50
14 35 39 44 50
52 71 99
106 122 80
109 142 2 5 65 83
10 45 73 80 99
126 34 49 62
23 69
28 33 48 49
109 65 9
13 14 90
127 38
6 64
118 13 39
53 56 57
14 43 65 94
18 19 24 50 55
115 130 132 42
105 41 60 74 85
107 90
53 6 88
13 62 85
105 133
86 91
113 120 125 37 5 84
113 121 24 65
107 11 140 68 76
101 111 127 70 76
110 21 53
0 122 42
142 58
100 18 32 58 63
14 23 56 73
0 79
108 13 46
111 135 138 16
123 57 85 94 99
18 4 68 82
128 25
132 44 53
135 24 26
131 50
113 14 85
1 118
100 24
117 8
103 105 109 119 134 56 75 92
110 25 35 43 89
1 2 32 54 62 65
34 67 82 96
125 84
101 137 27 48
14 27 48
112 114 133 80
43 80
38 81
12 27 36
141 3 42 48 95
11 125 25 26 9 93 94
112 70
56 99
12 53
113 133 65
19 73
139 94
46 62 97
120 123 34 71
107 9
140 18 36 39 54 56
37 66
110 111
105 46 56
135 84
117 46 90
119 32 40
113 12 77 79 84
112 57 74 77
0 69
115 139 36 68 94
130 57
14 40
106 140 62
132 29 4
106 15
118 138 49 60 79
4 45
123 50 65
19 51 97
109 19 23 47 79 86 97 99
129 45
0 84
20 37 78 94
66 80 92
11 17 32
44 69 8
109 132 86
17 83
24 70 73
103 2
123 3 90
29 4 6
142 15
13 130 141 15 56
104 107 40 88
114 56
123 133 49 70
104 72 82
112 122 45 6 78 83
114 137
31 88
57 84
111 34 47 74 92
139 24 57
23 29
102 103 136
133 29 69 99
59 64
130 34
101 74
130 55 76 84
21 4 71 72
60 67
21 22 32 54 61
22 65 71
14 87
130 30 62
19 3 51 76
120 55
127 2 36
4 40 47 70
2 50 94
27 89
124 45 94
133 139 44 57 68
131 92
56 81
104 142 52 79 85
127 136
106 19 40
103 131 16 34 58
121 142 42 79 84
117 70 73
15 21 28 59 88
131 70
40 50 96
141 28
127 21
46 85
117 78 84
26 53
33 39 57 77
20 28 70 76
86 92
15 82 90
101 31 78
138 5
1 101 122 140 74
114 115 124 126 50
102 27
19 77 80 82
105 142 41
100 104 133 56 63 82
126 78
120 126 28 70
8 91
4 45 84
117 70 75
109 141 43
22 88
104 25 42 49
121 45 46 80 93
26 35 44 55
112 55
10 58 59 62 76 81
102 127 68 85
129 138 60 62
10 44 45 63
101 106 128
129 55 57
0 28
100 126 13 23 57
136 4
21 9 91
64 65 95 99
122 94
49 60
137 24 35 76
142 24 3 45
111 131 87
13 21 84
45 59 73
138 16 59
10 52 78
12 25
21 83
119 126 137 140 8
122 128 131 9
101 99
12 137 31
14 49 53 7
116 40
137 90
66 8
1 108 98
113 125 138 44 85
107 124
109 133 140 83 91
19 22 25 87
112 25 69 85 93
35 62
132 36 43
117 123 142 90
131 2 72 73 86
141 2 29 91 94
126 28 73 88
10 112 13 136
124 132 51
11 14 140 31 4 93
21 81 96
105 16 72
136 40 45
135 33 38 70 76
12 26 74 81
32 47 58
117 43 49
128 61
110 71
140 66
137 84
130 140 67
41 49 63 86
123 58 69
124 138 2 6
35 67 78 98
125 15 19
79 84
120 37 40
1 100 109 40 75 83
41 99
101 122 126 21 92
1 106 128 76
37 72
4 66
73 76 92
48 86
57 65
119 72
107 135 49 81
104 116 37 74
115 62
12 23 7 82
13 76
119 123 125 29
24 44
104 112 38 4 96
111 13 62
25 78
126 49 50 73 81
127 81
128 44 50
129 139 55 74 77 8
117 127 129
18 6 80 9
104 62
117 60
127 55
115 127 49 56 77 82 83
114 35 57
83 95
136 39 6 75
134 42
115 35 53
114 24 36 72 78
0 104 20 24
136 138 21 64 9 97
138 38 61 90
124 129 137 87
20 28 94
133 17 93
106 120 32 56
110 122
135 137
40 49 70
11 20 25 36 97
21 40 55 83 91 97
129 133
111 129 5
11 43
100 138
134 82 95 98
36 44 68
122 130 36 81
136 67
106 134 78 96
53 93 95
119 131 46 85
12 123 24
101 108 112 113
136 3
114 116 35
129 57
101 134
23 51
16 58 89
46 71
119 23
137 51 54
119 141 3
26 43 52
108 24 31 72
29 84
60 87
106 22 98
107 115 24 74 83
116 132 71
129 16 48
41 79 83
27 49
112 115 22 35
134 3 30
136 138
134 29
27 34 6
122 64
128 77 81
117 3 35 87
104 115 22 33 88
33 92
140 31 57
110 127 135 15 27 68
142 58 65
128 76
100 135 51 58 84
109 41
109 114 131 50
121 36 40 57
27 78 89
116 132 61
10 79
10 18 3
13 32 98
122 141 79
124 135 17 85
54 91
101 126 21
103 132 136 47
64 96
102 65
13 40 8
126 29
104 52 93
1 10 128
118 131 63
100 65 75 99
1 117 57 60 78
29 40 81
114 135 7 73
124 25 51 78
117 120 141
11 113 99
119 121 61 82
132 74 94
104 137 58
102 48 50
43 68 94
112 135 21
10 113 122 22 31
112 3 44 53 54
18 28 45
137 139 57 62
100 16 71
123 20 26
120 80
121 76 77 8 89
42 55
139 20 77
50 81 89
39 58 72
6 9
100 44 79
2 54 89
14 36 38
59 98
139 43 52
106 76
0 100 18 41
108 4 63 75
77 91
130 34 71 8 89
131 39 5
139 29 7 94
102 17 65 77
122 8 84 99
0 134 21 34 97
10 114 118 124 140 20 82
38 45 8
137 93
123 126 24 7 95
28 47 55
16 60 90
23 54
104 12 79 82 92 93 97
40 73 99
10 140 77 82
33 60 79
120 142
20 66 93
52 70
13 16 37
125 129 45 72
30 53 99
46 80 9
107 113 3
102 63
25 29 34
102 107 110 29
20 29 64
37 88
126 23 40 93
104 13 14
116 78 90
31 38 48
115 134 93 94
113 132
1 16 80
103 20
119 65 86
1 121
101 128 17 75
28 56 93
115 18 62 86
30 93
112 124 34 87
117 35 78
101 121 13 138
12 50 75
116 54 84
34 77 79
49 97
105 56 99
15 39 69
142 24 89
107 50 76
122 22 40 49
35 38
112 137
22 42
122 124 86
106 109 112
105 128 136
138 37
3 36 6 86
113 130
38 39
129 142 61
110 32 63 74
136 75 82
133 15
117 137 35 42
0 110 135
113 41
112 39
117 90
43 61
110 7
109 25 34
126 20
35 91
106 24 72
12 77
56 58
108 11 39
16 75
119 12
112 32
25 63
37 46
120 43 64 73
111 115 37 89
103 7
47 51 8
16 95
48 6
126 58 77
101 41 6
105 15 4 46 7
16 31 89
103 70
24 59 73 90
113 74 88 91
113 122 74
31 71 80 92
110 12 142 67 82 9
113 64
104 43
134 50
0 14 24 48 69 92
103 108 45 87
132 46
124 89 91
12 39
116 21 42
10 5
122 26
18 88
39 49 64 86
138 141 65 69
119 26
107 111 124 17 53 57 90
114 66
142 66 93
12 22
108 53 98
100 106 125 128 23 69
0 109 120 24 6 80
47 77
0 13 134 142 97
41 47
104 136 58 85
137 74
100 114 121 27 52 57
119 18 46 48 55 92 98
104 142 65
57 99
32 5 7
109 2 28 43 62
33 66
120 13 16 18
39 41 69
100 119 137
7 77
116 16 43 53 70
128 21 27 44 52
36 47
23 62 72
14 48
107 113 119 35 73
43 47 80
26 77
2 73 83
106 45 72
3 40
114 120 13 130 41 79
117 40 77 96
129 136 98
124 87
136 66 88
111 40 52 67
11 26 36
121 43
128 23
44 55
102 59 77
32 58 81
102 20
118 124 39 49
122 137 64
139 48 7
62 8
25 3 47 61 66 88
41 96
34 96
126 58 85
138 38
44 56
11 136
106 112 125 131 34
57 98
20 51 52
11 31
15 44
64 92
36 56
104 16 77
110 80
127 16 23 64
108 15
25 38
108 27 8 82
1 114 35 84 88
136 34 82
103 11 38 58 59 6
139 3 61
20 84
46 85 94
53 97
10 115 126 58 77
139 66 78 79
135 20 42
111 66 74
101 133 5
121 139 2 24 51 71
74 87 88
63 70
38 67 86 96
111 67 91
52 80
15 30 87
112 24
111 82
101 115 15 80
100 107 117
11 3
102 39 67 81
128 141 43 69 95
10 16
12 24 71
108 119 14
118 72
132 6 60 70
45 48 73 79 88
112 4 66 95
117 35
79 97
132 45 8
24 5
13 25 32 39
117 18 55
26 27
127 142 51
0 102 104 90
23 38 55
23 37
101 81
20 23 26
110 120 18
1 78 87
24 63 65
110 23
104 54 97
120 60
133 30 38 46 56 64
28 69
17 29 56 57 64 76
14 39 8
110 20 48 59
126 130 14 5
122 130 49
110 30 67
132 47 54 58 76
119 120 39
0 128
1 102 34 56 63
22 52
116 134 22 32 37
107 22
102 14 48 80
141 59
130 135 24 88 95
1 119 28 5
119 141 58
107 91
2 86
128 16
109 120 122 31
130 86
117 128 6 62 94
111 117 31 66 92
16 75 85 92
112 114 13 142 45
133 48
125 3 57 7 70 87 99
12 79 8
56 82 88
137 3 63 83
142 86
10 7 81
129 43 53 66 68
135 46
127 130 142
2 33 77
29 36 54
118 19 88 91
2 35
119 3 35 82
102 112
140 17 24 53 70 89 90
49 55 95
105 44 92
118 20
119 6 85 87
124 15 88
108 69 8
11 124 126 13 31 49
115 129 135 140 23 26
115 6
39 49
110 14 6
82 92
126 141 21 4 94
131 139 69 75 93
2 21 45
125 37 63
10 102 64 87
1 133 134 28 49
110 5
107 49 50 75 87
108 138
106 133 19
15 41 42
119 56 7
20 36 6
136 29
35 62 76
27 81
105 72
26 78
134 5 65
136 49 55 87
2 21 58 84 98
124 133 56
121 138 94
0 129
122 126
110 98
28 34 4 79 87
102 116 93
116 46
131 43 55
45 86 92
108 14
137 139 14 69 85
58 82
118 122 3
0 104 25
104 3 97
23 66
57 70 82 88 99
47 76
104 132 99
18 24 5 51
129 49 73 99
13 139 56 69
119 99
52 99
138 41 94
125 43 85 97
130 29
15 47 52 95
115 133 7 73 74 76 80
76 77
23 78 85
14 17
122 134 53
92 94 99
111 118 136 81
114 63
40 60 77
126 80
101 29 49 5
102 130 34 61 7
132 57
120 127 75 95
19 45 84
111 6 96
134 79
113 79
109 31
107 54
17 90
101 119 33 55 93
112 125 84
35 65 66
10 141 85
14 69
111 123 72
45 49
133 26
139 9
108 47 73
117 125 34 65 7 77 82
122 53 62 77 88 98
117 22 29 41
115 5 56
41 69
140 5 94
11 30
19 2 99
107 83 85
113 118 31 97
117 67 81 96
42 62 76
103 24 29 56
103 106 139 20 56
62 65
13 137 61
107 119 15 20
0 121 135 18 39
26 62
20 4 52
47 49
108 126
103 114 12 24 50 76 85
113 114
4 73
48 59 94
139 18 89
102 70 78
108 44
110 127 134 90
78 95
62 9
12 6 96
48 91
11 45 62 70
109 2
12 32
130 32 78 82
100 122
139 28 64
14 92
124 127 75 88 9
111 126 42 87
10 102 130 142 61
0 130 34 61 98
105 22 74
0 36 38
110 139 4 6
125 92
78 9 95 98
126 55 89
31 72 92 95
6 60
108 22
12 86
121 5 85
54 72
122 80
20 26 35 73 95
123 127 138 56
120 52
10 4 48
104 117 24 94
70 87
110 122 37
132 32
10 20 70 74
106 32 37 55
128 3 57
129 32 37 70
10 104 15 59 87
121 138 79 84
117 22 39 69
127 137
121 29 39
129 142 61 68 69
24 45 70
109 116 128 134 66
104 52 62
67 94 98
10 108 26 33 98
103 109 119 129 137
127 24 30 56
125 126 127 3 67
115 17 47
13 42 47
108 31 7 71 80
102 119 19 3 44 85
127 37 55 73
100 25
130 137 61 98
103 69 77
25 33 55 57
37 48
10 31 61 74 94 96
50 83
119 32
130 43 67
117 141 78
105 106 116 62
23 31 48
4 99
104 95
142 47
39 62 96
104 20 52
112 119 135 138 19 2 22 4 56 9
122 66
114 27 52
39 47 51
10 17
103 13 132 18 31
19 35 56
11 24 42
117 22
108 11 139
102 43
131 28 9
104 105 14 49 67 96
128 53 68
105 32
111 130 34
104 34
100 134 57
28 60
46 94
14 40 48 90
122 38 64
112 113 128 135 15 66 96
55 58 77
115 46
124 49
122 20
40 48 85 86
10 106 17
30 76
48 62 64
13 66
113 15 53 73 87
120 44
132 34 58 99
114 79
127 33
11 123 28
121 2 55
127 69
28 98
20 34 43 61 77
17 82 95
37 69
31 33 59
131 141 142 22 96 98
47 6
1 139 68
109 111 28 4 63 65
129 25 42 91
5 66 94
102 122 135
133 138
30 47
117 47
128 79
124 19 22 3
135 49
139 73 83
30 31
104 75 83
27 70 86
110 129 137 42
1 31 38 97
135 139 45 48
126 16 63
70 90
101 119 2
115 15
29 40 5
56 72 89
125 134 30 46 54
36 50 98
11 111
72 96
20 31 4 44 86
139 73
17 68 91
139 42
54 85
138 3
115 57 75
105 68
102 113 17 56
29 30 5 73
105 133 99
120 128 43
108 11 114 126 26 62
108 132 142 4
141 28 96
55 83
106 36
109 26 5 64
0 125 128 13
118 2 37 41
103 5 86
121 123 37 41
53 73
36 76
128 28
112 25 57
66 89
116 131 2 88
48 85
123 128 36 38 56
137 29 30 63 9
124 3 41 45
17 96
11 134 15 20 35 51
115 20 23 32 83
102 117 31 46
27 38 68 91
10 131 89
113 24 42 54 57
122 132 70 92
106 12 40 60 83
7 85
1 101 12 56 58 86 93
119 80 86 97
108 23
129 56 98
117 34 53 77
12 13 24 56
134 86
115 129
121 22 27 47 73
44 89
141 142 15 18 2
137 67
111 33 89
138 19 36
107 142 58 66 88
117 26 29 32
112 45 76 86
114 38 43
20 54
25 66
32 35 78
124 140 4 74 89
110 116 31 73 75
123 91
139 37
25 32
0 120 39
103 71
102 130 23 40
107 55 71 79
125 141 68 82 89
26 7 8 91
117 13 5 78
114 138 43
109 95
118 120 88
27 39 73
34 39 70
37 98
17 94
108 130 137 61 71 96
24 38 61
100 123 133 135 57 8
103 118 127 26 8 89 91
118 20 47
10 48 49 66
128 7
102 128 27 29 65
100 106 94
128 17 24 60 91
110 13 35
116 98
132 77
109 15
111 127 71
124 35 94
117 2 52
104 133 47 96
37 65 81
130 136 16
104 112 118 67 79
106 40 54
39 90
35 61 74 80
130 131 24
132 14 48
119 123 135 41 50 54 75
139 15 26 98
111 20 34 90 99
18 52 71
82 95
127 5
52 82
116 130 134 14 33 65
109 132 15 88
105 107 120 28 59 94
102 140 141 3 53 72
116 122 22 85
103 27 52 85
140 64 73 93
133 58 84 87
108 73
10 66
24 67
126 30 66 83 99
12 39 66
125 63 64 82
42 93
11 126 6 89
114 29
101 139 43 6 79
1 111 17 38
31 58 79
120 129 77
120 27 53 73
0 33
129 142
115 43 99
34 57 65
127 138 55 97
75 9
23 35 91
133 5 65
28 29 35
120 55 95
0 126 70 8 99
107 33 4 56
123 21 4 47 94
106 43 8
141 42 43 72 90
128 13 48 55 93
1 139 26 55 6
119 76
10 133 50
107 124 35
111 123 70
135 16 20 5 63
129 62
24 74 97
114 69
116 44 51
54 55 64 68 86
125 142
30 61 96
125 48
29 48
15 3
100 53 90
116 61 66 8
107 17 33 39 71 81
112 132 54
142 40 59
30 54 59 8 96
2 4
69 79 92
115 12 130 46 74 85
12 72 78
0 37 47
110 12 45
11 46 79
22 47 48 79 92
105 137 17 53 60 78
109 116
118 69 81
53 67
123 64 83
130 45
119 136 20 33 36 73
41 65 85
36 41
104 105 120 97
106 18 25 31
128 43 86
140 52
26 60
32 7
24 34 51 74 92
103 23 94
2 90
103 137 37 84
39 88
116 54
2 21 29
55 85
68 8
104 55
115 33 38
132 137 84
0 40
103 127
31 45
47 79
23 84
139 5 92
123 51 70
22 60 79 8
111 136 2 30 4 42
114 122 28
115 44 95
101 3 88 96
128 85
122 19
66 74 77
12 33
33 74 95
29 3
142 95
126 25 53
130 136 21 84 94
108 36 6 68 78
142 62
10 39
131 98
121 13 35 63
121 41
10 122 29 80
118 27 40 73
124 134 34 79
138 63
42 8
136 14
14 33 47 57
87 93 96
24 86
104 122 133 25 47 58 60
0 117 138 48 56 91
122 129 34 50 74 94 98
81 88
102 117 58
135 141
101 106 13 77
48 95
109 44 55 93 99
100 34 62 65 70
17 60
118 126 137
101 32 46 54 57
57 61
134 94
134 23 6 87
126 19 80
50 57
119 75
110 49 85
1 91
103 5 54
128 87
142 28 51
111 49
1 133
128 132 59 62 88
42 90
18 97
111 33 66
115 128 137 138 19 87
118 33 89
1 136
128 34 37 69 79
49 55 7
31 33 53 92
20 33 66 71
38 77 8 90
17 56
1 25
109 69
109 52
50 91
123 28 40 42 43 66 88
112 114 51 54
2 54
106 22 73
19 28 46 59 61
126 37 39 82
134 71 81 92
139 41 96
105 122 70 77 8 83
112 121 26 28 6 77
39 42
129 81 90
114 67
113 58
112 4 69
1 125 135 137 24 55 90
15 54
100 115 83
128 27 31 47 54 96
128 141 46 65 68 79
139 44 70
109 58
12 23 38 52 65
118 73
0 101 141 56 79
129 72
105 119 44
47 57 75
14 83
103 140 48 55
117 12 73 91
2 29 57
13 20
142 39 50 59 7 81
11 56 66
1 101 17 41 59 84
104 141 24 75
123 51
123 139 34
104 31 54 68
16 2 33 76
101 25 42 53 86
48 81 82 87
116 119 4 66
116 122 17 7 85
127 22 65
13 52 71
111 13 35 54 94
124 70
57 76 96
102 133 138 6
37 67 93
121 135 17 43 66 78
40 92
6 71 83
25 5 71
129 66 9
106 118 58 86 97
108 98
0 23 28 65 92
103 33 41 87
62 81
102 126 38 41
129 18 69 85 86
33 85
14 59
115 97
103 73
120 25 82
125 94
114 27 74 92 96
105 115
103 118 57
124 48 75
103 105 73 74 79
45 48 50 66 86
141 142 82
137 43 47 52
106 16 29 41 43 47
68 81 86
121 27 50 83
107 119
109 110 29
118 24 29 47 80
23 40 64 83
10 125 57 86
130 7 95
35 6 63 75 81
12 54 75
106 137 83
120 18 23 26 79
128 135 137
16 18 19 86
49 82
104 114 17 38 80 90
23 60 78
49 77
111 31 39 48 82 87
105 112 17
105 124
34 58 71 83
109 43 7
119 3 51 84 89
105 129 15 41 43 50 9 98
113 132 69
57 60 87
100 124 127 45
105 140 90 97
5 6 62
115 38 59
116 120 56
104 105 134 14 30 75 96
116 126 134 16 17 63 86 88
61 99
23 79
135 25
17 35 60
20 46 49 56 85
0 7
130 43 61 66 67 73 75
11 127 133 56 81
100 60 71
120 124 125 7
28 43 95
112 130
137 63 75
135 21 76 95 96
104 130 65
107 111 41 58 78
5 57
18 61
129 141
10 16 44 50
15 17 39
14 67 93
1 20
62 76 89 93
109 15 31
104 57 67
66 80 85
131 71
27 60 94
122 51 78
32 36 40 84
104 113 123
0 127 41 50
23 5 53
25 28
120 24 54 66
15 2 41
106 108 32
129 25
68 93
110 133 33 97
109 15 29 84
102 123 2 26 58
101 38
128 19 61 87
132 91
108 35 44 72 83
116 46 64 97
109 41 7 96
113 128 67 72
4 42
108 114
100 16 9
27 58
135 41 74
44 78
27 35 37
18 87
104 132 139
42 47 86 90
113 16 6
123 134 15 69
88 93
12 20 53
118 124 136 30 48 78
129 71
134 16
100 25 7
115 82
108 123 140
100 122 16 69 92
24 29 59
140 56
29 41 53 63
126 127 59 79 88
123 64
117 21
138 91
129 43 48 7
10 112
113 116 123 127 128 136
103 104 114 134 34
141 66 81
114 120 38 68
34 55 88 93
38 47 70
105 11 12 3 4 48 50
100 20
113 4 42 52
135 59 78 96
106 135 92
102 68
20 72 78 81
119 57 72
0 130 51 61
126 45
25 36 51
112 128 17 21 36 4 6 84
125 71
11 112
101 84 90
23 59
13 29
16 98
104 107 91
4 43 52 96 97
38 52
108 35
109 59 97
20 61 74
124 14 31
116 44
19 36 40 43
23 49
107 13
113 121 30 48 97
116 6
135 136 64
120 23 76
123 136 46
44 59 76 77 94
105 114 26 68
53 62 82
21 34
3 45 57 58
104 70 81 90
123 40
23 63 83
27 59
141 24 66 70 97
117 4 53
101 116 25 85
126 7 88
108 79 86
1 105 117 127 50 51 92
4 47 6 83
105 55 67
20 52 55 64 66
10 122 35
117 132 56 68 73
113 16 40 64
121 47 57 77 85
128 72
135 42
19 46 54 70
105 133 44 48 99
23 61 83
11 115 16 94
104 110 123 125 140 84
115 129 15 19 93 95
105 112 126 36
120 64
122 79 95
4 43
32 34 47
30 34 99
14 142 7 88
30 70 94
137 46 78
12 142
10 12
104 116 123 38 54
0 101 18 69
10 106 119 128 130
23 47 55 96
13 16 84
111 86
123 127
18 9
1 26 52
121 33
19 41 94
21 43
21 91
16 82
108 115 68
106 63 88
107 123 53
36 99
128 52 70 87
21 31 36 61
102 33 34 72 79 82 87 91 97
10 11
136 58
15 96
38 69
53 89 92
140 15
121 14
10 121 18 43
102 2 8
38 52 94
135 60 77
135 24 97
107 132 133 15 6 64
116 99
38 8
17 22 24
1 29 31 8
133 83 84
119 129 139
60 68
112 13
102 126
116 125 141
136 59 95
13 137 48 50 70
35 65 77
117 57 63
103 33 41 55
1 111 30 63 81 82 93 94
23 76 93
106 72
126 51 74
58 6 60 91 99
119 136 137 14 99
53 80 82 99
110 24 8
24 59
104 137 36 44 48 58
103 108 111 127 42
1 119 127 141 84 97
128 24
1 13 138
45 80 86
102 124 66
117 13 60
125 5 65
124 31
110 122 28 67
107 108 118 131
109 19 22 26 3 57 97
38 71 98
19 81 95
14 24 3 32 48 70
28 35 55
140 16
102 119 94
106 11 138 139 27 83
109 76
128 57
40 81
19 22 25 84 85 87
37 86 95
57 68
122 21 4 58
1 72 76
56 72 92
5 82
34 86
121 132 138 23 85
122 137 141
103 108 7
11 132 57
136 35
27 53 57 75 80
102 134 96
114 84
16 84
100 137 71 84 89
105 87
134 49
114 88
127 140 62
121 70
22 4 69 90
13 84
113 132 21 33 46
134 30 66 70 8
142 58 61 81
138 3 93
131 28 30 79 94
105 129 19 68 71
123 79 82
26 28 99
55 56 59
0 116 67
101 78
111 125 35 74
129 61
139 14 41
58 73
104 138
46 50 71
100 135 50 54 69
101 54
117 19
117 59 8
100 133 45 47 49
108 109 134
113 127 14
15 2 75
1 127 136
102 120 76
3 53
3 9
104 13 27 8 81
31 4
127 68
11 124
34 58
102 140 41 56 8
103 138 42 49 72
50 70
104 24 68 99
126 91
45 88
127 26
7 84
24 28
104 107 54
120 35 37 49 83
113 18 66 78 79
113 34 85
114 116 137 46
0 108 73
108 41
29 63 69 77
22 62 90
0 123 132 136
117 127 132 43 59 6 74
111 30
106 109 56
13 48 53 72
115 17 19 41 49 80
107 35 64 88
32 64
139 3 64 68
132 39 75
11 35 52
123 137 34 49 99
105 12
15 46 55
44 5
51 70
10 48
15 16 59 82
60 61
29 33
19 46 85 90
138 140 36
125 48 77
10 134 99
104 35
10 103 109 117
116 64 79
100 26 54 75 77 8
113 17 2 29
92 96
11 136 142
10 16 80
126 36
116 130 23 54 64 89
113 118
113 130 74
30 69
10 113 134 15 72
49 66
118 128 68 71
100 135 136 65 76
22 55
115 77 90
117 128 97
2 68
101 66
115 121 132 20 4 80 90
135 23 39
142 41 50
0 83
109 110 121 19
123 18 35
14 90
1 122 89
120 77
0 138 20 21 82
11 25 61 9
19 29 56
142 81
57 64
12 47
128 3 62
122 91 92
106 124 19
106 66
109 17 90
105 120 138
11 38 64 7 85
37 75 79
129 139 36 69
114 120 19
21 59 69 94
0 112
2 92
103 106 63 96 97
10 24 29 61
10 12 18 21 31 34
2 27
0 111 139 58 71
140 83
21 43 99
0 21 60
106 108 118
101 127 41 83 88
34 8
41 75
107 110 129 23 26
102 120 51
114 37
103 116 48 75
129 91
131 26
113 23 37 57
132 73
133 34 53
103 115 30 51 82
106 92 98
103 73 89 93
119 127 49
103 34 76 91 99
21 50 88
118 19 45 88
134 28 59
46 62
52 54 61 75
121 9
102 77
111 29
118 40 64
111 122
12 14 25
121 59
132 29 33
108 141 142 5 93
19 44
1 9
104 29 85
56 87
18 22
17 43 55 57 63
25 66 82
72 87
30 71
102 104 43 73 79 94
48 62 68 70
36 50 56 81
37 73 92
110 42 75
108 69
121 54 7 78 84
0 11 115 86
39 61 80
48 79 88
24 87
25 71 97
46 47
134 76
127 128
11 119 87
100 114 129 65
116 14 80
132 36
112 115 21
52 85
130 35 48 59 8 96
104 63 92
106 126 33 49 83
126 98
133 140
102 103
103 124 29 31 46
129 46 94
107 127 73
130 68
113 92
128 92
121 50 66 95
108 61 66 86
25 34
130 134 24 47 76 77
52 67 80
139 23 27 33
109 17 58 62
10 121 126 23 41 56
28 34
107 36 39
126 13 95
29 57
125 128 138 140 3
74 9 93
7 71 8
104 123 24 36
43 57 8
108 2
130 22 3 9 93
119 55 91
104 105 17 81 86
134 90 98
117 135 29
122 34 54
132 6 60
100 141 22 28 58 95
57 60 72
75 97
0 138 19 8
121 137 49 56 62 75
125 126 128 135 3
117 2 44
37 4
115 84 90
105 69 95
120 15
16 36
11 49 97
1 15
30 43 61
46 52
55 72
105 135
131 90 93
113 55 63 86
19 51 54
23 25
108 29 81
104 88
140 58
104 26 44 60
21 22
10 62 67
13 2
103 50 63 8
20 36 67
28 58
14 38 65
104 28 48
34 81
140 24
140 38 75
100 31 64
4 44 74 75
79 95
114 141 69 71
125 32
0 22
132 15 19 99
109 121 134
104 57 66 83
2 30 96
127 87
120 130 132 37
117 98
110 133 23 96 98
122 33
28 47 75 93
117 132
48 60
109 116 45 78
11 20
108 129 25 8 95
135 61
13 44 85
1 120 47 99
121 13 69 72
42 60 61 94
104 113 65
39 50
27 41 77 79
118 126 128
106 62 63
37 79 88
120 71
118 140 53
123 88
118 32 33 53
129 44 57
111 74 77
109 138
106 115 12 35 6 76 84
109 114 125
137 23
134 98
138 38 60
11 115 139 33
102 58 65
16 24 39 56
124 24
136 20 37 44
20 49 75
115 45 76 8
114 122 20 25 77 87
100 116 79 81 82 91
14 142
16 21 4 81 91
116 58
131 23 27 65 83
0 115 120 73 79
127 19 29 40 98
105 21 41 89
12 28
121 74 94
115 22
125 29 53
11 135 27 42
102 108
128 49 60 83 94
16 25 39
46 74
126 29 48 53
31 78
129 139 5
0 111 134 34 97
16 34 40
116 35
128 3
118 90
103 104 125 64 67 78
103 111 65 74 77 86
100 105 122 21 31
19 20 61
13 43 85
140 38 41 60
123 27 3 30
113 30
10 106 54 95
122 4 60 86
114 137 34 67 71 81
116 119 19 95
26 58 88
108 13
12 120 13 31 56 61 67 78
111 127
118 126 63 77 78
23 65
8 97
104 64
135 30 54 80
35 43 82
123 126
18 67
114 141 46 52 77
23 92
119 137 86
10 121 49 62 7 85
114 2 26
103 51 84
88 95
0 141
116 2 46 91
10 142 72
2 42 55
119 13 57
109 87
114 47 56 96
1 104 20 25 47 72 79 86
122 35 48 69 84
136 140 96
131 15 98
0 118 9
100 123 131 83
128 3 32 4
11 138
138 16 51 63
10 17 72
140 57
12 69
118 136
11 137 35
128 130 95
41 50 51 93
141 142 75 81
37 64
22 52 72
101 113 115 128 85
104 25 71 87
127 13 82
0 111 41 52
104 118 12
114 30
140 75 88
122 34 60 71
105 27 59
36 42 69
115 72
112 123 4 57
101 50 9
112 47 89
0 106 25 4 41 64
117 5 51
115 24
139 79 94
16 66 76 77
86 9
0 102 108 54
112 136 49 83
1 126
113 31
14 52
127 25
120 85
95 96
11 12 133 15 95 96
11 98
126 140 17 85
30 32
82 86
116 125 14 21 40 77
114 117 87
116 88
61 92
100 21 53 76 77
100 44 51 73
123 24 88
21 96
138 65 72
102 15 35 53 88 92
128 142 27 4 58
107 28 46 50 54 66
34 45
29 93 96
131 22 47 48 85 92
43 86
11 5 76
138 22 88
135 3 55
126 57
128 14 140
122 37 48 51
69 84
73 87 88
138 16 25 29 6 69
23 44 73
116 20 72
107 12 31 75
105 89
122 131 55
14 2 45
118 64
116 14 36
89 98
1 114 140 48
17 54 96
138 22 38
7 96
10 121 5 90
104 19
131 44
101 83
1 138 35 38 78
28 68 72
108 44 97
132 90
120 28 54 7 75
110 24
66 72
106 124 142
4 52 78 9
45 54
1 114 12 128
1 130 34
15 64
102 122 125 24 74
122 134 72 75
102 11 76
24 64 85
26 71 82
1 107 55 63 65 90
142 23 32 56 75 78 93
39 57
31 37 78 92
22 56 67
130 23
140 32 85
104 106 119 132 35 5 50 60
28 57 80
116 131 38 52
53 6
128 73
39 55 91
120 52 80
137 74 77 84
105 129 55 8
13 141 58 65
113 120
102 104 33
124 29 66 79 86
109 133 32
116 9
112 114 124 130 53
108 139 79
18 25 31 32 59 79
111 17 35 4
104 24 29 77
120 37 59 69
20 30 9
27 87
13 2 77 78
10 106 136 141 88
1 140 45 6 93
101 115 120 19 46
107 110 126 136 137 141 35 6 65 75
112 68 70
133 58
140 17
122 126 38 82 86
27 4
103 19 66
113 132 23 27 37 43 75
117 133 31
38 61
116 142 2 28
11 32
1 90 98
133 136 21
114 28 33
49 84
11 116 9
125 139 17 4 98
48 60 89
61 7
135 63
101 133 37
111 60
109 129 6
125 21
132 24 46 5 69 78
141 23 45 81
100 103 108 129 37 58 66 81
101 47 6 81
126 18 98
69 73
118 13 32
100 12 120
28 40
110 122 73 78 89 90
121 92
68 99
117 22 94
130 135 88
52 63
103 135 54 89
47 69 71
50 93
17 69
108 139 65
108 67
36 48 57 64 66
10 115 132 88
104 135 53
140 42 64 81 84
108 33 38 79
118 35 49 81
66 73 90
133 20
42 70
102 16
104 105 110 61
126 23 26 52 69
10 115 46 53 75
14 23 26 53 58
116 78
128 14 19 52 61
118 28
110 55 96
52 72 90
116 44 82
102 126 81
10 111 67
103 45 78
110 21 74 95
44 87 90 93
142 4 43 56 93
133 89 96
0 41
142 20
109 63
111 33
131 15 75 8
43 46 90
26 46 52 91
137 4 64
15 70 94
3 31 84 95
107 116 41
101 32 65 83 97
107 6 89 90
25 57
118 89 94
65 68 79
46 66
101 113 64 81
29 43
35 48
137 39 51
106 27 50 72 94
0 2 22 83
111 128 31 70
28 35
111 126 5 71 87
113 119 127 139 23 24 33 89 92
31 54 72 9
137 26 42 55 88
1 134 16 40 51
117 18
94 99
15 54 99
11 119 22 28 35 50 83 9
24 79 84
139 30
135 47
38 53 55
103 140
105 109 142 19 48 72
13 54 71
104 2 32
121 86
20 83
35 94
101 44 83
111 70
103 125 24 60 66 80 83
102 24
38 44 74
108 116 65
21 60
1 138 33 54
14 22
61 82 9
108 55
122 91
19 24
103 106 47
0 125
12 57
115 15 44 64 95
113 84
101 60 75
20 29 79 98
100 132 140 19 8
111 130 18 74 80 89
137 140 31 6
115 84
5 59 95
106 61
45 57 7
12 16 44 56
104 120 34 85
114 12 13 133 14 62 83
138 18 23 55 58 67 72
119 3 77 87
137 48 54 77
10 108 64 78
113 130 132 66 74 98
105 133 43 84
114 82
24 35 56
12 68
122 17 26
131 45
24 47 49
119 29
131 78 89
126 33 51 77
14 70
105 56 83 87
52 76 94
31 74
138 25 29 78 80
129 3 91
130 135 3 34 55
14 36
16 41 95
130 19 37
104 127 142 15 60 75 94
133 64
113 120 81
20 64 90
11 123 36
140 85
66 97
110 113 118 120 20 89
127 33 41 47 5 97
115 14
24 99
108 140 93
59 60 78
133 23 53 54
123 16 57
37 92
19 2
137 23 4 63 88 98
1 71
123 13
116 121 56
120 135 32
141 18 69 94
18 38 56 60
112 24 40 90
110 128 34 42
91 95
106 70
0 134 34 59 61 65 70 75
126 132 27
112 136 57
54 56 66 69 7 90
135 17 40 44 6 78
101 122 127 136 27 74 92
0 123 13 130 30 39 58
103 12 42 63
105 139 43 80
142 19
103 115 122 91
104 29
103 28 29 64
106 13
11 131 136 14 41 75
69 98
31 37 61 96
121 126 44 58 7
75 82 92
0 141 58 68 9
125 4
24 46
107 108 113 16 48 73
17 81
37 52 56
29 39 4
18 77
120 9
28 68 90
118 94
21 34 96
133 75 89
123 24 31
32 38
111 5
102 133 42 46 8
142 24
132 15
138 6
107 61
106 11 114 50 52 56
21 76
1 106 116 117
118 122 76 82
12 41
126 47 76
114 56 89
103 110 30 92
11 69
55 70 71
0 113 23 52 68
121 123 19 37
15 43 54 84
112 30
24 56
117 123 127 26 93
100 59
106 115 38
136 69
12 80
118 40 42 62 65
37 51
132 29 40 55
10 34
128 141 16 17 61
10 19 50
50 86
122 130
112 141 33 95 99
66 69
113 91
102 30 55 83 93 99
101 127 133 81
19 39 58
111 68
105 111 96
127 16 34
127 139 22 47 67 92
102 111 126
58 98
124 17
130 141 29 47 50 69
108 73 8
129 139 36 43
137 35
137 73
106 124 41 89
12 13 51 68
121 31 91
38 90
17 49
103 81
101 114 12 126 47
108 36 63 88
32 70 81
120 34 64 65
0 142 54
125 126 61 72
11 16
46 93
138 23 67
27 90
17 25 66
1 41
121 136 18 26 54
59 69 71
118 137 4 52 67
58 90
118 81
103 109 18 79
137 141 41 62
130 98
120 2
15 38
33 38 56 63 7 9 95 97
17 32 57
47 65
106 46 83 92
26 97
125 70
115 20
105 111 114 82 96
60 62
49 56 99
109 2 37 41 43 84 96
141 57 80
109 136
137 72
105 132 35 7 75
110 37 66 71
104 118 27 48
130 135 137 142 46 68
136 33
18 38 57
123 139 84 90
30 63 64 93
22 27 41 6 9
33 97
10 25
121 8 89
1 75 79 96
124 126
64 94
100 11 122 131 23 35 86
114 115 24 77
15 39
128 46
120 129 130 15 19 44 65 93
108 55 78 97
130 44 80
138 139
135 140
14 38 55 9 93
140 65
103 113 34
106 2 81 83
34 69 77 98
112 71 78
0 60 75
33 88
105 139 53 86
126 14 97
74 90
1 129 30 50 71
46 48 50 9
139 85
141 16
138 38 76
120 74
23 44 53 87
125 22 55 98
34 45 81 87
16 24 34 40
128 56 73
110 72 97
135 15 3
108 30 70 90
137 139
17 52 93
50 55
36 79
111 130
11 13 15 44 79
40 86
107 120 139 87 94
10 120 133 95
101 27 96
100 117 44 84
27 32
29 88
133 78
126 34 6
72 8
112 122 129 140
21 49 72
65 96
101 80
12 134 36
121 49 59 68 79 98
37 4 48 80
20 47
105 111 140 69
53 55 74
119 126 57
104 126 57 65 93
127 46 8
137 32 45 93
71 78 98
20 65 74
123 4 70 76
2 44
124 6 82
116 37 48 55
13 141 73
139 53 76 98
111 46 78
104 111 95 98
110 114 17 19 49
6 67
59 86
68 77
103 86
114 17 81 91
128 48 62 83
103 26
54 95
135 138 70 80 91
53 57 67
53 54 84
115 23 25 29
101 136 39 47 52 82
112 18 71 78 95
13 27 72
70 73
124 41 95
105 55 64
123 137 26 7
17 47 56 61
117 85 97
118 15 69
140 79
7 90
37 43
111 24 3 66 71
48 9
135 67 72 93
114 48
48 96
22 32 74
100 136 140 19 44
123 14 45 77
101 36 46 58 67 96
109 89
21 47
111 68 72
17 49 66
108 23 6 75
102 11 12 47 72 84
128 30 4 76
112 136 23
37 60
108 61 81
21 71
104 106 15 93
29 38
109 17 4 6
108 116 29 44 94
100 110 80
28 36 55 59
102 123 132
135 136 95
115 18 90
142 74
17 85 86
108 46 67
10 104 113
104 16 71 94
133 29 4 91
117 27
31 34 93 96
62 7
39 63 73 94
101 8
13 38 99
125 137
109 117 90
112 118 129 80
103 4 50
100 23 5 69
73 84
133 19 4
60 63
101 105 4 48
124 128 49 65 7 91
121 37
28 5 90
106 109 6 86
115 67 81
25 69
10 104 142 90
94 95
11 30 42 49 86
131 32
79 9
20 42 47 53 57
114 69 92 97
44 61 84
112 20
114 9
124 133 30 35
100 30 80 99
133 6
118 8 80 92
117 129 41 76
11 134 54 64 88
103 40 92
106 107 131 55 79
33 40 48 64
127 138 18
128 54 90
0 110 5 63
115 133 43 83
125 71 82
136 19 40
123 54
3 30
112 127 79
121 137 18 59
108 125 21 42 78
128 134 48
39 72
56 57
107 114
107 114 27 97
65 70 81 98
117 141 2 52 62 64 81
112 97
102 137 17
1 25 32 7
1 48 56
46 92
43 49
113 26 53 66 93 94
140 23 28 7 76
105 130
0 119 140
120 125 2 22 76
101 116 92
108 129
44 66
103 26 5
0 106
103 115 50 77 94
115 30 92
23 35 4 9
120 43
103 41
7 78
66 94
107 120 49 55 93
10 114 42
1 53 59 66
109 68
1 118 139 43
23 58 67 97
105 130 25
111 41
132 62 8 95
14 47 76
121 140 3 34 47 58 6
33 59
104 123 6 67 72 83
136 2 49 78
1 30 88 9
113 3
100 139 8
122 29
115 134 24
122 2 25 26 49
23 65 82
27 85
126 43
114 21 32
113 12 73 80
114 21 3 54 64
113 129 131 27 82
0 119 18 48 96
129 43 74 85
18 50 71
137 141 38
27 44 5
101 55 57 86
128 13 134 50
130 37
114 17 19 83
120 33
135 3
1 104 32
130 134 44 69
23 37 69 84
37 93
25 62
0 106 66 94
107 33 75 85
33 69
110 81
109 114 134 48
0 111 34 70 73 85
34 47
116 33 64 71
115 93
2 20 55
118 142 60
39 41 42 65
126 25 66 70
114 142 38 49
138 9
105 60 91
112 119 22 35 98
123 86
141 64
115 32 38 43 89
108 115 140
0 12 38
114 27 32
5 97
125 29 59 90
123 57
2 52 93
104 121
120 55 66
113 47 52
112 72
11 75
130 67 72
110 19 69
109 18 77 81 94
126 135 30 53
64 69
142 94
114 115 139 36 45
100 13 51
135 86 94
134 37
141 77 88 97
119 39
104 28
136 66 74 75
103 79 88
3 37
38 4
110 3 86 96
125 3 6 62
40 58
18 23
30 84
10 128 40 41 98
108 72 96
18 30
0 25 30 43 82
111 55
43 9
141 8 9
43 46 54
104 30 47
109 126 134 55 71 89
131 22 65 79
140 17 66
103 124 135 138 48 55
124 35
101 2 73 84
112 22 31 44
0 14
25 39 40 60 70 93
121 130 18 19 21 57 66
39 44 77
102 15 22
132 98
20 36 90
131 34 45 77
111 33 67 89
106 112 38
31 81
33 43
21 41 49
17 38 74
27 77 86 88
101 128 142 8
10 100 42 6
109 133 135 141 17 68
103 142
120 127 47 63 79
102 111 46 96
111 12
104 126 30 54 61
132 64 87
29 44
131 138
124 137 34
23 51 61
121 126
45 89 99
139 27 38 70
0 67
117 46 63 69 77 80
22 62 97
60 95
54 77 91
16 45 77
10 117 135
0 26
106 74
112 7 91
130 135 2 60
28 56 73
100 103 12 35 89
33 44
102 129
2 87
113 7 70
10 114 79
20 51
19 26 46 91
138 82
125 131 47 76
46 51 58 84
40 61
108 86 88
10 128 16 37 88
10 92
11 18 81 88
100 102 130 91
48 54 60
65 70
110 60 71
111 130 52 81
102 135 136 24 74
132 94
0 105 119 136 22 64 71
129 55 93
1 128 19 34
122 138 25 36
10 121 40
106 11 120 66 89
127 13 25
31 72
132 45 74 98
107 27 75
120 125 51 7
110 129 92
100 127 63
112 43 71
42 47 59
139 19 23 49
35 52 66
141 22 84
101 43 8
111 4 55
30 37
114 122 137 87
47 75 9
17 6
26 72
103 81 99
119 42 47 55 84
141 33 86
102 70
33 99
132 136 99
15 32
109 117
112 27
17 52 90
133 50 54 64
118 27 49 72
125 19
79 85
68 7 82
132 15 34
27 57
106 14 44 5
102 119 132 140 38
139 32
4 5 58
11 44 87
103 94
131 87
116 27 29
101 27 70 99
112 68 95
107 129 29 5
109 113 31 44
105 12 33 58
0 10 8 95
101 13 67 99
100 120
108 129 30 42
114 91
37 69 91
132 136 25
36 74 98
120 13 35
117 138 25 32 52
1 131 67 70 8
105 18
15 25 34
104 57
122 125
48 51 68
114 118 119 84
16 33 66
102 142 49 67
1 130 139 31 49
32 93
24 38
102 17 32 59 63
137 52 65
123 140
18 2 20 39 64 76
110 59 76
12 45 84 96
1 35
136 49 55
31 75
35 84 93
101 89
118 49 98
106 45 60 86
116 12 81
41 89 99
62 74 92
106 119 98
100 118 33
115 127 25 31
127 141 21 3
11 120 135 69
139 33
114 39 52
134 81
31 36
0 131
29 6
118 30 36 95
0 3 60 62 68 84
141 4
104 109
122 135 23 64
113 75
110 119 126 42 5
69 89
103 21
115 129 32 55 56
101 120 70 77
112 128 42 91
1 114 124
14 2 47 59 71
61 72 74
114 30 97
133 134 27 44
116 26 75
15 81
119 64
140 47
101 119 131 35 53 83
11 113
35 76
139 14 140 37 5 53 83
142 25 58 93
1 17 28 48
114 45 88
100 107 118 86
19 40 67 75
20 21 87
126 129
122 125 132 33 50 89
13 31 39
57 61 63
117 135 60
85 91
107 115 131 134
102 12 36 72
10 114 47 85 89
51 7
137 17 7
120 129 35 64 70
46 68
0 124 36 62 8 81 83
25 3 43
22 25
122 60
22 32
130 3 40 42 5
14 39 45
135 18 21 32 64 70 71
24 35 59 6
96 98
2 49 65 66 67 91 95
15 58 86
52 81
105 15 7 76
78 89
32 82 95
105 14 66
10 107 50 71
102 20 66
120 127 20
35 54 61 91
13 37 45 51
108 113
127 27 69 81
128 5 87
53 54 78 87
139 25
113 37 96
12 130 25 63 86
45 72 9
119 133 42 55 70
102 133 22 90
30 81
108 114 121 130 140 48 89
108 30
37 43 68 70
127 17 2
111 134
113 116 33 40
126 127 130
12 26
120 140 47 48 53 60
126 44 75
11 133 134
34 73 86
71 93
14 86 90 95
20 42 84 9
46 61
128 49
137 48 76 84
22 30 41 50
121 122 129 36 84 90
23 54 66
136 32 71
109 48
134 9
103 3 77
31 4 7
120 59 77
37 97
40 52 6
1 131
133 42
29 36 88
104 11 30 44 72
139 24 62 88
113 119 57 72
101 137 22 75
19 42 69
135 22 44 63
1 109 136 29 91
76 93
24 71
109 14 22
18 46 50 85
105 133 27
103 49 67 89 99
102 19 3
24 93 96
120 121 9 98
132 84
130 20 63
117 58 98
115 7
16 90
125 21 3 43 63
67 9
129 137 63 64 76
140 3 80 86 99
70 72 87
6 93
112 2
102 14 71 87
74 96
124 42
137 54 95
122 85
106 33 95
105 14 7
114 117 8
136 17 5 69
103 142 28
101 46 92
110 135 35 37
113 114 75
110 28 91
11 22 43
142 56 57
120 66 85 90
113 86
110 42 82
17 65 96
112 20 40 64
125 14 4 68
142 29
116 61
119 81 99
138 80
13 133 20 38
3 44 94
112 115 136 46
101 93
54 72 80 85
31 36 51
59 60 9
128 130 59 68 75
108 115 57
115 122 50 59
138 18 25
58 91
100 131
1 67
26 48 79 84 88
132 69 95
109 39 53
115 5
140 39
41 91
60 8
131 52
24 3 53 64 71
130 142 66
107 18 85
122 17 39
126 50 56
117 46 56 76 9 91
103 125
50 66
15 86
117 132 137 14 2 81
100 34 81 91 94
123 42 9
136 139 48 7
107 3
135 140 48 87
108 74
120 39
108 128 16 48
140 99
8 94
100 121
105 15
128 23 94 96
102 124 17
126 22 89
100 12 125 45 62 74
101 41 85
130 74 88
112 20 61 77
111 130 80
38 86 87
105 112 68 85
2 78
135 35 55
118 135 50
122 136
129 23 26
126 90 96
10 32 42 46 99
103 61
110 124 83
113 88
130 77
123 127 128 65 73
117 82 93
17 53 7
45 73 9
22 50
102 50
135 138 66 88 89
18 44 65 85
116 2 25 73 88
26 28 63
15 26 60 91 96
37 5 60
106 119 30 33 70
101 130 135 49 95
36 38 64
101 116 15 70
1 109 111 132 56 58 72
58 80 95
19 38
135 139
0 13 47 60 81 94 97
17 37
60 79 89
76 84
23 30 70
37 70 91
20 43
12 141 17 36 44
140 24 40 93
40 46
57 73 81 87
1 112 3 55
36 65 99
22 37
32 89
101 68
124 20 31
13 31 34
113 35 54
111 130 15 46 62
138 36 63
12 74
126 14 83 86
120 123 55
128 49 63
119 128 59
135 6
104 18 41 53 73 94
17 23 63 71
54 82 99
41 88
1 14 26 39
120 122 24 40
103 59
130 24 63 97
140 92
107 39 78
120 130
1 5 53
4 89
107 119 15 93
139 35
123 76
139 44 53
122 58
0 1
126 88
21 71 83
127 45
113 123 140 46 74
110 60 92
130 33 50
53 64 86
109 122
123 24 46
121 39 5 63 64
106 129 138 33 77
105 136 39 50 69
16 49 84
103 112 56 6
132 70
124 138 81
107 71
4 79 89
37 45 62 85 87
113 17 40 89 92
61 8 84
22 32 52
108 141
113 120 129
109 11 114 45
16 3 32 93
100 75 80
111 38
110 141 61 67 91
122 3
109 21 86 9
30 40
13 36
117 119 44 6 87
13 61 63
17 4
109 46 51
41 48
131 20 66 78
36 39 71 8
108 11 86
132 60 84
58 63
81 95
13 130 131 19 25 89
2 34 70 71 83
122 131
114 34 6 94
115 125 3
132 42
109 114 137
100 129 80
19 91
115 48 77 95
126 28
137 141 2 28
135 51 93
12 18 39 91
116 15 82 86
109 138 35
80 93 98
126 57 59 74
106 139 28 49 86
126 70 77
124 125 96
103 18 68
110 20 44
118 3
106 41
41 5
103 19
15 57 69 7 83
138 67
114 126
142 85
107 140 37 55
112 51 63 89
17 4 40 58
104 108 19 43
10 139 40 45 82
7 79 80
102 87
15 35 44
100 125 130 132 23 95
15 2 29
123 28 43 46 89
118 26 79 84
54 81 9
36 46 53
110 123 142 29
104 15 88 91
1 32 41 60
10 90
117 123 134
58 60
20 62 7
108 32 33
108 11 51
44 50
128 129 30 76 80 93
120 126 134 2 84
131 36 41
101 130 4
135 70 82
100 109 121 3
25 33
113 63 69
123 126 64
38 52 65 96
26 79
132 136 84
127 96
4 81
110 39 57 7 84
117 29 48 56
140 141 40
132 23 44 46 47 8 84
116 125 128 129 53
17 63
23 74
29 55 9
141 55 6
132 25 80 82
120 133 140
106 107 123 51 98
112 68 94
131 14
116 122 86
0 107 108 129 134 41 58
122 131 135 136
106 15 38
131 78
132 136 39 74 90
2 30 71 73
1 112 2 73 87
45 99
132 92
42 80
42 96
63 65
128 131 27 47 82
114 127 45
114 49
113 74 81 99
13 141 2 23 31 55 8
133 139 30 61 77 98
3 83 89 98
115 125
116 59 96
0 58
132 9
108 51 89
109 55
104 118 122 133 138
114 116 66
117 35 80
123 54 71 73
48 59 68
103 111 83
42 44
101 105 132 133 62
15 78
35 6
28 8
117 7 82 90
48 68
101 90
129 92
108 26 27
133 138 22 6 96
24 29 33 45 5 76
116 26 34 46
101 111 130
111 24 60
141 44 49 80 87 94
18 74 95
126 140 96
11 43 75 8
114 16
122 26 73
109 134 47
10 32 61
113 48 51 53
2 58
123 142
106 77
126 140 31
139 142 68
130 17 30 40
38 53 77
135 47 51
33 91
18 24 69 91
23 35
129 39 65 8
122 46
108 120
137 18 19 45 90
38 41 48 96
134 40 48 54 79
138 28 73 82
110 63
106 135 40 59
35 67 93
124 139 18 81 86
23 36 44 69
124 35 37 45 48 69
133 48 97
120 50 66 97 98
108 39 41
27 40
117 18 27 59 75
125 73
0 100 133 42 49 57
23 71
55 56 79 84
17 19 3 4 48 51
113 141 76
40 76 77
124 137 56 90
116 126 13 141 26 3 38 54
129 90
137 3
127 53
116 38
46 51
16 5 74
112 34
111 115 118 12
128 20
52 75 82 84 97
111 29 49 55
25 72
100 103 113 126 64 8 82
139 2
103 69 75
131 132 34 48
139 54 86
118 22 76
113 141
109 11 117 15 68 70
124 142 53 87
10 104 110 21 25 71 99
11 121 26 27
133 134 39 54
51 80
109 112 140 58
109 48 65
107 111 87
19 56 7
120 2 72
113 94
46 88 96
64 72 86 96
87 88 96
117 128 29 67
141 142 16 35
100 2 70 99
136 61 78
11 63
123 36 64
57 74 80
115 27 75
109 90
109 35 81
10 113 3 88
105 114 17 20 78
42 7
37 90
12 82
100 21 9 91 94 99
14 93
106 48
125 39
35 37 43 49
127 60 67 88
136 31 61 82
12 50 59
117 91
1 30 60 99
117 46 66
16 20
35 51 59 85
101 57 72
12 18
70 81
73 77
114 126 17 23
118 38 77 81
24 59 6 72 84
119 49
115 61
138 86
108 117 140 62 83
139 26
105 2 20 37 44
17 20 60 96
103 132 73
47 75 78 94
0 116 49 82 90
127 132 35 59 63 76
12 29 8 98
134 63 76
137 64
102 98
111 37
109 120 23
116 17 29
121 17
45 55 82 95
135 47 68
122 134 58
124 51 93
117 37 66
11 18 60
11 62 77
139 2 25 58
100 121 129
110 33
122 123 24 64
138 44
30 35 36
101 107 20 25 38
31 47 69
104 120 21 79
56 81 88 94
35 66 7 71 82
28 87 89
3 72
111 22 93
106 89
129 18 74
123 124 25
119 52 83 88
111 51 61 9 96
102 116 29 70 9
112 116
111 138 3
107 116
104 123 81 93
108 24 4
112 21 63 64
12 130 134 39 92
105 28 41
123 38 61
30 43 5 50 92
130 133
12 86 89
38 7 84
142 35 47
30 32 90
57 70
106 25 26 72
100 132 31
122 24 44 47 61
0 108 8
110 37 55 88
32 53 87
26 29 42 73
17 26 86
125 28
12 124 127 18 36 56 60 87
104 125 132 64 7 73
101 38 68
103 104 113 117 25 73 77
123 47
111 116 17 94
22 32 87
104 105 133 31
122 15 68
19 23 40 64 66
74 95
29 52
1 132
103 16 2 24 43
107 71 8
18 82
112 94
110 139 20
38 73 79
141 34
16 41 86
123 96
13 59 98
117 132 6
102 108 128 16
34 59 96
114 4 97
0 142 43
111 113 30 62 7
79 82
0 102 108 38
124 2 70
11 52 53 77 84
29 57 66
128 131
104 18 41 87
125 58
118 124 59
0 113 44
73 98
136 39 47 61 67
128 38
117 18 93
138 14
18 53 54 77 79
4 66 91
134 15 4
103 68 82 89 94
139 54
18 24 65
104 35 8 89
101 108 110 87
1 117 136 50 79 94
42 47 77
122 77
136 59 79 8 83
18 41 87
54 77 84
117 130 36
111 17 25 61
1 102 34 90
36 61 77
105 133 90
25 47
109 123 15
109 17 30 55 68
125 127 60
44 81
11 112 57 83
136 91
39 82 99
14 34 96
112 113 39
114 128 137 34 57
136 14 66
112 23 58
120 137 15
110 21 75
108 25 92
123 39
117 18 52 9
12 20 21 82
111 42 58 86
123 44 83
120 124 132 53 78 99
139 46 67
1 108
108 137 72 87
48 62 72
49 7
1 11
105 21 76
104 38 47 62 63
117 119
41 59
141 80
3 58
66 87
11 12 47
137 99
137 56
132 41 69
71 8
114 134 25 31 80
136 137 4 96
23 43
2 59
23 46 85
142 34 77 82
22 37 77
13 46
118 131
1 59
12 121 135
111 41 68 90
133 95
106 114 141 30
18 73
134 32 52 89
135 142 54 9 91
125 2
41 6 94
119 135 50 93
103 65
108 112 23
19 22 6
113 26
52 92
131 7 94
3 76
116 87
34 59 60
109 43 53
28 41 5
108 11 124 39 98
134 24 33 41 73 80
54 69
105 119 25 6 89
20 28
115 39 40 75
104 120 122 99
121 20 48
101 109 66
122 36 40 89
0 130 70 75
140 41 91
110 132 141 79
23 39
2 75
133 41 49 89
31 46 56 90
21 30 55 67 68 9
50 63
22 32 94
100 113 30 52
121 123 78
130 24 56
0 102 19 89
14 38
38 46
139 15 37 58 68 70
101 15 64 77 88
17 73 84
119 122 124 137 49 56
125 128 130
17 63 64
12 97
18 85 98
132 25 46 48 79
135 85
41 62 68 89 98
16 4 47
142 20 57 83
119 54
113 22 64 82
121 82
53 82 89
19 94
0 136 20 55 89 96
101 6 70
124 20
126 131 33 61 75
75 90
106 53
18 69
114 64
11 137
140 20 67
16 32 97
109 27 66
49 78 83
114 51 66 83 90
105 26
128 14 22 26 88
103 17
114 96 99
103 113 119
141 38 78
18 33 98
1 49 59
123 18
135 14 35 73 81
23 46
11 120 5 59 73
28 49
11 66
130 132 52 79
120 125 136
3 83 92
142 92 96
10 106 89
23 38 49 5
28 43 90
18 80
10 109 111 87
42 53 96
52 58 67
110 119 67
107 122 141
132 139 38 46
14 37
119 130 15 41
110 121 135
104 124 125
1 111 118 12 13 2 37 54 93
117 141 51 67
120 56 76
102 122 81
137 29
32 77 96 99
48 5
1 122 135 85
136 93
14 54
141 16 59 81
103 105 109 15 34 36 73
103 12 45
121 47
123 43
125 128 141 95
136 53
131 81
32 83
131 65
103 11 90
27 33 4 59
128 131 34 88
126 53 87
106 136 62
11 26 67 90
136 42
106 110 40 66
105 30 83
134 55 68 99
60 84
134 31
103 40 78
129 23 55
21 45 98
49 81
120 30
114 141 51 63 94 98
108 40 89
102 105 39
108 134 33
110 126 26 30 48
100 23 50 78
11 6
130 139
117 4 89
5 95
109 134 45
128 137
139 23 68 75
11 141 21 72
127 26 29 70 90
19 39
1 138 23 93
21 41
127 28 84 91
112 14
130 16 96
139 50 71 95
119 28 4 52 92
21 24 25 29 46 50
68 80 92
13 135 15 67
33 48
0 124 43 67
69 79
139 46 56 57
127 18 90
124 3
13 44 55 74 80
46 96
58 79 93
139 31 51 72
118 34
32 34 50 82 89
107 127 22 35 43 63 91
43 66 82 91
100 14
114 138 2 66
103 121 28 3 41 82 97
42 86 96
104 122
104 136
55 95
125 38
118 15
122 53
112 127 15 44
31 85
117 20 9 99
31 83 84 92
47 60
128 139 77
47 83 90
106 114 118 29 80
120 54 69 72
132 34 69 80 84
106 93
130 25 63 99
22 94
135 21 79
134 62 65
35 58
25 88
28 73 8 90
127 76
111 67
60 64
27 57 64 8 89
130 78 80
101 108 13 86
109 14 33 66 76
62 63
12 127
127 136 62 8
102 125 41
0 3 61
108 49
3 45
21 60 67 83 92
127 134 81
131 19 20 64 72
105 130 93
102 2
11 27 53 71
139 3 92
128 45 6 71
107 114 130 30 34
142 26 75 84
103 113
135 20
109 23 33 57 92
119 13 134 15 54 57 68 74 78
142 66
39 84 85
107 108 11 69
141 61
21 98
107 13 70 95
115 44 96
105 135 32 63
112 95
114 12 23 80
128 131 20 44 50 68
102 113 16 61 85
12 51 86
113 41 53 73
131 39 40 59
11 117
70 99
140 141 28 48 52
107 139 81
14 34 50 59
123 56 8
109 99
110 130 51
121 139 95
35 5 63
0 1 93
136 33 40 54 61 81
31 56 93
138 4
35 66 75 81
104 93
12 121
37 73 83 97
115 90
14 72 8
14 32 89
111 95
100 8 81
40 71 77 94
128 43 69 90
21 75 89 93
25 42 74
116 16 39 51
101 37 54 69
142 45 71
13 138 21
111 118 39 64 77
107 112 2 35
13 130 2
0 103 77 78 96 99
114 61 75
102 45 48 53 76
47 90
106 138 21
103 30
124 34 46
106 4 70
142 67 78
108 120 136
1 98
22 49
100 104 50
102 110 117
123 125 4 41 88
100 120 26
104 27 94
104 65 83
117 99
121 124 134 72 94
12 131
10 18 31
101 107 11 20 26
15 52 64 97
103 29
116 73
9 96
45 59 7
130 48 96
122 20 46 99
1 135 25 39 65 96
103 78
1 20 75 79
31 33 43 81 82 97
12 132 16 7 92
117 29
102 45 68
132 15 47
0 137 55 59 82
140 47 49 95
106 27 61 81 83 93
39 40 6 8 91
105 130 92
124 56 61
119 44 52
134 30 76 89
87 99
113 122 88
128 67 79
106 112 139
103 38 75 85
33 55 68 80
116 83
18 4 47 56 8
106 111 126 66 9
36 65 69 99
42 74
107 108 54 92
111 131 41
56 59
111 4 91
23 29 58
131 61 96
125 128 53
124 47 78
10 72
137 27 67
109 114 19
28 41 66
41 43 50 58 61 83
104 25 4 49 73 86
105 3 75
135 51 62
122 125 13
2 45 77
140 24 92
11 80
107 132
121 21
110 8
140 22 34
12 33 47 88 98
65 97
11 130 42
128 129 138
17 38 78 81
111 113 24 39 66 7 88 94
105 107 19 3 82 83
105 112 41 51
125 85
18 29 54 94
105 122 76
111 50
114 121 16 78
142 18 35 6
100 104 117 94
101 126 97
1 57
25 68 9 98
27 30 4
0 45 93
124 50 70
117 35 71 93
46 9
127 43
118 35 37 4 65
139 53 9
21 99
116 14 75 81
126 137 28
114 119
91 96
128 133 19
33 48 53
107 108 126 52 88
137 67 87
126 16 35 44 47 89
137 15
131 133 45
67 8 81
16 28
130 27 4 99
110 45 83
32 85 9 99
29 46 91
10 8 84
30 59 76 85
128 13 78
113 17
128 135 91
115 13 136
127 61 65
105 49 59 75
61 78
55 93
57 91 95
109 127 140 54 93
126 61 84
37 87 95
23 75
125 134 2 69 85
10 109 38 64 78
10 65 77
43 70
115 139 62
13 28 45 58 70
25 4
101 121 52
22 43 90
111 139 47 78
16 33
108 90
12 78
122 124 49 53 76 9 98
12 89
11 118 34
26 32 97
21 26 72
117 127 73 80
108 79
12 39 93
70 73 87
114 118 15 61
130 29 87
116 135 96
37 46 7
115 38 64
0 114 126 59
138 62 7 90 98
123 24
132 21 52
114 16 23 6 72 79
108 30 97
57 6
117 64 88
16 2 62 94
123 44
15 30 84
100 68 91
31 54 99
106 38 50
130 47 48
120 61 69
24 31 85
128 27 9
105 17 60
142 89
14 88
134 21 34 40
100 109 136 3 45 53 96
28 37 6 70 93
0 6 89
15 45 87
101 52 64 99
106 69 73
45 88 9
5 71
131 50 90
32 47
13 15 35
107 132 54 57 9 91
0 28 70
101 21 84
100 33 4
112 129 16 63
109 11 136 93
22 31 76
125 128 23 33 64 8
100 56
51 56
15 22 23
126 18 22
112 141 43 44 80
101 103 121 124 19
137 24 45 83
49 79 8 86
102 116 123 126 77 98
130 141
1 110 127
125 142 22
83 89
113 47 52 92
125 4 95
113 26 57
29 30 38 53 76
109 39
128 43
110 14 20 71
50 8
10 100 101 110
120 75
10 84
129 18 90
10 16 83
129 140 42
19 2 45 88
115 18
101 64 95
21 45 95
138 77 87 88 96 97
35 88
43 53 98
114 116 12
119 136 17 25
108 56 68 69
27 67
108 34 9
113 134 138 40 6 68 76
35 41 53 92
10 100 121 3
107 137 17 7
12 58
3 44 83
0 100 32 7
132 26 5
13 73 86 93
106 134
61 76
115 33 6 67
29 38 64
75 93 94
142 2 29 30 80
19 35
124 36
109 12 130 48 86
106 40 68
22 90
102 112 138 21
108 14 48 98
132 138 141
131 142 98
27 68
121 138 15 57 75
128 17
101 43 48 53 82
28 29 60 70
106 130 31 59
126 43 8
18 95
1 61 85
114 26 4
106 137 17 67 91
116 141
101 116 17 39 5 90 93
22 3 84 94
38 65 7
56 83
109 127 77
110 57
137 28 78
112 12 96
30 45 48 70
36 5 64
4 50 86
125 67 95
0 140 33
31 91
0 125 7
124 18 92 93
122 128 137 39
17 8
41 6 70
30 34 62
137 44 76
16 28 32
10 104 58 80
101 105 5 57
117 124 21 47 56 86
110 142
127 35
105 63
120 133
108 123 86
127 63 68
68 79
116 142 37
138 75
127 132 70 82
14 43 60 96
39 41 63 67 75
100 102 114 22 37 44 92 97
32 42 61
119 12 44 61
115 142 28
123 42
45 51
100 140 75 78
103 24
43 55
103 47
46 61 75
118 124 39 64 84 97
119 123
32 73
24 63
125 23 76
105 120 21
123 138 78
20 8
42 82
102 48
103 23 70 74
106 124 30 31 67
0 105 124 52 70
0 19 68 72 90
14 73
142 22 51 84
114 52
17 30 34 36 50 70
121 34 6 77 86
12 130 17 45 91
10 12 54
100 121 123 59 96
10 106 128
100 91
111 112 33
115 33 40
126 41 84
119 18 54 88
117 133 16 18 20 76 93
10 2 84
108 133 43
10 104 106
42 47 75
11 115 126
28 32 63 8
115 14 43
124 32 67
38 50 7
131 18 65 72
131 141 4
123 132 41 47
107 128 2 99
109 28 35 58
16 27 60 64
104 120 64
100 105
41 49 65
12 123 83
1 140 142 32 55
17 77 79
134 138 51 75
118 24
114 117 5
140 49 56 68
38 4 69 85
101 23 46 67 75
142 5 97
111 138 32 35 90
127 22 35 48
138 3 63
122 140 142 49 64 7
11 15 32 58
110 42
103 114 76
104 122 142 19
106 123 44 94
115 79 95
107 12 19 49 7 73
108 131 16 98
2 4 96
57 6 91
89 95
105 141 69 75
136 78
113 3 47 82
117 53
36 39 65 70
108 34 46
31 35 69 71
52 64
1 116 137 17 79 98
142 35 62 85
111 142 77 83
17 3 79 93
112 122 22 45 95
120 4
35 39 6 74
15 25
127 28 79
137 36 46 49 90
101 110 17 31 45
128 58 60 91 92
120 132 92
112 61
