111 16 4 63
125 41 43 55
104 11 124 129
10 59 9
126 66 74
139
136 53
3 64
136 73 9 98
114 25
30 8
109 117 52
137 47
109 45 87
0 95
103 106 117 126
33 69 73

0 17 52 60
121 49
116 142 70
122 15 33 93
128 134 18 83
31 38 99
116 128 136 142
115 20 23 97
102 125 33 34 7 71
110 113 116 79
104 115
141 52
81
101 104 18 76
111 17 23 49 6 75
19 31
25 50 52 60 75 90
116 124 77
107 63 83
102 20
15 32 41 80
125
113 116 130 3 33 62 63
101 108 45
108 95
25
16 66
85 86
35 37
31
106 131 134 79
1 133 52
2
115 84
44 60
100 101 118 18 68 94
99
98
20 83 85
63 70 76 81
0 77
102 111 69
114 117 85
118 65
45 47
135
105 33
20 54 60
115 120 141 28 36 41 61 81
20 69 71
57
14 24
45
43 6
114 128 83
101 126 137 52
16 25 37 84
89
141 39 79 93
120 139 18 46
110 97
122
27 92
124 128 139 72 78
104 22 33 34
105 12 139 23 29 36
90
112 141 32 73
122 130 140 44 79 93
86 93
124 33 60 77
91
10 11 125 18 19
102 39
43 66 92
119 37 41 88
63 77 85
21 51 55 92
13 37
134 15 47
124 138 88
1 136 18 42 98
114
11 13 64
133 73 79
123 20
120 34 52
38 51 58
139 21 41 64
18
101 27 32 40 42 57
43 48 87
137 48
139 36 49
127 134 34
66 67 80
118 133 21
0 111 141 20 28 9
6 63 77
100
123 124 42 47
141 25
15 53 59 61 9 92
42 76 79
124 30 6 81
128
124 23 74
139 42 65
19 64 78 92
30 80
106 141 70
102 125 48 8
135 16 64 91
121 60
28 40
44
88 97
107 137 42 96 99
101 139 70
13 82
100 30 38 47 67 75
117 119 52
105 18
141
121 57
20 55 65
92
83 91
47 57
55
28 36 41 59
25 44 57 64
137 138
132 19 37 81
111 125 91 95
120 25 37 5
48 54 9 93
120 30
85
84 94
142 2 3 82
141 96
108 15 93
45 64 67
27
120 39 70 80 88
112 92
20
10 32 43
110 96
12 23
43
109 88
104 121 135 17 48 55 61 88
27 42 50 87
71 80
100 117 129 3
123
27 66
58
141 81
133 57
109 16 21 72
2 82
119 91
14 87
103 5
46 56
40
66 8
22
128 16 93
21 58 63 90
10 56 78
1 123 24 45
28
12
31 41 52
118 125 128 38
102 112 41
118 74
82
130 66 91
76 97
45 55
101 23 66 68 96
142 57 78
30 40 50
64 87
36 97
24 37
109 132 135
113 129 85
106 12 140 92 98
10 55 88
0 22 29 98
97
105 134 16 45
40 44 74
101 104 142 47
11 80 82
16
100 48 6
80 84
114 41 79
136 55
0
42
139 47 9 91
129 25 48 9
106
33 35
10 115
50
10 69
15 95 96
102 109 48 71
6
83 84 91
114 8 87
16 24
121 37 66
1 106 137 142 55
15 45
130 14 53 97
140 17 30
30 65
15 84
20 83
116 18 79 86
5 51 56
10 140 141 50
130
36 98
118 119 124 30
15
118 88
1 110 45 80
54 68
140 63
1 28 74 79 80
141 49 76
66
108 127 14 44 49 76 95
2 27 35 53
1 67 93
109 26 29 35 36 51 73
2 79
23 32 45 86
5 66
24 94
108 115 16
142 34 42
106 59 7 87 94
34 95
115
60 70
23 29
136 24 6 63 94
125 2
136 35 59
109 69 75
127 139 80
109 11 71
106 67 85 9
102 118
74
77
110
102 119 132 33 66
9 91
118
56 70
125 80 81
112 12 6 64 79
24 69
23
34 80 97
125 30 75
118 83
107
125 44 78 95
120 122
108 113 16
86
10 118 40 55 97
120 40 54 56
41
114 61
129
59 79
14 97
4 5
75
131 25
13 28 48
128 78
61 75 76 87
25 27
112 120 78
23 37
17 52
134 18 47
102 71
44 57
90 94
113 136 32
45 46 70
104 106 69
115 68
58 80
139 53
50 96
106 61
3
12 72
139 27
135 28
46 69
101 116 139 83
130 89
28 70
26 76
140
106 107 123 126 33
110 112 122 63 67
114 44 95
21 80 86
16 33 50
141 28 4
2 25 42
104 32 78
109 136 18 33 73
114 76 86 9
123 129 141 64 70
79 92
45 78
118 18 84
123 55 68
102 128 6
104 16 48
20 90 92
35 36 68
103 119 133
41 96
122 74
0 104
124 2 66
14 76
45 74
101 109
1 101 34 85
101
43 44 74 94
30 35 50 66
111 55 6
29 53 83 94
48 7
121 138 48 73
110 115 98
112 126 49 70 87
127 99
103 131 132 75
114 124 50 51 86
119
113 114 89
76
108 113
10 130 139 74
134
48 90
122 129 21 97
127 16 3 42
45 56 75
119 83
142 43 49
141 19
61 65
26 64
135 15 97
100 119
110 18 24 44 45
118 134 39 74 99
0 4 62 97 98
121 13 131 43
135 35 58 66 70
20 7 72
20 47 52 74
122 53 58 94 95
10
45 53 8
139 62
38 63
136 18 85
101 133
48 60
17 59
29
7
109 4
109 116 142 6 67
122 3 91
109 56 6
60
22 3 45 73
17 38
118 129 71
135 137 17 41 53 89
1 11 6 77
44 59 65 78 83 99
102 5 67 7
114 126 22 35 72
130 135 28 43 85
103
102 120 139
101 114 74 8
34 81
112 120 18
10 37
0 116 130 22 66 77
100 26 29 30
22 32 50 75
110 21
108 70
121 17 62
122 128 58 73
52 70
75 93
13 88
113 92
38 69
69
119 123 27 70 85
119 123 32
62 82 93
88
132
56
132 18 24 87 91 94
109 117 12
115 122 62
110 34 96
42 81
105 12
31 58
116 19 46 87 99
2 47 71
80 95
136 27
101 18 24 25 64 90
62 65 90 98
113
4 66
126 14 68 83
108 125 30
18 2 3 36 65 83 98
101 18 26 75 90 92
135 31 77 93
0 13 52 90
53
1 112 121 16 20 62 87 98
64 80
11 58 68
110 50
24 49
127
136 53 98
30 7
13 47
15 40 84
142 86
81 95
61
136 66
130 4 98
117 123
84 99
13 42 51 57
84
14 53 82
27 40 64 66
4
141 87
12 124 50 62
19 62 63
105 122 48
15 29 53
133
106 137 40 85
116 39 49 64 95
134 2
14 56
57 90
102 53 88 92 94
104 140 17 49
33 70
122 36 67
127 54 69 73 8
126 39
105 109 67
132 59
108 113 123 14 27
0 25 67
130 134
70
109 140 44 68
3 6 84
139 82
121 133 28 40 99
31 46 53 85
1 102 2
14
17 40
57 59
126 63
131 18 46 59 70
1
110 74 79
19 61 74 78 8
126 2 37
120 125 56 68 9
122 43
1 106 131 17 21 45 86
67
110 30
11 130 135 91
111 116 135 4 42 55
51
33 64
0 124 136 53
11 78 89
17 8 80
120 37
13 138 31 64
136 14 23 36 61
58 93 98
120 31 56
137 20 51 60 85
15 17 93 98
35 56 83
100 12 121 53
39
101 104 131 140 52
21 77
119 53 75 89
0 2 45 87
33 37 98
66 90
106 54
134 60 96 98
39 90
18 76
4 67
26 75
129 22 55 62 65 92
130 61 72
105
3 96
12 42 44 94
102 13
101 18 27
133 28
121 35 82
111 4 8
17
103 138 48 93
119 84
0 9
12 18 32
102 139
0 39 8
16 27 61
18 57
46
118 23 64
117 130 46 59 81
116 14
110 139 45 92
109 142 21
37 92 94
114 119 92 93
45 67 82
124 48
116 49
35
63 89
13 73 8
52 83
11 122 56 79 92
103 140 31
110 44 67
128 23 72
125 88
44 61 84
115 118 17
110 42 54 6 72
62 72
113 34 5
105 122 125
35 43 47 50 91
105 128 18 36
33 63 94
102 16 27 84
104 46 73
118 78 83
38 91 96
12 120 13 15 20
113 95 96 99
18 19 51 53 62 94
104 43 64 86
112 142 17 23
141 17
124
118 134 30 39 76 80
116 140
138 78
11 57
13 53 69
125 23 8
124 22 81
93
34
117
116 81 85 98
94
11 137 141 85
135 2
15 87
71 8 9
119 18 21
25 6 75
116
35 60 73
110 111 16 28 98
137
106 22 66
36 75 78
18 59
112 13 130 48 5 6 7 94
110 36
1 110 85
104 25 38 61
18 20 3 46 78
11 118 91
118 77
117 43
0 27 70
106 33
111 136 41
102 33 78 9
116 130
74 76 83
16 46
140 34 64 85
2 21 6 69 76 8
106 11 110 66
22 37 90
108 117 16 85
105 18 52 94
10 111 51 82
116 44 67
2 21 26 37
60 97
21 43
49
101 130 84
109 17 42 52
122 18 57
31 49
100 116 56 95
132 8
111
83
131 25 69
125 72
44 47 72
135 90
109 132
126 7 78
102 141 20 33
13 140 39
136 24 41 50 74
101 5 58
119 125 76
101 118 30 53 79 94
1 102 139 18 91
130 28 67
24 41 91
13 40 82
39 56 85
125 138 80 96
110 139 2 34 76
54
0 34 69 70
122 55
141 16 35 94 98
112 34 61 91
36 8 81
5 76
11 51 6
18 60
26
1 39 49 56 90
141 83 88
52 71
103 125
2 80 81
29 44 83
105 125 129 134 52
100 35
130 36 41
48
114 120
140 97
34 73
137 50 52 85 96
26 55
107 112
111 132 64 77 79
119 128
12 81 87
105 45 51
110 70
11 14 140 16
120 75
123 88
77 96
11
30 44 56
121
109
115 51
18 40 64 72
102 73
108 125 67
129 28 92
14 75
124 50 89
21 74
118 37
67 72 8 80 95
64
104 84
116 129
0 27
101 111 67 75 87
136 51 58 92
33
121 17 78
115 33
139 68 71 84 91
84 87
5
10 16 55 7 71
26 29 31
134 21 34 39 86
134 73
1 114 33 85 95
115 64 68
79 8
11 24 3 88
119 122 45
13
120 5 79
108 52 73 91 99
110 35 36
104 38 65
63 93
73
13 50
63 92
49 64
121 142 39 99
122 50 76 96
6 78
135 28 51
84 90
54 73
113 24 82
110 30 5 86
11 116 91
105 28
131 93
27 32 50 69
7 8
35 87
120 44 95
131 68 87 88 97
31 35
101 74 99
76 82 92
134 142 23 8
122 26
17 31 72 80 85 98
121 46
133 138 35 65
125 37 43
141 54
45 90
141 56 63
15 71 98
65 69
118 131 134 3 8 84 94
36 80
79
100 110 119 52
142
78
3 56 59 71
100 108
125 133 89
129 32 8
113 75
120 130 27 87
112 20
117 39 6 8
21
119 128 134 43
109 122 78
53 68
132 57
122 57
139 32 44 61 94
68
126
42 7 92
107 57
106 23
122 31 49 73 77
136 61 71 72 77
36
112 134
38 93
11 116 126 132
135 140 76 84 95
135 37 76 84 94
115 34
114 122 13 29 77
66 89
127 137
120
15 24 37 51
129 53 98
19 37
128 78 87
43 63 92
138 8
132 18 89
39 47 51 8 96
10 2
0 117 131 138
23 80
120 54 9 94
30 4
46 53
107 126 138 35
133 46 64 84
101 25 71
103 120
59
91 93
128 69
59 70 76 88
82 98
89 91
104 125 26
11 121
122 133 15 24 92
135 31 38
138
126 72
10 105 13 62 75 90
120 47 91
49 93 96
129 24
10 129 63 73 85 96
119 136
58 73
17 6 77
12 38 70
106 122
108 127 28
62 90
119 39 89
12 142 67
118 7
115 31 71 9
108 37
38 50
126 39 95
41 56
101 15 89
114 125 13 24 55 79
125 2 45 68 80
133 26
25 33 75
136 87
101 108 93
115 77
15 58
135 142 22 58 89 96
100 122 129
120 36
121 133 137 97
19 26 37 73
15 21 23
71 72 9
121 142
5 62
37
138 63
119 133 27 44
30 52 62 85
117 142
107 108 113 36
109 127 130 139 16 46
112 34 69 70
36 46 56 96
115 121
120 34 71 82
116 131 137 54
123 127
131 139 28 47 85
103 18 83
127 138 142 89
14 21 36 38 43 47
27 32
135 22 30
137 46 60
108 118 131 71 90
40 53 63 77
126 129 71 79 94
106 59 70
129 28 56
16 23
104
2 27 68 92
3 61 63
120 123 64 66
133 142 19 84 98
124 4
126 51 59
0 114 15 61 73
11 18 45
116 36
29 74
13 66
12 39 88
50 6
16 38 52 76 78
18 54
125 48 65
0 27 28 55 87
16 76
36 65 96
26 32 35 5 51
101 11 49 71
11 28 34 46 74
36 71 79
107 12 142 60 65 89
113 120 16
40 8
101 104 141 16 18 97
23 4
105 137 46 55
112 115 83
112 118 140 36 97 98 99
107 14 2
19 26
110 111 130 20 40
118 4 75 77
11 38 45 83
102 59 69
136 25 38 9
109 125 85
104 132 26 77 87
12 30 4 45 52 82
132 134 75
86 9
116 46 67
18 43
122 41 80
48 56 58 60
117 127 5 8 99
13 23 25 7
103 11 42 62
129 32 41 86 97
131 56 83 95
124 89 93
57 66 83
108 34
124 33
109 133 81 88
57 76
45 9
127 44
107 96
119 83 84
8
125 35
120 129
114 55 99
12 70 90
30
121 44 84 85 88
103 21
114 65 93 96
134 82
116 40
12 2 49 62 64 85
101 73
41 47 8
67 72
13 133 4
137 45
111 5
115 58 92
105 120 134 21
67 74
137 61 95
142 58
126 139 20 24 27 90
13 86
12 62
116 117 3
111 85
47 95
67 82
102 98
102 16
113 118 126 28 45 73
38 52 68 72
18 89
133 64 68
28 45 61 62
107 112 17 28 5 92
117 21 58
140 66 83
0 128 33 44 66
4 53 63 73 75 96
117 136 27 37 96
52 78
40 71
107 38
112 123
59 72
100 44
36 85
13 41 50
137 19 3 86
117 118 68
0 14 51 9
100 113
25 67 79 96
106 23 64
28 31 89
121 141 20 57
103 43 86 91
34 59
14 45
110 137
107 42 75
38 4 85
109 122 70 82 87
80
109 31 80
51 52 96
107 39 42 79 83
108 33 89
91 97
126 17
11 2 32
134 25
10 117 134
104 29 33
119 122
109 129 28 71
42 54 8
120 138 70 82 92
1 67
1 53
32 40 65 70
100 119 2 4 67
111 113 29 34 82
138 3 48
109 25 35 41 95
1 104 33 84
54 78
111 141 58 63
109 32
32 43 99
66 83
115 30 53
113 23 38 57
113 136
14 51 58
124 21 46 48
117 127 55 59 84
101 59
107 17 40 81
111 122
80 98
120 128 55
120 32 95
43 71
18 21 59
11 14 23 84 94
122 48
112 127
109 116 19 60
40 85
121 40
114 123 16 7
55 66
12 51
112 124 55
3 37 73
133 40 51 6 63
100 80
31 6 62 88 91
113 117 20 22
103 24 79
110 44 70
122 25
109 41 59
115 21 93
104 34
110 128 140 89
110 124 126 130 21 3
104 107 82
130 51
114 3 41
52 94
100 59
131 138 23 52 61 75
137 21 82
108 122 32
114 116 127 131
110 38
121 94
70 74
134 81 91
40 45
115 78
35 61
102 13 18
63
58 93
138 89
121 51 85
112 124 132
125 45 68
116 3 33
32 86
125 49 54
46 47 51
51 9
142 32 5 61
101 117
23 32
50 99
132 137 60
27 33 66
108 58 94
100 45 62 81
11 34 60 90
137 20
0 117 139 56 94
79 91
108 15
19 5 82 88
71
100 108 15 29 69
4 52 70 94
138 3 71 8
31 84
131 57
126 136 32
130 132 28 36 75
34 4 54 58 66
109 22 54 60
132 61
131 135 67
47 71 74
134 138 44
69 81
106 16 29 34
121 32 53 65 69
112 19 90
135 18 44
110 26 91 95
16 32 33 44
110 127
38 4 56 83
4 67 69 70
105 71 72
105 24 51 88
111 118 127 87
55 86
10 137 87
104 119 12 62 87
38 98
1 46 6
114 137 49
103 49 52 58 89 94
32 70
51 75 96 99
115 18 29
104 113 20 50
136 7
32 68
127 71 83
130 49
110 142 55
1 51 58 86
21 44 65
38 67 83 86
124 51 84
107 123 82 9
31 83
104 122 136
74 90
11 129 136
114 126 134 40
53 77
101 116
36 54
48 77
10 55
111 26 46 48 82
138 99
125 91
0 51
25 31 4 92
16 67 99
124 16 22 60
123 132 18 49
18 2 3
119 41 59 96
39 61
50 54
124 13 54 72
1 137
3 89
140 95
138 58 63
37 38 90
112 113 115 123 35 73
36 54 84
31 53 58 62 85
118 125 13
107 78
12 22 79 93
57 91
103 131
122 64
101 13 96
21 28 6 84
1 121 59
133 75
34 69
122 43 76 80
113 29 94
16 22 94
50 68 8
116 128 137 61 83
24 78
106 110 12 67 71 95
103 133 22
127 32
110 134 45 67
108 134 142 85
81 97
17 46 60
128 51 98
38
115 123
132 23 58 66
129 134
101 122 141 30 86
125 27 43
112 32 8
110 114 42
1 122 78
105 13 48 7
122 130 9
101 34
108 58 68
4 80
117 141 57 89
108 128 4
109 110 34 89
108 141 53
19 87
10 29 67 85 94
116 134 21 91
113 131 23 3 36 41 73
119 6
105 122 45 84
131 74
101 114 132 27 30 67 73
33 35 39 76
106 109
78 82
14 19 28 65 76
42 79
3 7
129 96
138 79 98
65
37 4 59 68
109 3 47
22 47
0 123
72
117 45 70 73
85 9
105 123 17 26 43 52
74 84
103 52 63
2 65
102 62 63
13 14
34 80 91
128 84
133 68 70 73
1 122 58 94
44 45 46 47 93
112 126
9 94
62 65
33 49 76 93
18 72 87
102
105 95
126 29 37 9
13 28
123 93
110 136 63
28 5 74
138 88
20 34 58
110 116 141 55 65 71
127 128 80
140 37
105 109 118 120 135
125 134 8
122 137
114 37 50 82
123 53 55
140 76
0 108
94 98
15 45 60 89
1 130 58
115 123 23 43 44
138 27 73
105 13 138 22 4 91
121 61
12 45 80
0 32 62
25 50 70 73 86
120 135 58 91
131 39 86
27 60 72
110 74
29 99
105 115
135 79
136
110 39 84
111 4 62
104 35 51
1 118 2 95
35 67 68 95 97
133 27
109 44 56 60 98
100 127
11 120 136
32 38 56 65
16 92
138 140 31 49 6
108 33
11 35 69 70
1 31 42 68 69
16 9
81 98
125 2 45 58
138 26 70
30 83
12 139
49 70
129 23 94
108 130
24 47 53 57 70
65 83
54 8 91 96
23 31 88
10 124 14 27 42 93
104 2 28
109 14 21
109 44 64 69
57 60
73 96
103 109 123 15 29
132 30 75 94
106 120 28 44 71 72 95
120 7 88 98
44 72
117 84
24 32 68
101 133 27 52
124 35
107 124 24 33
10 2 20 30
51 52 78
107 13 29 3
45 91
116 137 72 83 89 95
106 128 9
87
2 6 82
104 41
129 9
43 7
29 73 89 9
108 115 127 132 41 56
10 41 5 8
123 141 55 61
134 19 39 68 83 98
119 75 79 85
127 34 87
81 91
50 64 80
13 17 19 4 73 77 9
113 15
126 71 82
0 100 132 20 67
22 23 74
33 9
0 133 71
4 53 77
105 125 20 37
123 16
111 120 86
15 2 61
103 108 73
134 137 17 20 4
123 62
31 61
112 126 23 36 64
105 114 4 68 70
136 76 77 79
101 33 60
23 26 97
117 137 29
138 19
11 114 37 7
122 58
12 129 6 61 76
101 50 53
64 66 72 85
53 54 61 85
19 65
121 56
126 134 137 15 23 66 87 91
110 121 42
120 99
112 17 76 94
65 78
128 31 42 47 57
106 24 29
88 9
125 19 62 69
23 68
47
115 132 26
31 77
30 84
10 48 88
122 134 43
137 8
108 14 29 82 90
130 34
113 118 33
33 41 44 69 84
32 70 99
105 115 139 94
109 12 13 89
120 58
133 82
35 39 70
121 127 133
54 96
14 33 58 73 77 97
135 53
126 38
34 63 74
123 15 91
113 16
115 117 139 2 37 92 98
52 69
13 74
141 36
24 71 9
140 9
15 28
105 15
1 88
127 9 94
12 76
120 59 91
100 137 138 5 55
115 33 6 72 78
139 15 32 66 80
107 113 119 98
47 72
11 70
35 75
10 113 140 15 41 44
102 78 89
63 9
10 110 35 45 9 95
126 140 31
0 34 55
111 139 43 47 60 72
113 35
38 68
1 73 84
101 140 58 81
102 103 5 67 85 96
103 28 84
129 35 82
78 89
10 120 27 95
130 39
41 64
30 64
2 58
11 111 132 32 51
134 73 91
113 115
116 73
31 59 72
9
104 12 70
136 46
13 32 8 91
125 135
0 8 82 87
136 28 82
136 138 139 30
108 115 117
139 4
11 47
141 66
113 114 140 142 55 74
16 27 34 54 85 96
113 68
17 76
117 22
0 20 43 68 78 92
49 59
102 45
12 83
127 54 8 82
125 141
101 50
136 140 44 7
117 57
26 96
63 66
52
0 59
42 46
142 21 25 32 49 54
136 142 63 71
31 48
122 2 61
106 29 3 37 6 70 9
101 40 6 98
135 24 51
128 139 49 8
0 110 38
115 124 24 55 57 61
12 26
32 97
11 29 70
107 136 52 57 62 86
139 41 78 84
108 129 43
141 17 94 96
108 22 50
117 134 141
129 60
4 40
26 42 89
19 46 81
121 133 76 98
12 86
106 71 87
107 130 21 32 79 8
36 46 59 60
126 137 60
128 3
28 6
113 116 128
131 14 58 82
107 67 75 85
43 51 62
127 35 79
20 38 49 72 73
122 141 32 95
113 119
20 51 95
140 31 50 80
136 39 84
142 15 44 58
44 57 74
140 74
62
105 28 61
117 129 30 40
131 27 51 54
17 91 94
103 129 141 17 28 50 57
1 63 69
124 69 79
102 125 28 92
109 124 23 57
119 130 140 3 61 80
138 45 70 97
55 93
120 132 17 36 88
138 3 41 52 57 71 90
50 81
3 71
106 114 132 72
120 33 90
100 33
19 5 8
54 89
112 141 15 40
126 136 79
62 85
0 47
103 35 92
24 96
1 140 34
136 57 80 89
21 8
67 78
19 23
118 30 58
107 11 133 32 86
116 12 19 65
108 130 52 80
73 90
135 22 56
59 8 80
125 50
14 3 70
113 139 31
11 111 125 48
45 99
134 71 73
125 126
108
0 133 135 142 15 21 31 38 60 82
125 136
45 97
110 2 50 77 85 94
116 53 73 83
66 97
138 23 69 88
107 2 25
22 28 79
1 111 118 126 40 41 64 79
34 5
104 110 32 52 61
11 44 45 53 83
103 21 96
28 75 79
119 81
139 14
128 26 48
118 79 91
43 89
120 48 59 62
45 85 92
33 39
102 15 73
105 108 130 2 64
66 67
111 130 25 50
23 69 70 80
4 59
12 49 61
17 35
135 74
107 29 33 55 7 88
110 111 57
122 89
114 140
127 132 18 20 54 61 98
0 109 35 97
118 45 83 90
122 25 71 78
114 132 68 93 98 99
139 142
108 128 90
136 89 94 96
103 134
17 31 39 63 82
103 78
124 129 140
109 54 70
29 54 58 70
48 68 79 82
10 119 4
134 4 6
46 54 63
108 85
108 140
106 77 90 98
13 58 9
93 99
17 91
32 74
100 111 127
123 134
16 32 34 38
110 25 49 74
119 29 36 52
10 75
136 23 28 29 41 66 8
135 27 3
101 126 59
20 84
19
137 81 84
130 23
116 122 2 6
141 21 29 68 77
70 93
121 79
25 55
114 121 132 27
128 57 62
19 47 90
20 48 60 78 81
101 86
46 79 81
45 51 55 60 91
11 2
105 125
109 64
0 107 132
130 139 25 34 64
120 73
69 94
139 48 77
10 109 110 140
110 28 43 6 69
119 19 51 69 77
114 118
14 30
124 125 15
12 125 127 47 53 55
11 127 91
116 38 84 88
51 61 78
102 61 71
1 32
32 83
32 6
59 81 98
114 41 43
16 26 63 70 99
104 126
10 135
32 49 72 85
128 35 60
30 92
14 28 49
124 23 42 56 60 64
129 13
117 118 130 73 76
13 17 80
106 113 36 38 75
14 27 60
111 67 77
106 13 22 87
107 116
10 114 33
0 65
128 2 5
65 74 94
133 137 24 29 54 75
24 77
122 138 16 26
137 96
105 110 62 65
24 7
101 115 88
128 16 53 58
95
109 21 27 48 7
17 4
10 120
104 38
139 51 85
31 39 65
107 124 140 49 78
141 90
95 96
1 11 79
123 138 28
57 66
116 70 91
106 116 6 92 97
10 68
113 137 51 7
105 119 120 127
115 125
123 23 59 69 8
141 99
121 26 71
33 44 7 73
31 70 77 93 97
122 69
117 3 33 53 87
118 119 13 44 80 9
119 120 45
112 62 7 90
130 80
12 94
57 92
22 58
18 2
65 91
1 117 42 56 88
20 95
124 88 93
112 5
13 65 82
134 63 99
54 79 82
106 27 7 97
131 46 83
19 21 6
115 4 48 52 61
13 43
46 60 72 80
39 9
3 38
16 99
139 26 53
123 5 56
17 54
133 29 52 83
117 123 14
127 19 90
33 36 4 59 68 76 82 83
33 39 63 84
126 32 35 84
133 26 37 98
111 134 73
142 9
26 34 99
128 131 6
21 35
140 48
26 61
103 99
54 86
105 31 65 84 88
103 34 79 85 98
138 97
35 56 6
25 36
119 21 62
137 50
102 31 47 81 94
1 113 60
134 137 15 73
114 38 49
113 74 83
1 114 45 69 73
28 29
25 45
100 102 125 56
120 20 88
114 126 30
126 138 141 35
14 141 42 66 90
141 75
130 3 81
38 87
117 135 57 92
28 50
36 55
14 83
17 31
30 51 67 73
107 25 6
141 77 88
25 42 9
9 95
29 7 81 88
51 72 96
115 36 57 73 77
122 15 77
100 57
101 12 28 35 69 82
123 126 17
119 77
11 61 7 8 94
37 43 62 70
102 120 2
60 80
57 93
19 77
101 84 86
64 86
140 47 57
22 29 44
124 48 67
128 13 4 65 99
127 22 50 92
105 31 61
137 19 49
12 33
108 51 64 85 91
25 53 68
58 74 8
138 70
108 76
113 132 136 15 62 75 95
13 57
118 18
116 126 13
110 32 8
104 133 32
58 85
78 80 92
106 81
102 99
134 35 84
122 62
41 64 96
21 59 70 97
58 65 90
110 27
102 127 33 35
117 63
115 139 19 24 66 78
108 16 6 65
128 17 32 54
142 67 75
127 40 89
119 124 33 83
123 4
18 52 68
70 95 99
118 25 40 91
116 142 33 44
125 136 137 17 93
101 106 127 73
133 60 86
131
114 119 39 74
119 122 59
67 80 9
114 125 128 129 20 25 29
34 49 62 75 82
69 72 77 84
120 3 32 48
120 15 85
42 46 68 97
35 60
119 22 89
1 73 83 89 90
105 99
50 58
116 14 40 8
134 24 84
112 127 75 76
43 51 58
131 132
106 122 32 42 73 87
118 41 83
43 51 52 82 86
138 16 59
103 17 20 69
114 15 3 88
27 28 48
136 42 54 67
104 89
96
33 39 50 79
21 82
41 65
24 29 37 54 91
118 15
23 40 82
45 95
102 105 20
123 97
107 16 86
104 117 124 60 76 82
100 38 51 52
121 44
111 16
10 123 31 60
4 98
125 3
65 86 94
104 14 67 68
18 45 73
29 67
101 54
125 30 65 96
32
116 40 87
10 65 74
110 112 117 45 63 69 8
104 19 47 72 90
111 114 21 89
128 25 93 94
26 72
103 50 65
142 3 83
55 74
13 20 44
142 31 43 53
39 64
136 39
13 17 98
0 113 4 49 93
56 99
137 29 48
124 44 72
107 79
132 85
101 18 50 79
138 3
119 130 136 90
5 67
129 137 24 58 93
1 25 29 69 75
12 123 60 65 83
136 141 84
1 129 65
24
123 139 45 48 98
128 134
109 97
101 13 138 31 55 6
15 92
123 16 3
128 137 141
43 44
13 34 82 83 98
21 67 7
110 130 51
107 29 31 4
120 137 140 50 59 85
14 39
103 90 96
138 89 91
123 13 67
25 49 66
13 41 9
22 30 74
48 51 82
39 51 8
125 56 72 77
107 121 125 138 17 50 6
101 122
30 81
0 108 123 89
30 75 95
101 129 131 134 46 64 71 93
105 65
108 110 16 74 8
103 121 90
108 125 60 72 9
35 4 58 68 78
113 59
117 57 59 81
12 23 53 85
10 26
36 51 9
125 56 64
36 92
11 115 16 45 54 79
126 134 30 94
34 35 75
120 129 54
128 14 20
109 121 32 75 93
13 32
1 49 61 74
18 3
64 65 66
39 53 65
44 75 94
136 14
102 124 60
104 85
142 33
130 23 29 60
47 73 86
100 124 74 87 90
114 36 80 85
142 36 41 82
120 134 20 21 56 72
2 29 93 95
23 33
11 16 23 36 95
10 102 114 78 80 95
106 127 136 141 72 89
105 142 69 99
3 5 80
105 111 31
117 24
120 128 69
40 46 75
136 42 55 88 99
6 66 74
23 29 58
108 20
12 134 37 8
111 136
117 22 34 70
132 89
0 41
11 15
109 47
105 15 43
139 140 54 56
103 104 45 66
59 63 72
111 124 125 15 52 88 91 98
121 132 76 9 96
113 133 16 48
112 14 38 53 58
131 21 5 64 88 99
117 133 3 58 98
132 79
106 5 51 8 81 9
120 50
106 118 130 132
112 69
119 57 93
24 47
11 16
124 131 25
70 88 94
108 72 91
115 38
124 127 29 69
0 109 111 16 40
10 34 85
102 16 32 70
108 54
103 128 48 9
138 7
11 77
55 64 98
32 69
49 60
128 137 62
0 49 51 62 92
81 88
58 89 94
136 69 70
22 26
41 42 51
100 12 27
123 28 34 7
124 134 68
5 65
1 108 37
130 92
25 85 90
140 20 5 8
137 15
128 130 22 40 48 99
134 8
127 135 14 5 88
120 138 40 53 71
118 140 7
2 87
58 8
119 63 82 99
110 117
6 70
106 136 80
119 82 93
133 139 63
1 12 129 19 41
21 52 95
15 38
56 57
93 94 96
110 69
102 110 140 48
127 19 24
40 49 66 71
11 131 139 90
136 22 23
127 13 34 79
107 120 131
113 33 4
24 67
109 44
127 20 21 24
20 30 76 79
122 14 3 60
116 14 3
51 61 99
82 95
110 40
44 55
115 14 21 76
109 44 62
17 33
23 41 80
120 50 90
112 113 127 128 31 61
14 17 19
1 103 105
127 16 19 76
109 141 48 6 96
22 84
14 84
112 66 81
78 92
127 66
138 3 30 65
106 123 129 25 65
129 3 53 69
109 124 97
16 29 75
23 89 94
134 141 15
125 5
120 122 42
102 106 134 92
52 8
105 13 35 82
22 62
100 13 59 61
18 96
93 97
115 22 37
115 61
1 13 133
100 117 34
112 78 87
108 116 95
122 56 64
111 138 20
141 47 82
135 17 66 78
136 62
137 54
12 138 35 73
11 124 134 3 41 9
118 23 25
100 113 33 44 46
18 27 95
121 16 18 76
108 22 41
135 139 142 61 64
15 59
101 120 68
100 122 126 133 52 64 87 96
102 125 140
121 28 8
124 83 96
141 19 40
142 17 50
105 36 41 78 90 92
110 99
2 88
34 35 98
24 38
118 137
46 6 85 91
104 37 48 74
104 37 65 80
115 140 15 18 76
38 87 94
107 111 123 125 127 78
11 123
142 29 51 80
45 80
128 139 40 56
112 128 142 21 46 81
109 118 138 141 27 55
106 116 125 64 69
113 3 55
49 82
107 115 127 131 14 77 91
128 60
110 3 80
118 125 142 68 89
123 139 142 58
106 13
124 45
138 17 68 95 96
140 64
111 134 34 72 81
10 73 95
17 90
27 62 75
138 14 83 90
103 134 26
111 4
57 75
100 110 122 8
79 9
134 25 40
136 44 67
3 54 67
116 29 51 56 81
42 91
0 116
138 69
117 138 5
134 33 63
120 4
118 128 141
102 16 83
20 25 77
110 125 18 44 83
19 3
7 81
11 137
106 53 55
107 124 13 58 78
136 33
112 13 67
125 57
33 43
72 98
31 61 87
123 41 85 93
101 119 124 32 34 70 80
133 139 36 48 76
138 55 71 99
12 121 122 123 129 56
121 24 49 82 85
28 93
10 58 62 66
132 43 85
117 14 96
41 94
113 12 134 59 81
134 15 2 81 91
132 66 99
29 40 96
59 6 94
110 23 56 99
129 70 99
119 133 44
117 29 74 76
100 5
128 73
126 92
116 34 85
128 87
119 96
106 34
13 3 4 9
124 25 40
64 69
103 22 37 98
101 120 25
107 125 31 38 81
2 50
29 96
104 22 36
0 121 79 98
111 15 65
115 123 33 46
47 60 84 86
103 136
5 70
141 73 82
131 30 54
37 49
107 2 46 80
21 45 56 6 86
30 31 66
26 55 85
100 101 117 29 66 8
115 19 93
127 54 57
100 4
60 94
130 60
136 142
119 142 72
117 122 75
1 10 125 15 29 7
122 131 40
22 64
116 135 136 98
112
131 20
125 126 14 83
103 55 95
127 71
11 90
4 56
4 53
128 13
127 13 98
50 77 9
104 27 32
124 15 21
104 108 115 140
105 135 38 90
111 30
1 25
109 41
116 50
105 135 139 14 44 65 67 8
123 44 62 75
3 4
111 128 33 37 96
120 138 30 48
12 13 23 25 90
120 26
23 28 8 98
33 83 89
119 122 126 130 79
31 33
123 33 38 51
135 142 17 26 3 51
104 137
113 136 30 52
124 131
119 45
121 139 4 96
108 38
40 95
102 124 43 92
127 27 60
54 9
15 8
57 95
1 124 55 64 71 81
107 122 75 80
128 141 4 94
101 112 7
135 57 7
142 66 69 73
106 125 83
134 55 84
132 19 31
1 16 26 42 93
65 89
130 38 71
49 85 90
74 9
100 11 9
11 118 36 58
115 137 45
107 133 23 57 92
103 14 99
61 70
136 32 76
107 54
105 4 82 94
119 68
39 71
16 46 50 54
73 91
121 24 43 52
107 28 98
112 16 51 79
115 12 3 61
123 34 4 57 72 89
109 39 82
138 35 4
0 115 120 121 78
116 29
109 11 12 130 132 88
131 17 38 40
137 96 99
0 104 51 64
126 34
135 51
109 120 17 81
138 18 42 71 90
118 79
0 121 123 130 35
19 21
126 59 96
123 34 46
14 41
10 109 77 8
43 53
7 80
120 138 141 2
125 4 67
118 4 40
112 127 9
18 92 97
126 5 63 69 91
0 28 62
108 135 43 59 64 86
13 25 52
125 4
116 123 48
19 37 45 56
39 67
120 14
129 21 56
55 58
116 117 13 20 25
113 123
10 123 36
133 96
8 90 92
106 124 28 61 81 83 93
141 26
10 129 6
41 55
101 127 134 59 66
23 55 78
116 42
121 4
103 24 45 86
19 42
130 49 74 82 91
1 85
11 48 72
114 21 29 32
114 74
109 128 23
116 142
28 59 76 92
21 24
11 8 85
1 105
44 70 77 84
45 8
115 118 7
1 12
16 80 96
28 60
4 92
13 93
15 18 19 87
138 45 87
134 25 33 98
121 139
40 94
26 4 6 85
1 41 86
124 26 35
101 137 33 71 72
40 53 72
132 24 95 98
136 6 68 87
100 134 138 142 5
76 80 88
0 30
125 136 56
27 49 83
120 125 41 56
123 40
10 101 5 61 95
134 15 67 91
106 22 26 58
119 23 63 89
39 87 93
118 4 61
121 128 19 55 68 98
105 12 2 36 45 62
122 51 52 55 97
1 5 66 79
3 37 9
113 115 24 55 56
130 19 40 45
111 114
116 68 74
11 55 81
141 77
37 41
124 136 82
74 91
128 65
113 54
67 81
21 38 40 74
12 28
105 25
111 131 136 22 56
124 43 57 60
42 52 93
25 66 75
14 88
105 126
25 42
132 50
65 85 90
127 88
30 76 95
135 2 34 75
122 129 52 60 96
108 12
102 118 72
111 81 89
31 32
118 40 88
0 67
108 20 70
100 102 128 54 73
127 16 29 58 98 99
103 56 87
113 15 45 58
58 82
115 38 56 60 69
0 103 92 97
12 57 85
10 63 78 8
105 62
140 17
51 52
139 19
59 63
103 113 114 23 71
137 28 52 9
100 125 13 79 80
46 92
11 3
130 75 88 96
114 130 86 99
35 43 5 81
21 52 73
103 114 135 19 93
135 64
111 116 13 14
118 132 74 76 83
59 85
134 42 60
140 33 66
0 63 65
112 132 48 58
114 134 18 23 34 44
111 28 37
120 82
69 81 9
130 30 65 78
117 26 30 34 75
120 140 16
119 16
119 51 77 8
100 15 24 70 93
141 36 47 74 84 93
115 139 25 6
115 15 62 93
111 135
5 51
49 55 9
14 34
40 51
10 39
120 142 28 38 39
134 19 50 57
136 22
0 25
133 39 52 64
129 75
10 18 25 55
103 9
24 66
13 56 89
10 110 23 24 49 63 82 94
101 116 41
1 121 29
52 63
108 30 69 95
126 74 95
110 31 64
116 117 138 75
16 44 47 70 85
104 138 44
27 9
84 98
123 22 65 82 86
139 6 75 76
121 24
126 129 131 20 53
111 55
118 126 61 66 79 86
115 137 17 44 80
12 129
16 73
107 130 33 7
13 45
115 89 9 97
115 123 131 142
123 132 40 56 7
11 140 2 35
14 90
126 69 72 94 95
109 56 64 66
33 66
10 33
102 42 88
127 135 20 44
1 138 61
121 132 15 30 4 65
116 120
107 118 29 8
102 78 92
105 12 32 58 91
102 5 66 71 98
127 53 61 74 94
138 27 42
28 5 72
2 85 93
44 99
120 123 18 8 84
107 4
135 141
102 110
108 7 95
31 50 53
141 22 81 86
125 99
10 133 137 48 83 9 99
123 141 29 51 71 84
126 135
102 28
106 16 46 59 60 94
103 105 129 134
0 93
15 19 8
53 55 99
0 126
126 38 64
21 96
107 18
111 133 134 42
19 53
10 142
111 74
117 78
125 77
100 115 142 50 8
2 43 8
111 132 140 34 35 39 53 86
119 41 57
37 92 97
27 6 70
136 52 70 92
139 48 57
139 75
112 117 135 140
120 141 18 89 9
101 33 49 98
2 77
114 45 65 68 91
141 47 60 73
137 27 62
119 32 80 92 93
111 130 6
104 138 62 79 9 96
1 113 31 49
21 99
1 11 118 142 72
127 59 68 94
28 63
82 87
119 130
102 108 11 122 4 49
50 70
113 25 94
134 43 82
119 13 33
10 101 132 18 61
12 7 74
45 58
39 48
142 25 67
14 21
116 134 21 27
34 65
142 38
100 122
27 94
25 26 28 82
119 123
10 64 81
104 80
101 133 54
115 34 54
112 123 23
113 66
23 26 41 42 80
135 93 98
132 2 50
102 129 34
106 46 53 65
53 56
136 6 60
123 132 141
119 126 135 138 97
138 24 50
128 135 86
21 47
108 118 20 65 82
125 22
101 115 14
21 46 83
132 38 57 63
108 120 8 87
25 54 86 92
110 51 84
106 119 141
69 75 96
59 76 81
114 131 31 42
107 86
36 38 89
57 6 7
106 38
117 132 97
27 83
117 60 72
21 8 88
108 141 29 40 75 78 81
138 16 48
22 41
27 98
24 32
116 34 88
103 17 86
17 78
105 44 63 94
101 111 114
116 125 20
25 68 76
119 36 64
78 95
118 14 26 68
140 70 83
112 5 81
134 75
142 30 41 77 83
117 35 97
113 140 71 78 89
113 36 83 92
117 18 43 5 50 59
13 137 38 51
114 48 71 8
10 12 41 49 78
109 39 51 72 88
127 17 55
28 5
28 32 52
108 122
25 29
128 24 96
129 132 20 29 41
100 110
17 19 84 93
36 85 86
104 126 131 23 42
13 133 95
133 7 84
19 65 73 84 97
0 107 13 37 39
70 77
119 38 96
110 48 75
11 76
12 98
139 23
124 51 86 89
0 101 103 75 97
110 9
18 32 92
10 107 34 42 99
121 31 38 79 95
124 18 33 82
68 70 74
109 11 24 92
125 133 29 64 86 9 90
3 33 45
1 106 125 20 32 35 43 65 66
74 75 96
12 13 138 36
59 75
18 49 65
105 51 69 80 95
0 45 52 60
0 111 130
40 44 93
100 20 56 9
118 71 75
118 6 63
4 54
123 47 90 98
128 27 4
16 87
102 32 46
128 54
22 52 6
107 26 86
37 54
117 125 33 36 67
26 49 67
118 42
118 46 62 64 93
111 43 5 65
110 73
51 61 64
12 2 91
131 134 19 22
126 73
32 7
119 32 99
121 126 15 60
118 24 66 8
116 129 32 35
101 19 4 90
103 32 5 70
30 54
101 115 123 27 88 97
25 56 77 83
5 95
35 63 65
69 78
109 14 27
122 134 23 85
44 89
104 39 58 59
135 3 59
118 19 49 80
128 61 62
103 109 140 43 51
118 133 19
102 129 89
11 134 71
1 20
89 93
117 22 7
51 78
110 133 45 89
22 5 57
131 35 4 55 82 83
131 40 42
125 76
113 93
2 39 79
106 16 33 94
116 34 60
139 14 44 5
105 126 14 96
101 107 15
103 107 116
26 6
131 132 48
13 65 86 99
130 83
20 86
115 119 50
106 2 72
103 136 24 71 9 97
44 9
10 111 32 39
132 28
132 58 89
50 67
130 88
1 103
115 20
1 44
125 33 94
142 84
25 37 85
18 24
104 121 84
50 97
102 118 131 142
134 31 53 54 93
105 11 118 119 52 84
15 23
100 46
123 134 15 3 39 67 79
107 128
50 62 94
35 92 99
124 39
134 15 55 72 81
107 130 22 29 99
52 84 96
30 33 65 71 76
101 41 60
13 40 46 94
49 70 77
29 65 73
120 17 5
8 81
90 95
101 125 60
139 85 9
0 38 44 71
121 129 24 75
0 36
130 94
102 12
120 92
122 39
116 93
102 129
110 49 61
100 90 95
100 15 16 23 24 60 74 80 92
46 71
2 20
48 69 71 93
4 41 65
26 33 91
126 133 22 79 9
39 5
104 87 88
121 16 55 79
110 56
142 34 36
61 73 96
14 17 2 27 47 72 73
106 95
107 129
127 54 82 90
140 41
48 56
135 33 78
46 79
29 73
105 118 78 92
131 135
64 93
25 30 4
137 30 51 7 70
10 45
4 62 94
12 76 80
102 119 33 68 75
33 55 64 80 96
52 97
46 90
103 5 77
108 133 67 71 86
22 94
108 34 37
124 26
111 96
104 123 65
117 41
110 39 96
110 125
107 141 46 93
104 49
62 67
27 42 46 85
135 98
119 33 53 7 93
51 64
132 140 19 36 47
108 48 75 85
106 118 4
122 4 91
40 49 50 62
35 70
136 27 53
109 35 53 54
104 129 92
125 24 41 74 9
113 84 90
68 69 86
54 81 84
127 8
2 39
101 133 3 80 91
33 72 87
110 14 29 77
106 122 13 61 93
53 6
118 40
0 60
13 38 71 81 85
136 29 44 75 97
102 109
14 74
31 37 54 71 92
41 84
55 92
31 74 84 9
18 56 95
11 120 24 8
121 52
126 15
115 47 7 94
127 27 58 67 84 94
1 22 66
114 25 71 92
134 76 99
124 128 46 71
109 28 31 59 95
104 119
14 6
107 120 25 27 72 86 95
35 94 95 98
10 20 57 97
124 15 45
121 124
105 123 35 63
3 73 89
21 89 95
40 57 97
11 81 86
131 38 81 91
34 65 90
127 77 81
11 89 9
102 117 120 14 39 9
100 47 50
120 130 35 66
40 89
126 41
28 59
52 54 69
31 42 80
23 3 32
108 21 79 84
136 55 6 69 86 93
11 121 7
8 87
112 32
106 136 35
108 12 45 85 92
22 27 72 73
11 128 16 5 97
16 2 31 35
38 97
138 73 94
132 7 79
103 15 65 96
58 89
101 115 35 37 84
123 133
109 118 44
101 117 123 128 130 136 90 95
112 133 9
102 53
117 50 99
11 82
10 13 97
102 62
44 97
123 138
26 93
122 126 5
134 17 28 34 46 98
107 115 136 20 81
15 42
105 41 61
14 63
11 50
134 14 82
1 11 20 42
136 72 87 90 96
138 17 86 94
11 33 38 53 9
20 58
17 25
106 134 26 82
30 42 44 62 64
34 72 73
27 34 6 62
141 47 73
20 23 31 80
122 39 47
102 111 30 81
13 135 7
60 89
51 88
111 76
115 16
42 9
135 18 47 71 72
134 32
101 2 22
20 78
58 64
0 129
111 62
114 83
17 69 91
26 27
18 20
113 51
106 122 65 7
0 32
101 113 131 46
136 137 142 93
108 21 67
115 58
72 88
135 25 59 90
114 59
113 116 139 141 75
113 132 50 61
67 70
20 70
101 66 90
141 55
27 56 75 90
40 68
10 138 73 8
56 85
140 53 64
132 33 65 70
108 131 22 30
26 27 58 81 90
30 63 8 92 96
27 99
35 53 82
11 111 40
0 125
100 23 68
12 141 22 47
103 14 23 85
17 83
114 27 57
129 141 23
103 4 73 94
25 46
14 20
106 86 93
101 108
12 132 48
102 125 126 4 50 61
106 119 12 24 50
122 56
80 9
22 48
21 23 37 85
116 134 53
125 138 21 82 94
114 29 71 87 88
106 132
115 14 58 63 71
108 11 119 136 7
136 141 68
106 19
127 135 15 3
67 74 95
132 139 81 9
105 38 53
108 24 28 60
106 114
131 49
14 77 86 91
123 32
120 20 56 81 86
70 80 85
37 74
102 119 26
125 137
110 61 66
107 13 71 99
57 68
123 132 34 76 95 98
129 64 85
123 35 60 94
53 69
106 123 61 64
100 118 137 5
106 12 124 4 73
141 50 77
102 113 17 37
120 132 15 49 78
110 20 32 5
116 30 99
41 98
16 5 68 76 81
66 68
120 125 132
42 59 63
10 22
139 20 42 84
82 97
113 69
4 62 92 97
11 113 137
24 73
29 32 35
20 30 39 44 51 75
0 34 91
118 125 39 68 87
115 132 95
103 28 70 73 88 89
126 53
106 76
106 139 14 61 63
137 21
113 135 62
101 9
38 65
114 122 137
121 35
105 112 4
119 140
1 72
24 46
66 99
102 12 46
37 47 69
36 64
8 97
22 79 90
134 54
42 81 88
132 54 74
120 4 67
12 49 8
115 33 37 61 63 92
50 61
47 60 67 8 83
134 56
137 70 73
115 125 26
116 119 87
0 12 123 76
114 134 18 38
104 115 142 2 30 35 57
30 5 99
109 11 16
125 13 5 67 75 94
123 135 141
2 20 67
140 26 32 41 57 59
105 121 69
128 55 69
102 36 37 51
11 130 89
129 34 87
109 24 25 53 58
2 48 8
106 13 38 45
119 31 36 41 68
14 72 8
111 8 81
109 59
59 62 98
105 2 35 48 49
139 39 42
1 104 108 75 94
5 61 72
15 66 97
120 128 17 67
129 135 137 31 44 45 84
116 122 127 139 141 53 68
114 34 45
119 138
121 131
1 103 40
106 113 133 137 25 83 93
17 67 69 73 78 95
15 18
1 103 108 40 85
129 18 61 94
20 29 38 43
119 35 51
142 28 41
101 88
24 25 35
21 9
28 73 85
1 51 56 86
49 84
6 63 83 86 97
13 44 9 96
105 132 23 44
113 22 7 74
0 120 91
15 96
120 90
13 51 69 87
109 11 132 17 21 26 65
108 46 55
117 133 52 89
100 47
103 104 18 26 61
117 45 55
106 136 43 72
16 54 77
16 18 94 98
126 66
17 86
21 55
141 23 28
57 71
128 40 94
15 3 7 9
106 84 91 96
135 41
108 73
112 127 136 14 20 9 91
137 64 80
101 12 13 79
30 33 50
33 48 67
21 79 85
102 19 60 71
10 4
125 134 51
113 24 47
15 45 51 57
113 120 25 97
136 32 35 84 93
27 89 91
103 133 81 9 99
110 43 59
11 125 142 25
112 140 47
134 49 96
114 17 19 65
75 95 99
134 41
110 84
104 21 24 69
24 51
103 128 27 32
130 61
131 135 87
100 120 139 16
112 120 126 34 40 49
17 3 51
10 76 81 99
118 51 8
105 17 73
21 40 9 98
121 13 134 138 33
34 64
110 125 46 62 8
2 5
54 74 94
129 39 59 64 74
10 103 119 6 79 89 92
108 134 94
142 64 79
102 88 94
7 86
104 122 133 139 42 81
58 99
17 26 59 66
103 34 68 79
109 139 41 66 86
13 138 2 4 70
135 34 94
121 91
109 118 52 62 79
47 8 9
124 43
111 18 33 46 49
102 33 39 90 98
124 8
30 43 81
116 70 74 93
116 137 16 59 6 93
116 69 84
125 126 30 31 43 77
119 122 26 33 54 67 98
109 115 122 19 39
103 133 138
123 130
108 118 61 8
104 107 140
105 135 137 72
116 126 44 60 85
122 71
34 36 8 87
114 118 41
118 122 19
114 134
76 87
123 48 7
33 66 83
35 49 54
127 22 48
97 98
122 124 38
46 75
125 14
56 72
126 141 24
29 79
119 60 86
67 77
133 18 40 44 59
139 54
21 24 72 96
109 43 47 79
125 41 50 85
106 63
103 113 3 8
24 35
63 73
103 24 85
110 142 49 73
11 126 131
122 38
133 29 40 45 54
21 67 84
101 114 92
108 120 135 41 46 84
43 81 99
63 69
43 61 87 93 95
111 24 33 90
21 50 54 55 77 92
48 55 78
104 39 47 95
0 104 69 87
119 47
111 24 80
107 130
0 35 49 62
55 65
100 20 41 55
113 129 21
111 113 50
26 51
38 62
116 137
22 40
1 63 99
141 22 28
24 60
136 97
21 23
130 136 32
111 3 4
141 8
40 86
1 35 65
113 12 125 71
132 88
111 127 133 142 23 85
111 15
120 15 43 97
109 123 135 21 57
25 31 38 56 65 97
118 55 77
0 14
129 13 140
105 28 72 92
107 109 25
106 127 27 66 8
132 134 79
142 47
30 34 66 77 94
23 31 37 6
90 98
118 47 82
127 44 54
106 28 44
39 49
110 40 68
120 94
136 53 80
137 43
101 104 117 31 55
121 34 80
129 89
55 91
142 83
105 2
109 136 22 24
15 25 56
11 132 135 136 27 64
12 54 64 70 77
103 122 141
118 135 19 33 58
0 137 54
1 129 72 9 99
75 91
31 34 57
24 37 6
106 133 141 97
142 28 71 85
133 3 33 98
120 127 34 79
118 135 43 56 81
130 33 45 68 7
129 33
113 17 20 39 94
132 142 75
135 139
128 15 61 65
36 37
106 109 12 79
1 111 115 50 69 87
70 90
106 107 11 2 62
47 59 63
8 80
104 132 48 58
1 107 132 43 52 68
123 125 77 8
112 24
3 37 40
12 137
26 5 79
123 6
118 119 128 92
136 2 20 31 36 68
12 25 63
109 119 65 77
110 129 74
115 12 48 56
19 79
103 111 120 31 55 84 90
2 43
124 52 59
45 54 58 89
127 65 69
108 137 49 50 85
127 40 41
140 34 38 42 50
34 39 43 86
129 53 81
59 62 82 92
100 11 52
114 141 41
113 62
72 9
12 87
109 121 24 7 70 89
116 117 137 16 36 70 95
108 120 23 89
26 3 85
25 94
115 119 120 49
36 48
109 2 23 87
105 6 73
138 54
58 6 7
11 133 31
115 135 44 96
102 137 80 99
138 58
122 127 39 90 98
27 32 56
105 112 141 37 80
106 25 71 75 87
130 82
137 89
102 13 94
117 130 29
106 139 19 6 8
121 130 43 45 50 59
103 15 67
18 30 69
29 52 8
118 14 81 95
129 53
130 25 38
141 9
1 11 12
113 124 20 63 94
122 28 85
114 132 31 5
120 62 65 68
136 21 36 44
101 37 40 46 74 93
105 131 39
111 33
19 31 81
106 70
121 20 32 62
107 114
118 139 88 9
136 23 28 39
142 43 67
14 26 61
119 19 26 35 37 77
117 127 23 65
139 43
104 122 133 5 74
111 25 68 88
121 134 33 49
107 12 19
50 83
131 97
105 116
106 99
55 72 86
10 23 88
0 101 59 80 90 96
120 141 32 42
127 37 53
37 7
37 58 95
20 23 44
66 80 88 89
112 55 98
18 36 85
105 14 88
101 134 21 27 49 86
109 119 31 41 73
130 141 60 80 81
19 98
131 95
10 113 120 47 56
142 89
117 132
105 121 39 79
109 121 125 39 75
106 117 124 81
142 53
53 93
110 52
142 23
141 28 85
142 55 93
111 130
49 61
103 35 63
115 15
13 81
67 91
24 95
6 64 67
38 62 68
15 37 51
116 4
113 128 42 82
110 136 48 90 99
52 72
107 115 128 136 57
114 56
102 105 134
11 60
134 77 91
123 133 22 23
29 82
112 116 126 29 56
66 93
100 107 17 24 36 69 84
39 67 81 93
104 122 124 129 54
109 136 142 32 91
21 78
24 32 45 52
106 30
23 85
123 36 50
0 137 17 98
0 101 138 23 44 6
110 119 60 92
125 29 41
114 58 60
115 140 80
49 88 9
22 83
135 89
110 55
101 22
110 79
0 19 65
29 34
120 121 28 72 90
33 57 64
119 9
115 16 56 83
113 118 27 54
105 139
12 25 34
21 54
120 124 59
102 116 79
107 33
41 9
27 51
11 41 64 66 7 90
28 42
26 31
106 128 14 37 6 71 88
10 47
32 66 72 84 98
131 24 5
109 115 130 15 25 92
106 49
114 127 16 81
72 73
139 15 47
32 58
141 69 88
117 52
0 78 83
121 99
100 140 33 6
118 58 62
15 41
116 117 65
142 68 75
110 23
106 40
26 42
127 65 90
11 136 30 33 37 97
121 21 52
115 44 65 95
105 107 3 33 46
0 48 85 86 94
118 20 6 63
126 91
23 24 61 68
115 25 84 96 97
80 87
131 23
18 42
1 24 56 77
45 54
129 140 16 71
133 73
142 37 7
122 8
111 88
119 5
27 60 86 91
123 71 76
42 83
117 142 94
122 37
6 72 97
133 16 54 74 78 82 87 99
0 82 93
105 111
126 93
107 46 63
142 26 71 73
141 84
12 71
14 78 82
130 36 54 93
0 64 78 91
70 9
110 134 21 81 91
106 138 47 70
68 75
131 47 97
103 107 124 136 45 53 67 75
124 36 6 92
106 20 50 75
129 49 56
0 124 3
51 78 81 82
114 120 97
27 5
14 86
21 23 70 8 95
44 85
31 42 61 91
114 141 72
101 15 16 62
32 82 91
126 24 8 82 90
126 137 139 20
127 138
17 48 66 89
114 62
1 112 140 18 30
104 11 120 16 50 93
117 23 52
14 32 54 69
39 48 58 90
73 99
119 137 89
4 51
45 79
102 21 67 83
115 31 53
25 31 68 95 98
125 31
117 141 39 48
102 80
31 7 71 77
58 72 90 92
108 135 30 93
34 92
114 20 7 75 97
31 48 55
58 79 94
12 15 17 37 52
131 136 40 82
101 104 58 76
6 82 92
56 79
120 25 5 54
125 40 81
139 77
0 127 74
45 7
130 19 51
141 28
102 141 36 73
15 64
125 49 75
26 66
113 125 127 89
141 37 80
7 77
26 63 73 93
68 72 86
135 21 56 60
22 76
68 69
108 137
124 135
116 124 17 31
115 133 32
2 61
110 15 30 63 77
125 136 17 49 60 64 83
104 122 7 90
108 119 71
106 136 137 39 51
102 49 56
111 7 84
103 106 114 123 90
106 116 57
103 128 35 63 64
100 42 71
25 89
139 66
113 141 36 61 80 96
15 30 68
56 81
125 3 53
31 8 94
0 12 132 21
115 125 55
31 94
33 72 91
38 5
100 109 60
133 19 37 97
44 53
104 106 36 99
140 43 58 95
117 142 69
126 17 20 43
107 54 66 92
101 118 40 48
13 3
51 67 7 92
108 81 87 96
29 40
110 130 49 58
107 123 27 79
115 141
1 127 83
103 131 141 23 29 72
15 31 48 76 90 96
136 139 40 95
29 91
29 54 55
105 82
50 77 88 91
122 41 45 59 84 89 91
112 18
129 16 24 89 98
34 44
34 93
0 94
118 54
11 119 131 57 79 95
108 136 23
0 21 78
136 53 85
0 134 80 97
17 32 62
129 139
118 129 30 92
115 132 15 89 90
142 20 24 50 89
141 70 93
17 64 95
65 92
138 32 5
0 37 49 63 86
120 69 88
103 122 14
17 44 89
109 137 18
124 20 28 46 68
0 105 47 62 64
1 126 33
102 122 139 48
127 68 74
115 73
131 25 85
114 23 24 46
84 86
137 7
1 134 27
11 139 50 85
93 98
141 16 66 91
101 67 70 78
121 122 29 5
1 105 106 125 38 6
118 4 43
117 15 39 9
35 46
115 33 47 48
104 133 7
18 81
126 7 77
10 99
112 21 36
126 28 32 48 91 97 99
108 110 25
104 110 139
111 124 40
35 84
3 78
105 121 43 69
3 5
134 40 48 49
18 46
127 26 95
75 95
18 70
12 77 83
121 124 134 65
17 43
36 6 78 86
132 139 60
107 39
0 119 136 24 37 57
31 50
105 112 138
105 72 95
132 87
10 113 27 75
128 130 92
78 79
3 49
135 18 27 94
102 34 35 79
31 4
102 136 18
113 19 38 61 85
54 62
47 49 70
113 41
0 113 7
106 133 36
13 43 52
106 23 61
134 3 50 86
14 37 41
124 7 91
122 28 79
103 142 22 31
117 20 25 29 46 61 81
101 103 126 131 25 88
106 126 134
137 76 94
100 133 29 43 66
142 40 75 80
110 31 64 81
116 117 136 15 93
21 53
105 114
127 50 63 79
20 55
1 132 140 20 27 33 98
104 33 97
106 28
130 52 85
140 34 85
102 139 76 90
13 41
100 15 72 75 86
127 51 80 97
123 2 45
101 121 45 97
46 72
11 54 55 95
136 49 55 63 95 96
135 20 91
115 91
35 36 61 94
106 113 136 57 78
125 140 73
132 25 40 46 66
123 131
105 12 129 5 50 7 71
32 57
142 87 98
101 15
125 127 140 142 96
107 125 60 78
0 12 129 141 16
26 28 7
117 119 75
112 120
101 11 119 28
43 93
10 126
31 80 95
10 59 81
19 38
104 3
100 26 31 37 73 82
120 138
111 39 5 82
116 44 50 95
104 16 74
107 12 126 38
137 60
109 7
130 131 45 46
106 16 95
112 142 3
113 56
139 73 79
18 28 54
110 76 95
123 36 6 89
113 124
14 51 62
133 42 62 64
123 130 134 69 79 82
130 70
127 52 81
115 25 40
104 124 90
129 14 33
33 58
106 117 35 8
125 25 32 45 66 86 90
1 93
1 23 36
102 113 134 16
115 53
17 19 26 27
105 22
128 53
104 132 134 57
115 129 35
27 60
112 5 8
124 55 90 98
125 15
10 112 80
37 40 61 8
111 20
136 15 31 54 98
101 105 142 28 39 8
132 97
108 139 14 3
108 139 142 47 68
116 127 139 18 81
39 77 97
103 119 122 126 14
27 58
20 72 80
115 3 59
119 19 59 63 67
109 51 81 82 89
11 51 65 70
105 125 129 41 51 58
11 129 36 76
21 34 87 93
110 34 58 66
100 22 73
119 141 63 83
69 72 79
119 130 89 9
50 85 95
11 120 136 14 42
0 54
125 56 70 84
32 40
10 97
136 90
40 44
116 130 20 35 78
106 15 22 66 86 97
46 48 52 9 94
55 67 8
1 119
128 17 70
10 108 25 48
100 27
46 54
7 95
120 91
127 63
111 125 60
29 9
134 47 68
106 117 26 58
104 124 136 38
113 129 27 73 93
37 59
17 38 42
104 105 38 6 73
129 58
114 133 52
109 24 40 42 64 84
21 32 33
104 116 14 6 63
113 123 15
112 140 9
128 23 55
34 62 72 96
107 77
10 134 138 73
118 123 13 29 72
56 60
33 7 96
133 97
111 137 2 43
107 141 57
0 109 119 7
134 31 54 74
135 78 79 90
118 45 58
106 6 60 71
133 140 41
35 58 80
123 133 137 67
114 7
29 5
109 46 52 98
115 35
33 89
114 122
122 133 77
10 141 43 84
23 32 37 38 63
19 50 66 83 90
5 66 88
28 50 95
112 119 36 93
120 121
131 135 46 58 60
21 71 89
51 62 67
21 73
43 48 50 71
22 50
137 64
101 111 50 59
132 137 40 83
20 46 54
105 43
107 132 20
115 12 132 46 96
131 29 42 69
39 44
73 84
19 52
2 41
122 21 29
1 106 12 2 64
141 42 72
56 92 98
10 108 119 12 130 64 9
126 26
131 26 96
106 139 22 43
0 134 36
132 56
10 137 5 92
38 86
120 142 25
114 120 80 93
133 31 38 55 80 91
109 69
105 36
108 130 42 69
1 122 72
110 15 83 94
108 17 41 48
1 135 57
10 117 64 9
118 74 80 95
108 41 64 97
56 73
139 52 59
139 48
123 55 61 77 83
105 26 79 84 9
118 16 57
128 130 28 39 41 67
121 132 51 98
108 21 3 99
104 13 130 74 75
13 5 93
17 41
127 39 6 77
56 86
6 90
132 60
101 69
118 23 35 49
101 26
103 113 53 67 86
13 14 56
119 15 42
88 95
23 60
14 19 44
139 15 83
139 51 98
111 33 79
101 113 13
18 41 67
123 135 5 96
113 94
11 40 89
116 134 137 142
28 91
33 40
0 51 69
27 66 92
109 23 48 93
118 24 3 43 98
101 106 76
68 78
139 5
100 27 40 46 5
60 98
77 91
130 26 31 46 58
115 141 22 4 86
127 132
62 78
116 48 92
122 30 32 86
108 75
115 44
118 124
14 80 9
74 81
108 61 86
138 38 5
105 35 38
29 53 67
48 84 95
119 79
24 63 66 89
111 52
31 56 94 96
125 59 81
106 108 55
54 74
103 112 138 141 27 90
105 131
132 31 79
107 123 133 33 41 48 77 92
135 18 91 95
133 2
61 98
125 142 55 60 94
128 16 19 20
29 55
135 88
118 137 18 82
43 45
105 111 112 25 39 57 80
138 14 15 16 79
103 116 13 28 87
48 78 91
100 104
11 124 28
38 91
11 139 86
133 25 79
122 5
13 5 72 82
114 47 72 96
125 135 36 43 57 70 86
133 3 63 93
10 43 50
111 122 38 66 72
20 79
0 124 70 73 83
101 129
5 58
129 135 14 34
123 35
110 136
122 32
101 115 64
105 110 73
133 16
107 127 26 28 51 74 98
66 95
137 139
126 37
0 3
46 99
121 127 8
102 127 28 31 32 34 46
38 50 58 84
110 26 62 64
127 142 81 85
131 141
16 28 69
139 23 47
137 32 86
10 57 67 69
62 76
115 136 19 74
0 128
1 58
118 97
137 26 36
102 107 49 98
126 130
130 140 22 38
13 55 66
123 52 67
103 115
102 11 52
124 54 94
128 39 47 55 9 90 93
137 36
107 2
12 131 37 65
73 79
123 55
13 23 36
128 3 59
25 5 51
113 52
136 93
23 57 94
133 21 35
129 135
120 42
113 53 56
116 65 84 93
106 74
107 137
116 29 87
118 123 139 52 68
19 23 40 5 99
108 117 5
2 24 64 68
113 29
31 45
11 89 96
60 86
12 18
114 50
111 138 4 58 64 85 87
73 86
3 65 91
123 17 40
12 13 131 142 64
101 19 29 33
130 17 70
136 48 49
33 60
131 90 92
2 66 85
107 118 129
30 45 58 61 79
114 17 27 32
120 69 76 86
15 71 84
52 99
26 68
0 135 32 48 84 93
27 48 77
33 71
11 88
113 117 41 64 92
129 13 27 84 85 97
22 74
104 117 87
109 137
107 90
87 89
127 139 74 87 97
127 25
115 127 4 87
0 114 126 141 71
111 122 27 63
111 13 24
133 36 5 58 67 73
15 28 75
131 140 72
100 115 120
140 46
1 73
124 125 66
128 142
106 135
123 56
116 40 61
125 51 60 63
102 87 98
34 38
103 11 114 124 13 48
122 125
115 8
108 21 38 82
133 59 7 90
102 140 26 3 61
101 104 119 137 20 4
30 35 83
131 142 34 74
33 78 87 9
110 38 56
33 60 62
119 134 87
77 79
16 91
18 39 78
135 32 99
23 70
61 73 84
109 114 34
119 137
104 13
102 121 131 43
65 80 98
14 42 45 87
10 28 60 88
126 51
10 98
112 52 53 75 87
32 39 41 63 9
75 88 92
123 69 7 70
31 60
107 108 71
31 60 93
138 22 36 65 9
0 117 138 19 9
71 94
140 141 64
29 76
10 8 80
103 125 141 38 86 90
36 5 69
36 56 66
119 41
103 53 82
110 115 47 51
100 120 61
136 92
108 15 17
47 66 77
142 20 96
38 61
111 138 68
104 105 54 81 84
116 140 97
116 41 75
56 77
105 126 54 66
2 69
42 60
0 123 83
1 119 29
56 61
1 16 7
101 32 34
20 5
108 45 60 98
113 129 72
65 74
125 92
112 30 53 88
106 115 59
0 29
16 88
11 8 9
109 113 16 22 26 76
129 142
19 41 5 74
10 11 131 52 69 71
112 142 22 3 31
125 134 84
53 76
24 43 49 83
48 93
101 111 58
24 28 65
17 20 43 65
28 55 71 73
120 122 65
105 24 57 78
48 66 7 84
60 61 87
116 121 49
101 130 21 34 91
70 92
138 52
101 142 15 5
27 79 85
109 94
108 116 127 128 64 82
113 20 43
134 36
103 30 34 4
0 105 18
131 17
124 131 141 60
47 51 54 7 75
103 124
134 96
137 16 44
118 59 65
11 51 86
109 56 87
122 138 140 80
141 6 66 70 88
112 114 117 60
84 9 97
15 39
127 15 51
107 122 135 137 142 56
21 68 74
1 121 74
122 19
55 62
29 48 58
136 79 8
11 110 50
125 42
105 123 134
115 118 96
108 28 51 86
116 18 26 51
130 52 69
118 140 62
115 97
53 64
10 140 86
107 39 60
128 49 61 66 96
110 4 74
140 33 35 94
19 69 7 83
101 108 34
12 18 62 77
20 53 9
141 55 63 87
12 17
112 129 20 32 48 76
1 15 32 44
14 32 94
106 118 86 89
105 98
93 94
118 126 139 69 9
0 11 134
29 35 64
65 8
103 15 78
1 128
14 39 54 6
10 105 115
25 6 62
104 13 23
101 112 17
111 141 18 39 40 55
23 96
115 117 121
0 82
119 94
109 127 13
30 67 87 9
107 111 135 142 80
142 54 88
124 19 5
8 89
103 114 51 9
106 121 28 94
109 134
20 43 52
101 38
104 61 68 86
108 49 80
121 129 41 42
109 135
123 3
12 42
10 112 56
33 44
12 31 4 45 58
0 132 45 50 87
18 75
131 22
120 44 74
116 129 132 66 67
138 22
79 92 98
109 14 32 49 60 69
106 118 123
43 94 98
15 91
102 117 92
109 18
128 17 66
135 23 72
109 58
12 47 8
102 17 7 95
16 4 59 75
129 4
129 56
101 129 13 14
102 117 29 46 49
101 137 67 8
44 55 58 73
3 96 97
133 57 83
107 73
16 2 94
130 62
119 92
109 26 53
128 139 47
23 28 65
11 37 94
109 113 65 77 98
10 106 115
24 54
26 88
133 141 28 75 79
51 59
122 126 48
105 21 41 72
124 96
44 8 95 96
101 112 65
132 77
101 102 32 57
127 31 45 82 92
141 16 34
112 134 40
123 80
35 41
135 38
119 16 43 55
117 89 93
129 36
118 63
107 65
133 45 47 63 99
101 42
101 12 31 34 44
23 72 81
118 42 68 71
133 142 75
125 134 18 44 68
109 66 78
109 121 124 77 84
105 60 92
44 62
33 35 41 9
10 107 63
13 137 73 95
137 22 61 90 91
100 66
103 51
117 51 71 80 93
122 132 141
11 48 82
129 18 30 44
12 142 57
117 53
17 45
125 30 4 70 78 89
114 34 97
105 89
118 59 8
13 39
123 57 80
108 125 68
119 136 79
133 46
44 98
113 18 26 9
107 108 125
136 58 63 94
29 78
0 114 54
119 39 61 8
100 79
20 51 62
106 118
20 77
52 62 73 92
128 136 34
65 71 90
35 54 98
102 81
111 112 116
14 42 71 81
129 53 68
106 124 141 23 37 66 75 92
114 128 32 4
100 107 37 70
121 130 24 62
112 26 94
134 3
120 22 33 42 54
103 23 41 82 9
107 117
119 18 39
113 129 141 52
46 47
111 129
112 36 8
108 20 3 43
10 134 83
12 76 86 88
103 80 84 9 98
132 22 27
103 117 48 66
22 43 50 55 66
2 20 90 95
102 91
25 41 77
126 56 88
12 58 79
101 110 122 17 60 66
127 128 22 72
1 128 129 23 32 81
102 137 21 67 75
14 4 40 7
16 25 54
38 67 74 84
131 52 55 60
18 36
116 37
133 38
35 88
1 100 141 19 62 65
140 40 66
142 5 96
49 98
127 23 95
47 5
114 132 53 97
114 33
107 116 126 136 17
34 45 67 74 77 98
32 59 66
125 132
140 99
37 40 88
109 114 12 138
110 118 29
111 57
11 12 69 78
0 103 139 47
42 85
105 120 47
128 90
122 63
117 16
130 138 90
32 38 46 91
54 90
12 126 43
50 71
137 81 87
103 119 73 89 9
141 24 28 52 54 59 81
21 33
16 19 22 72 81
140 77
108 28
110 130 138 29 51 59
17 62
71 8
22 25 39 66 83
39 63 66 92
131 45 67
29 33 82
1 69 94
115 42 66 93
37 38 52 56
110 113 33 66 82 99
25 5 90 92
54 73 95
1 27 29 30 51 59 71
73 77
23 49 7
29 8 82
128 89 94 99
0 13 140 82
133 137 82
140 2 50
63 68
23 58
12 129 134 57 91
110 57 60 73 99
130 142 18 63 84 87
32 42 85
34 6
121 130 3 46 61
49 80
119 50
104 71
102 107 138
14 19 65
102 126
68 71 85 87
60 71
31 43
78 93
40 87
68 74 98
116 12 31 95
18 28 59
45 94
2 7
30 31 49 7
102 138 45 81
74 99
103 36 40 44 48 5 6
112 132 40 48 95
17 77 94
14 77
21 77 82
114 38 45 93 95
117 128 58
141 17 27 47 76
13 65 77
16 34 46 78 83
100 117
109 126 30 52 61
103 47 6 66
49 9 98
102 103 120 121 133 137 46 47 82
2 5 84
101 134
118 53 76
70 82 85 98
18 9
126 21
111 16 47
131 83
15 40
106 16 27 64
128 5 90
12 32
108 39 8 9
87 9
13 33 54 57 60 93 96
127 30
118 19 37
111 118 139 74 75 93
21 30
2 42 51 53 77
66 9
12 134 19 24 29
137 97
121 62 97
121 41 97
24 70
118 126 25
118 32 89
121 89 9
56 64 65
101 28
10 134 142 82
118 121 6 63 76
131 91
106 111 33 76
139 79
39 63
4 70 88
122 82
2 49
102 115
39 40
56 69
107 4 9
19 43 55 70 85
120 83
101 110 142 22 38 6 74
122 13
104 44 89
120 51
134 17
125 139 3 52 79 89 90 97
3 31 48 91
128 36 6 95
5 59 93
21 80
117 125 30 51
112 94
129 48
102 21 80 88
5 94
109 140 83
131 88
15 21
3 55
15 3 43 59
104 112
0 15 37 76
119 30
112 55 59 94
1 117 76 89 93 95
140 20 37 46 72
40 98
25 42 72
115 122
128 15 27 28
28 49
56 62
118 69
2 49 63
11 81
115 13 53 65 80
38 76
45 92
105 18 34
105 24 32
120 71
102 47 99
103 117 2 27
48 85
104 20 43
116 49 62
108 112 29 57 84 90
128 139 19 42 63 7 9
119 122 41 57 61
21 59
14 4 96
102 134 139
131 138
105 110 115 20
38 44
134 71
121 67 70
17 29 71 88
40 5 56
35 59 70
123 133 95
118 21
16 36 85 9
29 53 68
0 112
109 14 61
116 94
21 92
124 36 44 58
109 115 41
108 122 4
121 56 6 71
129 85
102 88
117 40
14 98
109 12 2 88 97
47 58
10 100 64 79
104 130 30 57
105 115 131 19 55
136 26 35
125 55
135 32 72 9
102 49 86
118 120 2
1 100 20 99
123 135 45 55
104 29 47 5
136 7 96
17 93
101 141 15 3 72
139 19 20 62
37 79 90
10 80
129 45 54 86
42 78 85 90
126 137
22 97
101 129 142 54 72
10 106 26 48 69 91
0 31 34
117 123 140 40
106 38 85
139 16 37
10 23 8
132 14
37 74 77 78
134 137 21 25 38
35 83
115 50 80
101 139 82 84 90
26 38 50 69 76 98
112 119 122 134 92
129 13 19
139 36
113 134 93
43 72
23 32 79
21 23 55 82 93 96
17 92
38 47 83 85
0 119 17
100 134 85 92
132 57 90
118 44
0 41 67 87
10 131 133 68 86
135 89 90
13 23
134 41 67
109 115 21 78 8 87
124 135 79 96
101 39 44 63
123 137
108 121
108 128 132 22 53
32 52
1 41 74
107 84
126 27 61 87
142 77
108 127 42 58 71
21 25
12 51 79
132 142 59
35 59 93
21 40 81 88
18 7
11 94
2 49 6 78
112 36 54
113 114 25 83 9
2 29 97
107 48 55
122 138 78 90
10 44 54
12 126 41
128 55
102 15 29 63
0 103 113 115 132 29 49 7
111 12
101 72 81 82
138 94
1 109
112 40 84
100 23 81
10 103 48
127 18 23
114 120 36 38
104 126 80
51 65
133 42
17 20
137 30 36 90
120 31 33
125 19 24 26 50 71
119 67 89 94
52 88 89
0 131 43 94
107 110 46 76 91
100 126 79 9 94
121 34 37
106 22 93
128 138 42 58 60 83 94
133 47 95
79 93
51 73
101 103 39 85
119 88
108 42
35 67 83
104 115 16
25 99
112 42 50 77
103 104 138 50
101 119 44 79
118 32
105 31 56 93
118 123 124 31 62 68 81
131 21 75
33 41
101 114
2 8
41 87 96
10 124 127 44
129 20 47
101 139
14 140 29 53 57 74 9
118 128 15 87
27 74
131 65
4 62
103 120 57
102 119 51
14 46 59 77
26 8 95
120 22 64 81 86
34 96
38 56 85 96 98
29 88
133 92
141 62 73 79
112 13
122 13 141 44
53 59 7
116 117 12 141 37 65
117 39 42 66 76
14 35 87 91
71 89
15 16 23
104 65 74
120 131 142 47 78
121 124 80
122 35
123 26
141 76
106 111 24 83 92
12 55
12 125 43 88
103 84
123 28
24 25 5 95
117 15 8
115 131 34
11 22
16 39
11 67
81 82 91 96
40 42 74 82
4 63 90
33 43 99
11 3 5 73 76 78
19 85 90
59 6 88
20 62
135 22 45 71
26 65 83
24 37 47
134 55
130 44
73 94 96
106 18 30
20 48 78
10 81 92
1 119 62
113 19
109 128 82
102 124 97
113 14 28 94 99
134 43
51 74
130 4
51 86
133 31 67
126 65
112 139
62 89
116 7 84 86
10 100 27 77
105 109 134 138
40 97
64 74
127 52
108 124
102 133 28 64 89
107 71 80 97
119 120 24 46 87
141 3
113 45
33 40 8
50 87
118 128 74
109 62
27 84
113 22 45
106 82 84
131 72 91
14 53 67
131 46 47
42 57
129 13 17 33
73 90 94
14 34 35 40 6
70 96
14 32 76
38 59
114 72
106 11 135
142 69
10 90
1 121 124
40 46 94
48 51 93
55 96
5 96
132 34 80
1 121 19 84
29 68 83
124 136
109 138 53 68
104 118 15 50
126 14 47 61 86
129 14
109 114 88
27 42 80
38 54 80
70 71
103 27 35 88
138 16
131 33 5
133 135 137 44
141 95
21 26 59
111 139 55 73
116 82 97
106 137 67
122 14
24 91
104 20
54 68 75 94
138 41
101 48 78 84
113 121 40 68
125 68
129 78
13 78
134 34 65
124 142 58
14 20 64 67 72 91
0 106 14
117 124 86
103 96
127 33 76
141 78 89
27 69
26 29 34 50 9
102 107 81 82 96
141 48 93
115 35 54 72
23 91
119 49
101 102 35
118 136 74
114 62 85
11 140 41 94
119 18 45 48 58 8
43 82
19 59 83
123 127 133
1 7 83
138 6 74
104 106 115 12 38 50 99
45 5
28 95
1 101 26 50 91
103 114 128 78 89
111 127 48 88 9
10 112 114 12 3 80
108 136 18 53 72
131 26 30 40 42 52 68 84
116 81
34 56
21 33 39 75
107 115 124 78 83 87 92
44 86
57 69 78 80 89
107 43
66 69 9
118 125
124 139 32 77
50 60 85
120 45 54 9
118 129 48
102 2
130 38 92
38 67 92
140 47 48 98
21 69
122 65
134 71 80 97
106 139
102 6 71
2 23 3 61 85 87
10 115 12 65
107 39 83 94
135 16 44 53
142 22 36 47 68
107 117 88
68 80
44 70 93 97
104 142 3 31
109 134 43 75
36 53 78
104 109 51
113 131 14
106 120 71
125 59
133 23 46 58
131 50 58
129 84
41 72 78
114 21 26 38
25 57 98
11 30
136 77
33 37 51 7
103 130 142 37 39 63
112 39
11 27 85
124 129 64
3 82 92
106 135 32 49 91
129 137 79
113 136 33 58 80
62 67 94
110 141 18 23 30 9
142 3
12 34 92
119 28 52
61 81
0 102
133 5 58 9
114 41 48
103 54 59 99
122 73
11 17 77
106 42 80
0 75
108 47 62 92
101 24
117 23
138 4 48 50 93
111 37 52
130 63
3 85
73 74
1 22 37
10 100 132 52
106 88
140 6 85
123 8 89 9
142 21 91
128 7 82
117 32 33
125 16 52 53 72 83
107 69
134 15 6 72
123 132 137 55 79 83
0 25 74
136 20 36 5
141 69 83 86
2 64
42 77
126 36 37 78
87 94 99
123 22 39 94
111 116 53 62 88
133 141 36 64 68 82
116 118 141
119 130 7 70
0 100 18 34 81
117 130 53 76
110 4 98
102 16 32 56 63
115 131 72 95 99
104 123 31
109 16 21 35 85
117 12 139 26 49 84
21 44 74
118 128
90 97
14 2 52 9
136 31 57 63 70
116 76
133 139 18 4 72
12 128 39 55
2 36 79
140 87
106 107 32 69
27 95
111 112 114 133 65
0 111 133
126 4 86
4 70 71
10 60
134 81
136 2 89
64 81
11 15 79
118 121 23
110 40 65
112 125 140 98
46 57
28 51 63
114 41 66
114 121 36
110 31 99
114 31 66
114 124 15 16 48 63 74 76
128 96
116 141 32
118 119 70
131 22 77 81
24 52
101 117 27
55 60 82 85
135 32 67
136 23
118 91
10 118 75 84
1 34 42 64
13 2 52
6 95
124 134
21 52
10 135 4
1 139 19 87
107 121 135 14 32 45 74
32 4 6
75 97
118 27 31 44
106 53 80 91
116 34 83
122 63 77 98
2 85
122 13 18 36 43
112 122 46 68
17 28 73
127 3 90 92
18 31 48
120 49 52 78
24 99
16 69 93
113 126 135 26
136 3
19 69
130 43
136 9
10 117
103 139 37
105 74 80
11 71
111 119 13 134 19 33 46 7
128 64
122 30
107 2 3 31 89
138 30 54 56
110 139 4 47 57
1 106 134
116 24 96
46 63 77
39 96
27 32 59 80 82
42 92
102 17 18 5
116 25
100 52
11 41 59 97
130 23 59
105 11 112 36 79
136 4
0 1 11 78
2 91
80 89
104 112 87 98
109 15 97
57 73
104 111 61 87
101 121 52 8 99
1 104 33 50 61 74 90
58 77
37 39 9 93
126 26 54 67
108 58
100 11 96
18 38 46 99
112 13 42
140 34
121 123 8
109 73
130 3 31 56
28 5 89
0 17 21 67
129 136 24 32
135 57 70
104 40
44 71
13 140 6
107 124
37 78 86
10 104
25 67 69 73 87
124 51
58 9 91
101 116 121 131 135 140 17 45 57
103 136 18 24 28 73
116 62 73
124 15
100 125 54
117 119 49
121 123 60 96
120 65 98
103 132 19 74
130 14 140 83
127 141
117 30 53 96
5 80
124 99
108 118 16 83 87 89 96
102 125
119 120
113 29 35 74 83
94 95
139 71
138 32 75
22 24 32
112 3
13 77
112 120 138 23 99
115 116 65 94
49 71
49 79
131 45
12 18 22 29 35
1 38
132 136 41 43 58
102 138 97
108 114 135
112 113 135
41 60
11 139 49 63 85
23 52
27 64
128 129 44
107 121 19
113 131 93
68 88
104 28 74
104 98
105 70 73 92
10 103 138 142 46 98
63 87
130 3 59
32 64
100 24
15 47 48 58
15 43 54
0 19 6
128 25 33 49 78
101 112 36 81 95
13 16 90 96
53 63 9
24 25 98
101 106 12 121 27 95
111 124 70
62 73
100 117 47
128 33 61
140 45 70 87
44 45 53 81
115 137 29 5
114 128
128 19
134 32 92
107 85
101 18 19 25 77
57 82 95
111 92 95
111 124 35 63
39 49 56 61
28 65 84
130 136
101 16 35 42
123 3 4 77 87 90
141 36 37 48
14 55 56 64 8
2 22 47 61
0 12 16 70
135 21 32 76 93
133 66 68
122 59
11 117 57
125 29 32 66 67
104 123 63 7 71 78 99
119 12 80
117 3
30 63 70
10 110 27 4
129 142 25 41
108 17 18 44 72 75
30 46 98
131 17 35 68 90 96
116 43
15 19 28
27 8 9 99
133 137 97
106 136 99
111 17 25 38
134 19 30 67 84
129 31 87 98
30 59 84
129 82
46 87
121 63
130 138 66 70 97
106 128 13
114 12 123 16 43 61
104 64
15 4
126 66 67
26 30 4
22 33
2 23 51 6 68 94
77 9
123 59 91
137 29
126 135 49
110 6 87
14 72 99
18 22 45
121 86
106 118 89
130 6
58 63
111 14 55
111 3 91
111 113
59 68
131 70 82 83
25 6 78
0 101 126
125 19 20 44
129 3 6
101 124
48 69 84 97
31 45 96
115 116
11 124 137 41 79
114 140 5
134 51
28 32 83
121 122
126 82 90
110 126 142 46
130 44 55 76
1 130
20 77 79
17 20 53 87
13 58 8
11 115 29
40 53 73 84
37 56 98
16 45 51 70
105 27 51 54 61 62
21 47 61
49 54
139 3 51
106 119
22 30 63
0 67 73
140 53 54 86 92
18 34
136 19 2 28
16 60
112 30 37 46 8
123 14 56
93 96
12 35
37 52
113 141 45
102 121
111 130 78
129 28 94
119 123 2
111 35 44
21 45 85
126 73 76 83 99
110 133 36
103 107 132 4 96
116 132 48
135 36 48 55 72
108 114 19 29 75 90
114 64
123 71
30 38 81
74 78 85
115 126 4 85
118 27 35 94 99
12 131
137 43 52
106 142 32
100 116 134 6 72 93
59 91
141 19 85
119 12 70
138 139 41 8
13 28 69
117 132 8
103 110 32
115 60 83 94
48 58 85 93
35 53 80
124 6
101 2 36 69 77 80
11 44 78
11 34
125 49
25 58
123 26 64 86 9
62 68 78 95
15 28 89
110 19 3 80
118 26 31 78
135 93
136 80
118 61 96
60 79
14 17
105 37
139 97
105 112 31
138 84 97
25 31
48 60 69
4 63
21 44
100 102 2 35 38
128 14 46 58
45 52 66 84
103 120 13
136 28 54 58 87 92
108 138 18
123 20 6 70 83
119 34 55 56 57 92 97
101 117 16 42
12 19 63
109 138 23 62 93
116 79
19 36 55
116 125 37
104 118
118 67
103 18 32
110 135 23 40 41
108 6 95
45 76
112 35 92
123 129 26 52
28 39
135 68 72
18 71
117 120 135 70 93
115 131 5 75 82
71 8 89
128 40
129 50
41 55 69 97
114 3 49 61 86
107 18 94
11 39 5
130 40 52 68 81
131 79 93
25 87
105 114 14 66 74 92
12 19 43 74
104 134 24 88
134 27 42
106 15
15 90 93
13 135 42 50
116 118 33
107 5 67 94
10 103
111 132 52
55 97
118 52
106 118 13 140
114 138 37 51
12 125 130 25 3 33 85
118 134 142 30 86
103 16
123 2 85
55 57 84 87
109 54 87 9 97
111 137 140 66 95
10 106
25 59 64
37 50 8 93
41 79 95
114 35
112 130 14 67 79
13 135 30 55
104 111 132 142 17 54 57 75
122 129
128 132
16 4 90 94
104 7 71 87
57 78
17 80 95
140 75 76
39 54
110 111 124 17
4 65
119 66
130 27 71
130 141 60
110 118
100 48
115 59 61
6 70 90 99
116 22 40
119 30 79
125 29
31 78
104 132 16 39 40 75
111 68 8
119 34 35 73
2 60 75
10 110 120 13 137 83
100 47 51
27 56 79 81
102 127 23
10 123 14 23 77 91
102 43
105 126 131
130 18
42 59
122 13 132 63
12 138 93
128 14 42 62 94
0 112 63
118 54 9
115 24 35
116 121
134 16 84 86 92
103 139 5
39 53
102 111 53
111 128 132 25 32 48
29 38 94
115 125 19 38 63
128 48 53
116 139 88
123 44 88
119 131 17 34
101 85
125 3 96
0 58
133 40 76
112 119 2 76
110 15 82
112 134 6 80
120 74
105 112
51 53 81
139 37
121 123 40 79
125 13
56 95
103 44
129 138 2 61 74 94 98
57 82
43 7 78 79
140 20 91
124 16 33 38 71
131 22 58 68
20 47 58
104 123 19 24
108 36 37 81
103 58 74
102 103 12 140 24 27
107 91
15 47 49 68
57 58
117 18 45
1 104 122 44
107 11 111 53
2 99
82 94
37 46
10 129
0 16 41 43 68
133 91
102 131 91
120 13 63 74
119 139 27 32 52 99
13 21
121 92
127 142 24 41 60 89
110 18 27 52 64 66
133 14 140 72 97
2 71 89 95
11 138 5 89
133 3
32 96 99
36 77 78
27 29
129 50 56 57
18 28 48
4 79 83 9
123 125 5 98
137 27
134 20 54 57 9
0 102 107 32 9
113 116
16 71
16 24 95
1 28
120 139 140 87
133 60 63 92
12 4
112 138 81 83
15 57 65
140 15
10 113 14
131 142
117 61
101 123
122 50
106 136 139
24 3 9
124 19
25 69
0 103 118 13 139 20 60
12 138 23 31 83 92
114 120 141 35 55 97
66 69
13 14 141 18 6 83 9
137 45 51 84 97
28 43
107 3 70
104 37 40 73 94
100 110 129 22 52
12 53 78 97
122 123 53
13 7
24 8
52 85
28 38 39
114 18 28 59 80
102 111
129 26 29
11 126
3 70
1 111 15 74 90
1 14 22 45 58
47 69 76
34 57
125 134 142 23 73
120 38
39 93
118 38 47 8
33 41 61 71
23 37 71
113 13 98
56 80 89
1 54 66
113 7
130 136 137 139 14 39
1 112 124 13 132 84
3 40 69 80
111 37 6 81 89
100 94
125 21 24 57 66
116 25 87
107 118 123 33
102 82 88
124 57 89
71 74 82
106 47
114 68
6 71 80
110 3 32 57
100 85
109 18 39
111 127 78
33 51 66 7
11 7
19 8
36 47 88
133 86
122 135 16
10 24 62
118 43 57
101 106 110
120 78
16 18 95
140 21 51 61 98
103 135 69 82
20 36 50 79 91
57 62 98
103 49
116 68 98
104 107 141 17 33 89
50 61 94
125 127 139 26 44
101 108 4 53 98
24 82
26 65
57 99
117 51 73
139 30 52 86 98
25 60
124 34 37 39 45
116 60
12 122 96
122 54
42 53 91
101 121 70
117 85 90
103 59 95
69 80 92
0 119 141 17
113 42
55 99
23 44 73
136 59
109 116 71
102 127 64
22 27 42
23 61 87
124 82
137 142 52
27 61 70
111 141
39 77 87
102 131 44 78
139 81 93
0 130 32 4
114 14 21 64 7
132 6 67 86
131 38 5
2 56
109 25 58 67
132 25 5
124 32
111 58
129 132 4
114 116 118
101 13 40
113 12
21 28 35 49 54
11 19 22 47
60 75 91
27 54 64
30 59
1 25 42 64 72
101 62 71
117 17
134 19 4 79
113 80 86 90
46 47 50 75
28 80
3 37 41 48
104 131 46 99
127 59 91
137 141
116 4 62 74 93
131 134 142 40
113 114 29 32 79
102 110 49 61 82 90
112 125
108 29
105 55
131 133 28 38 59
61 63
90 92
100 19 3 53 74
102 34 8 95
131 134
104 59 6
126 16 79
0 114 140
134 140 4 46
65 98
10 67
103 29
57 70
118 12 18
1 109 45
8 82
11 125 25 9
104 24 42 5 51 74
133 35
29 68 92
123 89 94
136 56 78
110 111 28 66 89
104 112 28 71 87
32 98
109 138 19
120 28
117 83
35 86 88
125 132 140
101 54 59 95
110 122 46 56
43 61 65
113 32 36
16 31 7 71
0 48 5
142 95
106 137 15 69
1 118
0 49
109 31
32 39 43
102 117 57
17 32 68
134 137 5 96
114 18
103 92
105 138 59
106 119 25 94
117 138 36 99
15 45 46
139 57 59
126 133 16 29 57 68
104 36 39 72
100 109 12 80
104 29
36 73 81
0 11 48
70 84
118 13 23 62 85
12 137 32 44 80
121 142 61 93
141 57 62 77
102 117 129
30 72
1 102 111 124 125
108 114 38 81 82
134 135 43 96
124 79
126 29 44
106 12 133 25 82
131 57 9
100 11 78
133 135 28 36 61 80
13 42 45 94 97
44 7
120 44
105 127 96
132 31 70 73
21 4 45 70
104 58
136 68 90
21 50 54
118 61
75 85
103 53 62 67 90 99
135 18 93
113 73
129 55 70 89
19 28 78 96
115 9
101 30
127 55 57
133 77
131 142 51
134 55 83
102 107 14 23 28 53 62
133 80
12 31 36 93 99
130 85
15 48 62
138 67 69 84
119 31 43
134 55 63 65
141 7 94
24 32 44 64 96
112 121 129 13 59 62
106 107 118 18 25 96
136 39 74
136 14 32 54 56 66
115 19
107 27
120 59
123 99
124 125 9
102 106 117 20
125 78 79
110 53
104 48 55
102 92
141 44 58 76
110 25 53 97
109 141 91
41 54 59 66
115 57
100 122 33
63 72 98
111 12 130 136 68 93
109 135 140 17 3
124 13 20 94
121 31 84
135 21 27 47 56 72
119 122 53 61 64 95
127 130 50 7
12 13
126 21 33
138 33 63
118 41
47 58 70
114 119 60 73
111 13 142
101 7 71 84
142 43 58
10 103 96
14 46
108 125 7
51 94
114 32 39 58
15 16 62
15 98
114 19 31 76
0 138
117 139 31 34 45
118 87
131 44 60
104 20 29 43
136 40 51
123 126
36 56 68 96
109 21
135 24 70
115 4 55 69 78
17 74 79
54 58
27 8
45 58 60 98
142 5 60 72
126 45 73 93
129 136 50 66 85 89
5 82
84 89
108 118
101 140 17 90
29 60
108 120 137 17 28 30
133 135
13 16
18 32
107 132 25
108 109 118 130 70
26 63
12 95
12 55 83
10 113 114 30 33 68 7
135 20
112 55 70 95
116 31 51
3 87
108 136
4 94
100 38
129 77
117 130 67 68
127 68
101 109 135 96
136 47 91
117 35 36 58
131 36 40
125 28 29 84 93
80 84 87
44 45 81
47 48
111 4 49 9
123 128 23 40
141 70
111 128 62
17 52 55
17 24
0 141
42 7
100 22
118 125 34 4 42 63
126 130 43 70
108 47
10 136 38
132 35 37
123 36 67
41 46 99
15 87 88 9
132 133 21 49 81
104 53
43 66
107 37 39
0 101 102 85 88
47 81 84 98
100 125 20
17 26 34
118 139 142 35 58
34 67
134 22 54 57
105 43 47 61
129 32 56
108 44 83 95
119 76
119 47 57
107 121
100 142
2 57
108 60
113 117 4 80
109 43 72
116 80
39 89
67 89
117 134 14
120 94 99
48 5
7 74
107 30 71 99
15 18 43 72 84 85
136 3 51 63
0 72
112 115 124 78
1 122 93
111 135 136 81 94
51 65 74 96
110 135 26 32 60
32 41
32 39 42 76
119 29 97
100 15 23 26 46
121 21
112 134 136
134 33
13 51 64 87
13 142
105 2 70
76 80 83
102 123 28 37 5 84
54 67
34 85 88
104 8 87
4 68 9
103 3 77
13 131 18 40 6 80
75 76
10 19 79
110 116 120 141 18 61
100 118
20 44 90
112 40 55 72
102 56
105 12 55
21 4 79
105 121 39
100 101 107 40 53 58
2 25
106 136 38 85
131 139 142 42 82
126 40 64 80
105 114 123 77 90
129 132 83
122 130 35 58 82
115 49
88 94
101 109 34 70
23 50 59
139 20 87
103 88 92
135 25 53 97
10 115 121 134 15
101 13 136 53 90
11 3 74 95
102 69 74 75
121 77
11 136 62
117 15 28
49 67
6 65
13 34
37 48 66
39 51
105 48
110 20 58
136 20 70
105 20 42
23 3 4 55 57 99
114 33 59 60
106 130 24 38
118 44 49
119 126 32 61
10 106 114 125
114 84
10 109 132
59 61 63
21 58 62
18 53 81
114 115 141 41 8 97
122 15 71 88
123 133 31 39
137 19
133 58
103 141
111 12 131 17 91
109 49
139 28 74
109 121 17
116 58
16 2 38
125 24 31 44 96
100 8
32 66 90 94
50 62
130 45
104 128 136 34 93
101 53 6
100 101
117 127 21 79
108 121 4 63
104 36 41 84
136 36 8
34 55
125 87
54 64
1 29
16 51 80 87
63 75
134 81 95
114 18 22 96
69 98
109 57
112 9
112 26 62
0 20 9
105 132 134 71 95
110 139 74
135 136
25 46 75
50 59
141 47 62
58 9 90
123 48 74
141 5 78
50 58 90
26 36
117 37
15 60 7 85
131 133 16 78
118 136 63
45 52 70
109 59 75
81 90
122 15 73 90
45 6
101 115 29 47 53
123 91
117 14 26 35
15 80 95
15 32
100 125 137 65 67 84 95
137 21 7
105 27 3 91
26 29
49 87
124 56
25 56
133 70
102 86 99
116 121 135 36
128 33 44 94
105 51 94
129 30 47 49 69
126 67
109 124 132 15 27 41 6 71
116 21 28
132 4
56 63
114 39
21 37 51
109 114 7
116 40 7
16 96 98 99
2 30
106 92
10 111 33 57
107 26 54
0 139 68
120 137 138 22
107 64 87
135 17 46 54 9
124 16
117 119 45 84 85
100 114 140 72 93
109 20
127 130 19
13 3 44 71
36 72
134 51 76
16 27
125 13 140 17 54 85
0 80
18 95
0 10 64 84
104 39 86
1 69 74 93
100 132
10 104 132 2
112 118 54 56 69
54 92
23 75
76 93
127 136 36 56 61
0 33
122 138 66 98
114 15 19 46
112 128 134 14 77 90
126 53 84
105 112 3 78
111 138 6 7
119 129
109 113
19 50 73 97
117 134 23
37 47
127 93
116 125 21 38 97
111 118 129 33 71
104 12 127 2 29 71
136 138
111 80
126 130 141 6
72 94
12 66
125 43 57
119 136 86
2 9
16 28 79
41 58 7 8
1 120 70 85
11 132 16 34
45 68
12 135 30 8
1 121 37
49 65 73
36 63 87
118 135 55
13 25 37
111 40 78
67 68
113 44 8 94 99
25 64
23 31 42 90
48 64 8
100 27 83 86
136 83
103 118 47 77
101 28 39 84
107 111 116 4 78 84
131 23 36 80 89
108 14 18 41
82 84 9
114 37 50 60
114 129 89
112 7
28 8
43 61
25 39
108 140 64 93
14 80
103 25 34 48 96
112 134 84 90
84 89 96
123 141
43 91
14 36 89
116 47 56
109 14
6 94
112 45 77 81 92
103 119 128 21 84
138 23 63
112 120 25 37 49 73
10 44
110 61
14 92
139 27 39
43 46 88
118 125 77 92
131 29
22 91
101 108 50 56 9 91
107 140 19 96
104 113 122 13 18 82 9
42 52
128 130 29 40 74 86
100 131 64
105 142 54
116 37 72 96
127 52 57 59 84
108 3 33 72 76
132 23 59
101 104 131 136
133 142 41 82
121 125
127 15 56
104 137 141 52 95 97
117 4
30 47 62 85
137 32 75 86
24 52 74
104 11 116 81 86
103 95
19 33 40 6
102 110 45 84
13 27 49
115 72
125 134 32 41 59
31 64
108 90 94
123 31 69
109 132 35 86
125 40 47 56 74
100 128 52
131 34
104 30 31 51 63
18 33 46 5
4 61
37 94
11 122 141 36
36 39
135 66
112 3 33 77
129 67 68 90 96
121 123 20 37 4 99
131 35 51 64
107 121 19 59 83
100 107
110 121 78
41 47 49
67 71 93 97
104 23
109 111 124 128 138
140 29 35
140 7
41 65 83
100 82
112 26
102 17 37
108 26 28
1 133 70
135 141 5 71
135 55 7
43 65
109 120 87
131 27
17 24 28 95
139 74 82 94
120 140 142 70 91
127 87 90
142 29 70 97
40 51 88
107 108 49 75 77
102 114 69
10 83
137 16
119 131 16 59 74 81
14 24 69
103 128 95
27 35
114 3 90
23 44
36 37 4 62 77 85
122 39 81 85
16 80
116 139
4 43 7
19 36
125 70 71 81
42 76
118 119
122 142 60
124 141 20 57 74
115 17 22 35 49 95
24 72 76 89 9
135 14 69
12 30 37 40 57 95
116 130 7 94
130 3 88
45 57 60
112 93
101 116 89
105 51 7
128 2 36
12 136 16 52 69 83
1 57 61
110 19 27
106 94
134 58 60 98
120 45
141 53 60
65 82
55 8 84
141 16 32 48
109 23 31
16 26 27
36 94
29 57 71
18 46 63
113 80
1 107 111 112 139 80
114 47
118 12 122 23
129 7
113 49
111 13 18 39
120 49 70
41 75 81
120 132 46 50
100 106 82
42 51 76
102 127 66
128 42 98
34 36 57 84
0 108 136
125 46 69
58 97
115 119 125
23 82
59 94
119 32 58 76
128 35 64
120 13 45 81
11 14 4
109 42 73 80
108 120 131 35 86
127 135 83
51 67
135 31 76 85
105 38 60 76
121 123 139
101 133 23
105 117 4 73
42 75 86
121 130 3 80
104 20 42 51
105 47 90
128 27 31 36 55 90
11 47 50 57 71
57 81 98
129 130 73 92 94
141 62
51 63
117 130 17 24
105 126 9
122 124 8 91
107 66
116 85
124 14 15 59
117 126 35 59
1 124 20 74
19 5 61 87
101 133 91
21 62 91
20 63
122 139 51 67
109 139 36
105 41 53
138 15 22 7
40 41 7 8
131 32 33 92
118 24
109 53
66 72
28 36 93
110 56 71 78
112 73 98
114 126 57 9
53 65
111 121 127 132 65
128 21
137 22
33 83 92
116 15 34 52 93
113 15 68
114 34 71 73 94
105 140 20 7
13 140
106 112 126 139 24 31 51 86
107 32 9
19 97
1 109 23 24 37
127 128 53
13 40
13 140 54
22 51 6 83
4 84
134 5
54 7
30 33
126 129 132 23
117 27
35 5
10 22 6 77 86
13 63
47 9
120 126 62
119 124 137 5 79
56 87
122 20 34 66
14 28 54 55
1 11 128 17 87
26 34 45 55
136 27 9
12 16 18 73 82
2 23
125 53
1 82 88 91 92
103 4 84
115 60
42 64
134 139 14 91
26 38 42 46
111 137
11 125 20 61
130 44 51
108 24
129 43 91
133 17 41 88
32 39 82
20 53 78
108 141 73 89
133 25 81
13 27 32 58 75
133 2 65
42 56 57
118 138
28 47
10 16 88 92
113 6 64 91
13 142 30
140 15 64 70
0 106 30 34 8
129 135 18 23 67
0 119
116 118 129 23
122 58 80 97
129 66 90 92
112 137 38 46
107 114 14 35 42
104 114 68
127 18 3 38 46
15 27 7
128 37 5 79
17 58
141 67
10 45 8
131 142 49
105 12 45 60 83
101 18 50
21 50
102 43 44 46
100 40
1 135
43 44 58 60 82
108 53
41 80
127 142
103 134 38
11 112 125 90
64 99
21 61
36 52
107 29 31 58
128 139 90
128 130 26 76 77
123 23 44
19 55
10 71
116 13 60 78
28 52
101 34 42 78 8
104 127 39
109 52
120 28 69 79
62 69
42 64 81
135 45
116 138 9
126 18 50
29 61 69 84
21 24 63
135 77 78
140 42 5 82
49 67 72 76
142 49
107 48 53
34 98
10 14 59 65 70 79 93 95
118 46 6
109 114 116 128 19 73
138 26 6
20 47 6 63
19 4
128 27 30 5
30 71 72
104 106 129 56
79 88
12 88
17 54 8
103 48
126 128 2 83 95
118 79 88
103 139 29
117 121 127
124 76
0 109
113 40
30 90 99
11 135 20 51
1 122 80 88
108 38 44
105 44 75
119 130 23 48 90
120 126 127 27 33 91
107 25 84
28 71
140 46 82 97
112 49 73
112 134 68
10 15 69
12 46
108 34 72
130 2 54 71
101 61 83
129 88
128 33 69
25 8 94 96
100 114 133
122 43 54 85 93
114 140 29 50 94
121 127 34 44
107 134 42 94
114 133 83 91
130 134 66
46 8
26 38
11 140 15 43
101 115
121 130 4
129 131 18 91
111 60
119 69 86
59 8
103 16 43 68 99
124 54 83 98
25 33 60
128 81 84
44 60 82
119 52
115 133 137 38 57
139 141
112 117 121 22 63
107 13
101 25 37 48 98
109 133 88
13 90
115 131 91 98
25 53
109 116 22 57
142 52
141 59 72
0 13 20 5 60 84 89 9
24 45 58 63 77
113 138 69
111 39 95
111 112
77 8
124 96 98
135 96
18 52 61
20 98
103 135 45 80 89
108 79 94
62 90 98
103 104 139 55 70
26 80
105 33 89
12 89
59 96
43 79
105 133 15 48
62 7 81
37 62
112 138 56
10 77 9
15 57
141 26 32 81
41 92
107 59
129 93
11 36 64
140 21 49
123 43 98
110 17 53 61
31 63 98
17 5 83 90
104 51 88
12 9
137 24 74 90
105 12 14 55 60
18 8
43 54 61
117 15
33 39 69
115 27 3 30 74
20 21 44
42 60 82
41 83
27 7 98 99
103 112 133 134 83
81 93
69 82 87 97
101 106 6
123 46 7 85
119 27 44
11 15 32 88
18 19 36
3 99
39 91
104 50
131 72
108 121 26
10 124 28 91
56 6 73 80
26 54 58 73
105 27 76
100 20 69 77
133 98
35 85
134 85 88
114 22
1 128 26 30 33 34 37 38
18 27 46
114 98
78 80
117 96
102 134 34
35 42
118 26 5 66
109 21 26 98
21 58 70 99
119 134 35 36
103 130 88 9
120 138 6 64
139 54 67
115 48 8 87
103 97
30 51
106 125 33
53 66 77
113 75 83
90 99
113 116 82
21 31 63 90
120 84
111 28 83 93
40 48 65
141 76 99
140 17 3
101 141 29
81 85
101 8
106 28 42 79 85 93
124 77
43 54 62
0 16 89
1 119 27 92 96
14 99
102 124 125 2 62
52 93
1 18 49
110 125 138 23 40 69
54 66
135 57
1 66 97
126 41 53
82 93
130 67 87
59 72 77
24 49 63 8 97
100 53 55 72 74 83
13 38
0 138 73
131 75
108 60 88
109 11 121 82
104 26 29
108 22
106 129 133 64
102 142 49 61
111 118 32 61 72
111 134 9
57 69 92
142 18 52
134 21
108 88 90
11 140 22 23
110 117 80
115 117 84
129 24 56 72 79
137 82 87
105 125 44
35 54
111 135 18 25 47 73
107 81
19 47
141 42 79
104 105 12 125 13 86
132 142 65 82 93
15 73 88
111 113 138 31
115 132 139
21 69 81
112 131 60
122 123 16 83
105 69
12 38 60
0 108 134 45 52 90 91 99
23 29 71
105 134 37 50
55 58 75 93
40 54
121 37 45 60 66
105 78
119 130 51 80
40 8 9
17 21 48 77 85
68 8
114 51 66
34 75
30 4 50
105 40 54
53 78 84
127 16 18 30 44 73 97
10 5 60 69
26 73
106 17 71 77
107 132 133
113 142
122 137 142 39 74
126 132 22
28 33
111 90
22 67 91 94 98
131 59
2 22 75 77
117 22 33 86
34 52 57 81
113 122 25 28
119 125
109 28
113 114 134 138 15
118 130 2 49 70
103 75
26 35 50 65
42 65
130 37 4
103 12
43 69
125 88 93
3 6 9
101 48
130 141 42
129 41 88
118 141
124 90
103 113 139 51 83
41 85
118 121 82
32 40 61 84
14 28 35 45 72
101 134 7 71 95
66 74
12 53
10 109
116 126 48 96
128 53 97
126 24 87
44 77
10 130
132 49 80
114 49 5
111 135 77
74 83
22 30
104 127 69
101 22 8
115 52
36 8 96
137 72
127 46 60 72 80
132 31 63
102 107 11 29 40
14 20 97
104 22 55
10 124 41 91
18 2 68 7
38 79
115 131 18 25 91
141 46 53
129 38 62
114 116 22 78
140 27 71
104 115 133 134
134 19
1 129 31 92
124 41
109 32 68
16 39 83
135 42 90
131 133
129 40 82 97
110 41 72 77 83
32 36 59 87
11 124
116 117
107 122 37 87
41 6 80 82
120 128 129 139
105 36 62
16 36 65 99
126 135 139 21 45 77 94
26 50 51
87 88
101 121
103 58 97
138 18 28 39
109 39
22 23 80 83 93
106 68 77
104 106 37
128 130 94
20 37
29 52 54
0 141 59 87
122 26 37
53 73
128 21 95
0 100 119 12 19 44 55 78 80
140 141 27 77
10 116
134 65 75
134 40
109 128 34 63
14 49 87
100 133
139 140 94
113 128 21 67 70 80
20 26 29
14 25 30 51 61 75 92
115 119 15 56 61 94
123 82 94
120 16 28 38 94 98
23 3
36 68
3 35
39 60
107 92
109 118 119 136 17 24 48
137 5 79
105 93
32 62 69 97
137 87 9
46 50
10 118 24 25 39
24 35 69 90
33 99
142 23 64 9
25 85
112 125 32 38 5 80
113 133 3
1 100 102 121 23 47 80
19 48 49
16 57 94
