123 136 38
106 6

46 82
115 53 62 93
123 60 89
124 86
17 32 70 75
18 21 60
108 130 29
68 96
17
19 5 52 61
15 33
106 65
34
7
23 64 67 83
32
69 73
100 125 139 50 67 92
28
18 47
123 88
110 22 30 56 58
34 4
119 12
106 20 80
35 4 5 7 76
20 59
128 142 70
8
19
138 2 60
137 47
0 1 10 12 123 130
127
65 72
136 49
104 124 126 17
57 76
59 70
29 79
36 95
101 138
10 141 69 78 90
112 78
128 2
113 124
78 91
21
51 70 84
114 133 52 98
109
74 83
75 84
118 124 18 7
54 59
75 81
124 18
115 28 31 58
135 43
44
106 12 137 24 57 80
109 96
71 75
11 132 56 91
49
50
0 114 119 95
141 72
108 13 23 71 76
122
38 58 8 82
104 23
82
123 141 25 53 74
137 14
102 74 89
101 140 65
133 93
133 3 74
36
138 15 17 51 59
38 6 79
130 29 91
78
32 6 66 78
121 64
137 16 34
77
120 78
108 119 16 18 33 46 82
26
110 19 90 95
105 137 46 58 59 99
22 60 69
10 22 30 37 91
96
5 98
134 36 44 64
112 16 28 41
110 120 35 48 77
124 60
23 47
142
138 142 52
115
21 67
1 142 60
101 43 78
107 83 92
101 103 128 142 94
135 74
73
122 15 38 40 58
131 29 38 45
111 26 51 7
89
107 135 60 74
117
118 59 63
117 64
133 67
13 53 72
116 139 14 81
1
126 128 92
118 124 36
125 132
79
107 19 5
0 141 27 42
47 60
125 99
121 6 76
122 33 62 73
0 136 19 5
129
33 50 62
140 141
31 92 98
131
107 113 138 68
100
135 4 44 64
33 46 49 93
11 141
100 130 68
107
30 39 52
28 5 53 71
114 43 83
11 30 61
102 113 15
139 16 56
107 135 30 41 68
50 87
102
121 18
43 63 65 8
83
117 128 97
128 33
117 81
11 141 50 61
64
46 75 83 86
106 77
45 83 90
110 135 39 51 90
45 66
119 2
139 83
112 121 76 88 94
33 53
94
13
81
112 117
51 8
135 29 71
36 38 55
17 23
134 37 75 85
121 142
112 13 21 47 7 81
50 66 71
101
13 39 81
111
101 104 99
112 68
104 117 75
18
115 95
60
121 55
100 101 51 73
31 64 74
109 139 141 29 38 92
110 137 38 9 92
48 51 52 54
141 47 83
129 57 67
117 56 81
112 21
69 78 84 9
72
10 11 77
46
142 24 85
30
134 86 93
0 123 43 72
10 106 37 43 68
138
109 114 128 30 46 96
59
93
121
1 27 64
71
122 131 26 39 42
118 46
101 89
70 90
29 56 91
100 84 90
16 48
112 129 51
107 21 50 79
139 24 37 51 62 75
141 22
23
126 30 83
100 33 43 68
113 122 49
43
114 115 135
22
1 116 12 17 43 58
104 21 77
110 121 135 16 49
120 60
123 128 61
109 13 37 53 61 82
105 117 92
105 25 28 67
114 55
101 78
15 73 91
29
10 2 53 97
55
101 81
110 78
114 30 66
115 29 69
38 69
102 106
132 14
109 56 6 73 74
136
63
15 36 96
118 65
107 25 57
120 13 2 55
17 54
123 135 29 43 48
108 116 126 17 47 52 64
5
124 43 65
116 61
105 40 71
6 91
122 141 38
120 78 84
101 103 136
14 21 30
112
133 18 79
115 120 28 6
25 49
14
108 124 21 97
114 125 135 82
115 33 78
37 92
40 66
27 28 37 77
113 45 64
31
63 7
14 98
12 63 68
125 20
137
26 30
134 50 68
120 84 86
119 131 49
138 80
135 96
106 114 20
38 93
132
113 115 13 37 65 95
2 53
135 57 65
116 142 19
47 57 76 84
10 118 42
139 19
131 36
0 39 75
91
134 14 28
105
34 61 91
139 3 4 8
138 24
44 69 83 90 97
102 31 59
28 85
36 72 90
107 11 112 114
32 9 97
21 37 59 90
31 43 8 94
126
48 59 67
13 98
26 75
111 73
110 82
15 29 6
140 32 73
123 49 86
105 120 58 69
79 94
15 45 75 89
102 77
100 120
93 97
135
42 44
102 55 77
133 20
110 56 84 99
0 85
37 89
118 51 97
112 115 138
100 115 128 70
0 138 49 97
88
16 26
109 6 60
120 24
101 74
39 90
0 16 69 8 92
106 110 128 137 140 45 87
11 20 93
107 12 34 66 69 84
65
29 3 44 74
22 71
39 53 65
120 80
37 90
42 75
105 136 38
33 8
31 7
114
43 44 62
120 54 68
97
17 37 74
139 98
112 29 83 94
110
110 122 20 76
45 72 83
32 35 49
131 54
132 18
112 26 57
3 5 63
41 77
76
108 135 36 40 67
124
28 98
111 54
65 73
41
134
107 132
130 141 142
101 13 35
113 126 73
52 76
121 37
139
121 2 6 86
114 33 42 44 88
102 73
104 107 139 48 69 71
0 138 49
102 5
104 3 99
18 80
71 75 86
137 74
112 12 35 59 86
100 11 20 55 90
114 123 129 140 87 99
21 3 47
19 62
121 54 76 96
103 131
136 2 70
125
9
101 135 67
55 76
13 134 40 71
0 119 129 20 43 52 61
77 95
1 13 136 25 64
117 73 97
62 84
133 42 75
107 19
0 108 128 18
101 135 57
123 4 72
1 13 19 35 46
100 137
110 132 16 89
109 36 41 48
102 46
140 42 89 90 94 97
10 94
106 25 31 79
98
118 125
108 28 91
130 17 9
100 65 69 76
133 134 69
11 122 33
27 34 5 53 56 79
110 3
33 91
110 116 93
133 63
107 24 44
12 121 48 59
0 129 16 8
16 97
3 59 7 94
113 27 37
10 103 122 99
128 67 82
121 131 7 9
33 5
15 18 68 7 78 80 91
67 9
127 133
2
106 111 135 141 33
87
121 17
125 18 21 75 97
104 42
106 36
102 12 4 97
124 28
11 46 64
59 75
0
89 96
142 33 86
38 7
10 112
68
101 46 61 70 80
42 5
0 117 119 60 73 8 99
101 48 67 9
127 128
11 131
40 8
22 42 91
129 86
133 7 82
120 29
15 4 50 59 83
22 35 63 73
52
5 80 88
10
116
49 58 99
116 132
115 12 53 60
1 113 26
33 50
103 126 134 47 64 66 92
0 121 137 70
108 115 83
85
69
130 19 66 84
100 128 75
13 40 76
115 126 49
32 37 40 52 56 8
108 52 83
133 49
128 22 38 86 9
84
106 71 90
0 123 21 28
115 116 72
102 48
16 67
125 44 5 56 81
132 139 19
134 59 91
33 41 70
122 85 97
0 31
130 138 20
0 124 66
23 24 65
78 9
11 127 40
33 40 75
74 91
141 21 22 99
126 25 32 38
104 111 137 87
0 20
122 30 64 80
103
14 47
109 127 140
14 8
0 102 141
104 16 7
102 140 54 8 89
109 22 89
115 119 48 65
41 56
117 136
19 29 76
129 22 41
43 60
22 32
130 22 3 76 88
104 27 46 85
61 89
17 73
118
102 9
38
106 12 141 20 40
106 26 87
1 121 20 25 78
139 31 45
141 8
134 137 24
138 43 48 88
108 129
119
33 44
47 58 6 86
17 9
47
95
100 118
21 92
107 119 80 86
69 8
117 55 65
120
100 134
122 51
138 58
25 33 37
12
120 137 97
1 55 85
33 82
0 56 83
36 48 74 80
140 97
44 53
1 13 84
111 99
101 104 106 14 142 93
48
26 3 68
62 76 82
131 55
102 127 29 39 48
136 54 55 92
56
107 140 99
27 45
86
25 68 99
22 7
112 125 67
0 34 37
42
128 79
100 117 89
14 21
100 136 33 45
51 83
115 28 50 71
113 13 134 19 25 28
109 14 34 77
22 6
132 21 46 57
100 136 24 80
112 32 4 99
28 79
111 16
14 5 53
10 27 37 81
13 81
111 72
136 29
0 117 25 49 76
119 49 79
130 23 28
121 60
75
122 76
11
115 116 36 75
19 33 38 63 83 89
31 73
104
32 38
119 69 94
32 7
100 108 11 120
20 44 48 93
115 61
123 69
136 27
129 48 60
112 132 28 33 77
129 133 98
7 95
2 71
12 129 69
48 64
63 76
114 83
1 13 130
111 132 67
10 84
108 128 43 67
101 15 32 68
133 22 72 97
11 31 32 45
40 43
128 138 54
0 114 42
103 113 135 23 58 97 99
116 140
13 18
12 129 135 19 39
37 46
20
101 130 49
129 71 92
105 123 3
124 37 79 89
113 13 137 27 51 55 79
134 137 33 70
120 37 8 85
30 91
140 42 82
22 36 93
36 42
25 69
66
128 134 18 51 93
35 98
138 87
116 13 140
134 95
80
68 89
33
25 34
116 72 83
23 34
21 8
24 81
12 3 61
112 116
19 37 54 83 85
0 4
117 20 41 75
117 49 63 7 98
114 18 31 43
123 126
48 68
136 33
63 85
134 36 54 66
12 125 62 65 9
24 67
13 25 43 50
1 129 136 14 50 84
121 14 84
4 42
13 132 90
31 66
119 124 132
27 7
101 12
125 58
109 134 68
111 24 42 71
112 125 28
32 95
14 44
49 87
129 95
100 107 134
11 66 77
103 53
41 50 54 55
19 22 79
113 83 92
140 69
101 21 81 91
23 40
0 109 20 44 71 92
101 2 80 87
109 53
21 69 71
114 128 48 61 76 98
128 71
106 4
39 41 45
101 55
41 99
134 139 44 52 80
105 18 59
103 18 86
84 95
18 4 83
134 4
2 43
25 57 71 79
25 45 79
14 60 81 86
131 21 98
58
118 38
116 8
127 35 64
113 82
47 56
61 7 81
42 65 84 90
23 45
141 56
44 80
112 16 91
108 119 124 23 25
115 93
118 135 27 4
92
46 53 83
37
45
61 66
15 73
2 35 70 93
104 35
36 37 4 50 85 93
35 74 80
120 121 13
125 21 33 39 72
139 40 50
141
4 79
119 25
20 88
107 123 134 23 69 96
141 95
134 70 87
34 43 67 85
53
10 135 26 30
10 118
136 16
142 36 60 83
140 35 60 65
105 33
107 11
126 139 40 45 47 73 88
29 87
131 134 61
111 114 74
42 79
21 33
128 3
67
39 55
13 20 73
130 33
120 19 40
131 38 71
105 11
115 116 19 71
124 126 23 57 59
116 32
123
131 140 4
0 17 64
104 142
120 129 50
42 55
19 27 76
27 37
121 33 93
107 113 19 3 71 76
138 14 2 3 90
135 42 64 65
17 24 28 85
124 38
112 39
136 72 90
105 107 59 66
116 54
129 60 69
61 9 99
39 41 70
122 24 42 64
1 14 74 81
11 138 17
129 48 54 57
10 108 15 72
142 83
3 36 57
39 62
124 127
4 41 78 89
105 38 45
17 93
133 138
113 32 46 90
76 86
23 86
129 34
101 108 94
12 14 15
141 37
140 71
10 109 36
122 30
107 112 75
126 15 59
54
134 27 62
140 79 89
128 70 85
140 8
35 38 41
16 53
122 125 26 52 99
100 54 67
106 15 71 96
11 8
32 7 72 79
123 22
23 42 63 88
129 14 140 68 84
0 135 45 58 7
109 72
49 7
112 118 56
102 115
16 17 76
48 94
20 45
121 86
103 115 43 96
108 30
130 55
108 137 141
24 93
128 134 87
19 65
16 19
128 140 37 55 95
62 93
105 50
30 72 81
103 104 116 57 73
100 25 37
125 133 20 32
24 31 86
139 7
107 34 86
120 34
127 142 16 4 50 7 82
115 56 6 85
105 29 46
45 50
69 75 89
104 123 124 61
101 114 120 23 91
124 127 55
24
85 95
0 130
111 19 34 36
114 117 21 92
19 88
121 31 5
48 54 91
130 19 7 72 76
131 132 44 66 77
35
40 82
3 61 65 75 92
117 43 50
128
1 13 22
114 125 128 140
119 22 75
103 33 77
101 127 2 20 35 51
24 85
73 74
83 96 97
142 19 51 60
3 40 79 98
106 13 25 84
32 62 64
76 87
61 94
73 82
141 26
5 63 84
122 24 56
133
109 118 99
142 57 73
135 3 89 90
53 83 94
124 87
12 43 56
27
124 50 57
24 53
133 41 7
5 62
132 29 80 97
100 92
27 64 79
136 55
100 128 2 21 81 92 95
111 39
119 134 5 6 8
130 132 37 5 58 82
25 51
129 135 71
113 6
111 124 77
132 43 96
132 139 30 34 44
34 90
15 17 73
116 118
35 50 6 63 65
70 97
105 19 63 67
59 66
103 119 121 135 81 82
117 121 140 46 59 78
102 107 30
115 76 92
89 95
1 64 78
102 38
111 36
2 7
68 70
1 129 138
101 59 80 82
123 43 78
10 126 52 67 7 75
112 117 27
125 15 61 77 79
51
16 90
9 92
50 67
127 46 79
110 13 78
121 126 22
0 18 27 35
38 54
120 127 69
23 54 73
103 117 136 88
136 15
101 103 115
137 35 89
101 122 129 68
35 62
139 79
70 75
104 5
49 85
127 93
115 116 17 52 95
38 96
22 28 89 98
121 30
59 83
12 65 91
108
57
108 127 132 27 48 64 80 92
114 136 139 93
33 34 69
55 7
135 30 32 53 55 97
130
54 57
11 119 36 59
10 106 131 22 79
122 124 142 29 83
114 126 64 71
141 41 6
120 129 132 98
117 122 55 99
138 18 30 89
34 7 96
5 56 8
43 59
122 49 8
8 88
126 45 62
142 61
123 31
61
137 35 80
40 72 81
104 70
104 116 125 126
56 94
10 75
107 11 120 138 32 39 69 94
53 94
45 61
17 52 58 6 87
120 132 136 37 53
45 49 59
134 135 55
100 105 138 36 44
125 137 35 72
80 92
109 114 125 43
112 24
100 21
132 49
111 120 126
39
2 25
13 43 60
24 29 54
128 54 65
106 93
103 121 79 93
103 117 88
36 72 99
29 32 5
23 84
108 114
103 22 50
2 28
22 34 50
136 40 56 6
125 129 141 24
55 80 82
25 56 67 7 75
119 36 37
72 78
142 64
0 133 51
106 126 57
47 65
26 28 55
74
125 129 37 75
120 138 24
22 44 58 61 82
113 124 15
29 68 91
117 31 40 5 87
108 114 118 36 82 90
142 39 94 95
135 4 92
42 54
49 82 83
40 45 79 83
104 17 35 64 83
31 87
132 19 82 87 99
13 139 6 62 64
139 37 47
22 62 64
100 137 55 61
116 27 31 52 74 78
113 114 40
101 23 80
136 33 82
15 30
0 26 41
27 5 54 78 85
32 71 73
116 35 83 85
1 126 28
109 65 80
119 69
42 57 97
13 19
25 60
106 50 7 83
100 101
115 131 28 34 64
49 67 77
112 51 63
76 80
26 3 94
39 90 92
78 90
1 58
74 97
102 105
116 43 87
101 13 36
130 32 6
129 98
123 129 18 74 85
103 60 71 96
14 74 80
68 74 83 99
113
135 33 70
142 62 70 83
127 42 68 93
43 77
10 61
119 57
63 67 92
104 136 25
103 125 131 36 78 9
66 98
100 132 49
106 138 14
15
19 84
12 137
101 61
109 112 13 35
66 95
24 8 81
117 19 40 45 5 71
121 26 65 68 8
20 70
47 6 71
125 18 28 46 65
19 50 74
136 142 84 98 99
102 111 120 88
13 75 86
103 110 34 70
15 52
25 65 93 94
104 109 12 137 87
141 59
65 77
1 80
26 81
133 62 73
109 125 130 74 81 97
105 134 36 37 65
100 102 34 43 61
106 126 137 29 68
116 139 64 94
111 12 22 46
136 21 3 60
114 24 9 91
60 9
29 73 96
39 65 83
141 40 88
124 92
126 56
112 118 47 52
3
59 60 91
105 65
101 38 74
115 75
3 34
59 98
119 37 90
102 133
118 52 72 75
114 30 46 77
119 62
118 46 63
30 33
25 68
16 2 40 79
101 11 132 43 49 75
0 101 95
127 19 61 65
118 56 65
115 127 28 48
115 138 37 85 9 96
108 23 43
133 42 5 69 85
11 56
109 137 91
101 141 72 74
53 82
29 49 56
117 133
141 93
35 6 60 65
21 3 65 8 94
105 116 29 49 59
110 23
11 112 30 53 54
115 142
23 79
10 124
40 62 64
114 9
63 79
20 59 7 86
58 65 99
53 78
103 41
50 79
135 141 64
15 5 80
91 98
21 27 41 97
100 41 68 75 78
13 70
131 38
119 75
78 99
115 79
126 69 78
107 111 112 120 125 91
125 133 37 47 67
34 67
105 112 54
123 129 22
120 57
9 98
111 21
41 7
36 46
19 83
4 7 71 8 89 92
55 64
111 141
115 55 84
0 23 44 62
46 47 93
103 118 122 131 4 65
136 18 29 37
51 75 87
136 25 59
102 110 138 59 99
125 46 59
110 28 48
18 63 91
11 58
109 18 58
131 99
22 77 78
3 38 52 67 68 74
110 13 29 31 38 64 78 98
13 23
137 4 75
13 2 44 63 79
47 57
110 3 50
0 129 50 59 66 73
18 34 7 87
0 141 77 98
137 16 29 47
22 59
63 78 96
72 79
37 70
19 6 68 70
114 3 38 49
14 34
103 136 2
135 63 9
69 92
10 139
105 113
101 122 141 56
141 61
2 28 39
13 54 71
124 49 72 79
133 21 57 69
4 66 99
11 111 68
116 136 86
108 121 61
53 71
114 88 98
116 5 57
109 24 93 94
118 13 35
119 33
12 13 89 90 93
1 66 69
17 51
23 92
11 21 49 59 68 88
2 35
0 100 112 41
123 130 132 137
119 89
81 98
131 14 48 51 52 87
0 103 111 34
119 17 57 92
26 7
56 58
69 7 86
108 121 20
136 39 57 9 92
1 70
25 87 90
4
1 119 84
107 18 20 93
67 82 97
112 54 59
113 120 40 64
1 17 62
79 84
129 87
112 12
50 82 83
123 84 87
133 27 56
100 137 20
122 67
72 85
137 141 64 92
103 37 78 90
117 140 54 81
1 7
140 63 76
118 71 82
10 44 80
123 64
131 22 6
40
124 13 15
52 62
116 4 43 91
30 34
74 85
138 22 37
13 56 92
101 111 113 6 84
66 72
12 125 130 22 53 63
112 62
39 41
132 137 17 28 56 85
111 31 54 75
105 14
101 115 3 99
100 21 50 72
30 39 66 68 94
110 23 54
20 76 77 80
101 103 123 55
17 39 81
140 26 40 80
137 40
20 96
31 59 92
1 114 48 6 87
0 121 43
134 141 22
68 99
109 64 76
128 37 42
129 29 68
16 81
20 5
117 97
113 9
101 15
31 61 73
130 20 30 37
112 14 141
15 54 72
83 88 90
100 18
105 111
119 13
107 5
132 135 2 38 42
139 34
23 3 96
127 89
21 57 65
107 109 114 116 19 25
106 78 81
104 105 135 48 7
10 12 29 64 66
10 134 17
114 48 70 82
106 131 91
50 56 6 84
131 142
57 73
100 125 138 48
124 129 90
126 80
100 108 136 40
17 48 80 90
105 109 142 95
135 47 61
108 112 132 33 73
132 76
103 79 81
138 71
15 95
119 93
10 100
132 142 34
105 56 6 78
0 134 15 48 77 93
50 92 98
131 2
124 71 77
0 104 142 28 37 95
101 108 22 94 98
102 41 43 56
18 45 74
0 135 5 74
104 105 107 14 89
38 91
139 28 43
122 32 7 93 94 97
11 142 28 64 73 8 84
0 57 7 77
16 95 98
115 135 83
112 14 65
44 89
2 38 4
101 9
141 53
100 119 56 94
1 135 139 43 52
107 68
18 20
28 60
10 58 94
101 60
139 51 62 81
135 3 73
119 26 81
3 53
25 34 57
109 91 96
25 70 79 81
11 34
136 47
45 71 94
106 28
126 85
1 37 97
141 64 97
129 138 41 80
112 136
104 43 83
14 6
129 35
41 79
70 73
20 50 75 96
110 119 40 45 67 86
132 47 59 76
131 6
125 84 94
115 21 37 53 68
38 66 69 71
106 63 92
85 86
11 63
34 75
110 111 80 97
6
23 44
39 69 7 89
126 60
43 44 75
103 124 127
107 141 75 82 87
106 111 68
3 55 86
108 121 26 61 63
14 90 97
119 123 23
66 76 85
132 57 65
0 2 23 36 8
101 17
117 89 95
53 65
126 3 62 63 65
1 118 88
13 86 92 96
127 63
24 41 58
61 68 77 88
120 52
121 130 21 32 67 76 8
120 88
140
82 85
136 138
118 37 50
137 140
33 36
48 91
24 78
108 16
124 19 4
100 85 99
125 72
101 41 85
100 105 141
136 14 3
51 64
33 43
112 130 3 85
128 27 34 47 95
125 128 46 8
124 88 99
103 45
115 79 87
0 45 99
64 81 89
114 18 22 32 45
123 36
133 59 60
136 24 41 44
20 36 51 80
113 122 48
140 50 8 89
25 88 99
0 110 66 96 97
25 39
138 15 85 86 96
138 55 88
112 66
104 11 20 46 54 61
123 78
141 51
25
128 20 22 29 50 73
63 64 67 74
125 95
68 91
69 85 88
70
135 35 60 75
101 110 117 37 8
22 68
115 18
2 25 47 77
48 55 60
131 133 6 8
48 50
21 27 33
18 43
27 35 76
110 61 72 74 89
118 133 25 35
24 32 61 8
50 53 88
116 120 141 37 44
108 23 53 62 98
30 37 64 87
135 47 7 70
104 127 48
33 38
121 126 24
54 78
129 138 39 6 68 73
122 140 142 65
121 136
126 139 26
125 34 5 69
134 3 40
34 93
34 69 82
11 24 44 57 87
2 24 67
40 9
108 14 22 55 75
108 110 131 33 37 48
129 132 141 64 8
105 21 89
11 134 59
13 34 49
111 138
47 76
115 125 47 83 84 9
29 9
101 124 125 129 81
126 58
46 61 83
11 129 34
120 58 59 66
129 24 32
112 129 52 77
67 78
107 129 19 82 97
0 33 58
118 130 80
15 23 69
110 118 17 36 58 76 85
123 142 23
39 70
100 22 26
31 38
100 12 98
140 47 56 90
116 99
119 137
101 118 64 71 80
103 40 84 90
123 60
113 118
113 42 70
136 89 98
112 68 8
45 91 96
1 74
73 87
116 41 92
8 83
140 24 8
107 133 26 79 9
117 128 142 61 62
133 17 34 65 99
135 34 39 67
0 65
1 112 65 83
53 69
0 126 130 139 24
115 22 40
101 59 65 95
109 126 129
43 48 52 77
3 88
89 93
110 17 32 59 62 74 92
121 94
33 75
26 33 9 90
132 25 61 83 93
130 16 41 56 58 71
130 86
114 129
100 132 36 63 96
4 96
122 32 73
119 29 47 68 80
20 25 31 55 90 98
116 33
127 129 90
138 46 81
10 132
110 68
128 17 88
117 95 97
100 101 117 78
111 22 37 95
14 18 52 66
1 28
124 130 39
39 75
11 46 56
1 105 117 14 3 30 54 77
103 22 53 74
18 70
107 109 19 91
108 127 20 36 68
3 42
29 48
130 142 8
113 18 20 51
105 13 132 21
6 85
67 73
10 135 82
10 52
12 13 29
100 19 36
34 36 93
123 61 8 82
13 29 31 69 71 79
26 64
118 43
1 129 65 90 97
23 35 82
15 2 69 72
12 23 42 47
11 58 89
69 94
20 43 6
56 57
39 43
118 13 17 49
101 65
125 127 130 34
105 120
49 50
125 69 83
108 21
123 134 50 79
107 113 114 142 33
12 22
128 135
121 36
114 133 140 27 39 78
123 19
115 14 68 86 89
45 61 75 84 91
23 58
107 44 59 60
54 90
113 117 131 17 5
27 71
126 45
132 27 33 8
31 51
105 134 16 27 42 51 67
1 110 111 120 39 56
132 39 48
40 80
137 17 69 72
102 90
133 36
108 124 24 91
103 127 99
54 58
64 82
134 43 75 83
21 66
17 4 73
121 70
12 124 92 96
0 115
1 7 97 98
0 10 138 90
24 47 70 95
102 129 3 43 56
141 39 5 85
106 142 37
90
111 22 86
40 71 84
108 58
3 41 54 89
112 55 68
59 91
106 111 116
1 131 43 65 95
125 21
1 132 36 89
112 135 71 93
15 22 27
136 40 79
130 38
103 29
11 59
114 17
36 65 94
142 6 80
105 25 5 53 78
65 90
47 57 74
103 11 134 140 94
2 3
50 57 97
129 131 39 74 8 95
16 39 75
107 32 40 72
141 36 56
105 11 36 64
114 122 36
103 104 67 78
110 44 60 84
30 67 73
111 142 62
120 75 80
120 92
55 80 81
100 65 68
110 45 9
104 113 58
104 121 16 24 50 87 97
130 137
18 38 83 84
54 62 80 94
104 115 130 63 93
114 62 64
141 7
140 98
135 7 87
13 45 58
44 86
119 133 55 93
0 139 64
31 32 52 58
40 51
101 133 136 9
10 66
28 8
121 129 24 40 46 51
112 47
115 140 8
0 19 28 85
13 88
109 33 34 49 62 83
113 128 31 48
95 96
10 78
132 33
114 129 132 31
117 123 2 93
16 38
114 115 57 60 82
15 94 98
100 113 120 41
101 122 59
103 108 119 64
113 21 99
127 21 24 60 62 68
17 27 75
140 59 60 95
102 5 77 86 94
107 43 96
37 43 79
125 137 9
111 115 71
117 139 54 76
104 62
1 125 25 32 5
117 120 67
125 86
103 29 61
12 32 47 73 84 97
112 16 3 87 97
22 67 70
124 19 9
130 44
3 77
62 67 91
46 69
13 58 97
136 16 90
106 3 40 46 54 83
5 84
116 36 40
10 113 76
112 126 141 57 62 92
0 44 61
12 74
122 13 82
140 16 2 29 31
14 31 41
130 138 139 79
16
123 136 137 23
2 27
128 135 18 96
38 83
106 122 134
104 130 16 28 61 81
34 52
104 117 135 35 57
105 13 52 80
142 3
104 107 121 123
103 106 13 131
33 62 88
120 27 51
105 46 70
35 6 95
78 89
17 98
134 4 57
135 80
119 17 75
100 17 44 65
120 24 64 68
134 95 97
128 51 82
104 105 93
32 36 58 8 97
134 26 88
134 7 78
119 141 19 35
13 72 79 97
39 62 80
101 36
28 35
13 132 138 43
106 133 34
110 17
102 37
120 141
124 60 81
116 133 138 41
99
13 39 95
110 21 24 44 51 62 80
106
137 45
107 130 16 78
35 73 97
138 76
117 42
107 133 22 55
1 111 118 15 21 86
117 130
107 132 45 94
2 70 71 73
56 59 72
22 57 74 82
32 62 63
125 136 52
106 131 19 56 96
112 71 97
39 99
118 55 76
110 128
56 61
115 119 139 14 46 56 64
89 94
37 83
51 52
138 49
18 29 69 86
116 128 24
105 40 62 85
140 42
117 121
129 141 6
15 87
126 134 93
117 40 49
141 33 56 68
137 140 34 63 67
130 24 66
139 67
0 69
16 90 92 93
76 77
101 133 85
125 126 24 46
110 98
141 55
69 70
115 121 13 30 66 90
134 82 96
107 125 137 15 5 69 88 94 97
33 61
22 35 99
105 126 134 45
119 3 71
132 37 57
12 70
104 131 2
3 48 84 95
131 23
136 90
32 61
12 139 27 46 90 99
100 99
10 134 99
2 44 46
44 45 85
139 141 31
131 35 50 88
112 52 85
127 133 140 54 86 88
5 57
12 138 52 63 9
129 19 45
124 53 96
117 126 18
26 31 50 77
1 14
21 88
21 76 87
128 23
1 18 37 84
103 137 60 88
134 15 43
118 48 96
140 28 96
56 68
114 131 141 47
46 76
123 25 85
34 37 55
119 128 40 71 82 83
107 71
12 17 92
17 61
110 130 21
62 66 77
102 136 29
128 16 60
100 3 54
111 38
125 26
26 50 72 81
10 109 121 59 97
130 89
11 41 46 66
14 9
141 64 91
38 81
112 22 39 6
52 84
10 3
12 142 50 65
0 112 44 84
0 42
118 82
104 41 66
103 112 19 31 76
104 120 96
126 39
115 79 93
16 54 68
37 80
138 92
106 70
104 121 23 35
106 6 77 91
26 46 48
102 109 3
1 140 67
21 36 4
120 27 68
1 118 129 37
137 29
85 92
128 34
126 129 4 58 81
100 127 141 79 90 95
105 107 69 7
112 31 51
18 7 83 99
1 121 28 47 53 55
117 120 22 24 49 69
107 112 27 46 57
107 56
100 130 43
113 125 28 3 5 56 66
110 127 14 24 37 76 79 99
122 23 43
127 55 56
132 133 37 51 80
132 18 88
104 114 94
46 80
0 116 49
135 53
102 67
103 25 51 6 79 8 83
23 27
104 81
103 36 89
30 50
69 76 91
1 60
10 124 126 27
102 12 7
23 61
102 124 140
120 137 20 23 48 61 72 79 82
105 125 132 15 91 92
21 33 38 74
117 69 98
22 73
130 76
105 115 44
53 90
128 19 53 55
19 49
64 89
122 125 131 22
127 137 21 84
107 132 30 46 59
110 29 31 74
113 118 142 65 95
50 60
63 89
123 130 133 45 63 87 98
103 110 54
106 72
130 83
100 83
47 50 58 98
125 137 24 64 69 7
33 6 88 91
100 103 82
133 89
11 132
17 6
134 75 88 95
131 86
109 120 137 142 21 73
127 130 27 50 87
104 131 90
15 84
113 133 43
1 132 60
100 25 67 80
135 32 42
17 48 56 87
112 142 92
137 17 95 98
112 14
71 78
128 45 84
105 118
52 87
56 65 68 91
138 41 6
114 21 62
18 25 41
31 78 99
124 73
128 3 45 6 64
10 131 137 27 30
31 76
18 30
118 4 85 86
110 88
11 117 2 21
12 29 56
136 32 40
103 44 77
101 103 127 140 19 22 66
47 5 64 65 71 95
24 99
60 78
102 136 137 49 75
109 65 74 91
135 140 88
10 77
122 30 62 67 72 76
113 49 51
115 118 55
107 27 82
36 42 59 7
107 135 88
106 119 65 88
103 129 80
135 139 22 35 55
126 37 65 77 80
103 133 17
123 129
117 86
21 58 70
133 15 36 37
141 35 55 92
53 87
123 29 71 88
52 55 76
116 60 64 69
62
52 88
1 137 27
107 117 123 131 77 99
15 20 92
1 121 129 45 73 94
112 25 80 95
34 87 95
47 54 63
113 130
112 27 66 75
12 23 61
122 42 48 74
103 18 2
126 42 94
106 17
100 142
132 32 82
80 81
115 85
102 92
112 134 36 49
103 107 17 44 80
103 49 63 90
100 51 57 61
51 53
33 34 50
112 32 34
109 132 141 95
43 91
22 55 81
138 33
71 84
111 96
133 136 141
105 121 137 49 60 74 75
111 19 64
112 75
139 2 20
33 96
111 137
43 48 80
124 130
14 47 5 61
111 13 36 52
20 43
26 29 52 70
27 52 83
1 10 72
102 40 79
103 71 92
1 140 45
125 136 23 61
134 42 6
19 20 85
120 2 95
103 39 93
120 129 134
35 57
67 95
51 97
101 121 126 49
102 4
120 32
137 23 44
121 133
113 116 53 79
33 37 5
124 30
106 52
34 41 42 62
101 116 50
20 39 96
68 84
110 15
14 17 53 92
61 71 83
38 51
120 121 22
19 6 95
102 127 56
109 136 61 81 92
0 109 13 61
28 37 75
117 60 73
19 98
142 99
103 63
84 87
69 95
141 57 72
19 36 46
20 31
24 56
1 62 68
47 80
107 45
0 128 22 37
121 59 83
110 129
109 142 36
74 80
39 82
124 28 3
115 32 49 58
103 35 87
101 114 79 85
51 96
0 119 126 66 75
25 63 67
100 129 3 66
107 13
142 19
103 13 6
37 73
50 93 95
23 30 41 44 61 94
10 14 84
73 76
133 39 46 56 98
25 51 96
100 129 72 93
107 35
111 118 29 52
112 80 86
130 4 9
103 142
102 126 15
136 137 75
81 96
123 13 132 57 95
26 50
108 137 28 79
1 75 77
121 18 27 9
100 112 13 87
26 37
11 118 72
139 35
128 60 74
105 37
120 49
17 90 91
11 41 61 85 97
110 65
139 20
4 46 83 92
121 73
2 59
116 62 90
113 50 80 95
109 73
124 41 68
137 54
0 100 20 57 75
39 74
105 118 119 25 72 86
32 50
104 136 87
124 4 50 78
114 96
101 128 130 51 60 75
29 77
0 101 132 28 42 85
124 131 14
6 98
140 91
100 111 114 129 30 87
116 118 93
101 7
114 32
115 19
34 35
108 46 50
107 115 46 57 68
17 42 52 6 61 70
54 97
110 142 68
110 128 138
101 26 97
123 13 29 49 64 70 74 78
102 115 69 75
20 28 29 59 8
66 79
102 113 142
110 113 88
129 139
119 124
11 58 87
102 141 50 57 91
14 26
125 74
135 15 16 36 69 78
106 112 6
105 12 62
36 47 71
25 30
31 60 79 98
108 13 85
65 83
63 88
106 108 90
117 80
63 70
70 71 88
103 45 52
123 130 55
71 75 81
3 45
51 90 98
25 28 97
12 124
128 13 133
134 44 74 91
105 117 39 52 75 92
3 85
105 107 11 119
125 63
120 132 77 92
16 4
113 123 29 93
128 30 65 69 8
47 88
110 36 48 6 75
25 40
111 28 4
33 63
79 92
25 26 34
104 110 67
130 45
14 78
22 45 57 8
61 69 87
115 38
123 41 55 64
111 31 64 79
118 123 85
128 28 45 72
35 65 96
54 71
122 138 74
0 70
62 67
108 126
114 134 81
17 30 49
121 3 72 95
102 141 33
141 73 83
112 116 129 83
42 92
138 32 66 70
24 35
12 125 137 139
100 105 23 56 96
100 9
100 126 142
11 115 13 21 59 88
1 104 78
107 16 74 89
115 72
36 72 78
14 42
13 14 141 68 9
138 139 28 40 66
17 24
101 80
42 56
133 24 47
24 57 9
106 139
1 79
10 38 97
27 52 66 95
10 59
125 142 44
110 71
125 128 141 26 89
125 137 20
2 21 53 56 73
104 128 60
6 89
108 18 78
78 93
23 98
118 125 77 8
103 110 30 79
1 21
58 77
141 16 49 80
41 83 87
115 26 93
11 23 26 86
66 87
120 139 46 54 92
119 142
2 43 7 85
1 124 63 91
100 112
11 133 47 95
27 4
119 122 67 74 79
129 29 34 68
115 76 96
115 44 84
21 41 60
112 20 26
131 138 29 3
62 64 83 87 97
113 24 73
10 54 60 86
117 54
59 77
112 113 127 20 28 38
117 2
134 23 24 85
131 51
48 49 93
0 127 97
106 11 120 140 41
128 39
118 121 36 81
123 87
106 55 72
67 74 99
110 53 71
123 15 30 41 54 58 88
23 54 9
11 68 80
102 107 51 64
103 15 48 64
118 129
1 62 83
134 33 59 87
66 67 94
103 118 122 39
130 21 5 58 88
14 38 46 71
26 70
125 46 56 67 69
121 19 36 99
101 56 82
102 3
0 73
107 129 131 140 7
106 119 131 135 71 88
141 32
36 62 69
102 15 34 56
139 55 64 70 8
117 123 36
30 31
12 120
104 109 118 125 35 8
110 27 66
66 88
137 60 80
14 89
115 35 42
104 14 53 6
27 29 30 56
21 65 98
105 39 51 54 80
137 3
100 107
10 38 78 91
111 34
56 84
2 27 48
126 26 65 8
128 28 69
0 52
27 39
140 28 56 57 98
121 126 66
101 121
54 66
53 98
118 49 53 75 77 80
113 3 53 54 73
137 49 58 68
106 126 88
101 124 142
106 116 141 16
106 107 70
114 126 76
123 81
132 43 54
107 134 55 75 80
120 129
0 26 31 6 63 68
121 130 45 96
102 116 13 134 65 82
1 31 78 88
49 52 74 79
131 26 37
25 32 87
108 64 66
28 48 87
51 84
48 92
107 87
42 61 87
118 125 21
101 109
35 52 54 68
116 40 5 53 60
128 37 56
112 87
105 129 14
128 74
52 59 71
53 90 95
36 41 90
53 91
16 59
19 65 66 98
116 124 140 5
108 37 42
105 5
137 55 65
29 93 99
28 55 81
130 133 28
142 36 6 91
23 26 65
124 57 80
29 47
38 44
116 134 28 3 88
125 37 43
28 49
47 92
123 54
104 107 80 92 96
21 5
102 124 13 140
137 6 97
0 91
14 29 67 82
49 6
120 96
120 132 31 75
30 43 45
113 137 23
103 22 68 98
13 30
35 39 42
115 129 27
102 18 49 51 65
26 63 68
140 80
29 6 69
64 69 8
106 128 130
57 6 96
61 76
41 87
119 71
12 124 26
124 137 20
67 69 98
19 96
124 67
140 7
21 4 50 64 74
116 86
128 16 42 98
120 135 32 6
116 16 25 53 63
127 17 24 70
107 15 62 77
136 95
42 96
10 127 53 76
129 33 59
117 63 75 96
0 107 49
105 15 87
107 121 130
5 9
127 98
25 7
0 37 45 73
2 40 54
11 116 59
17 50 64 91
136 14 23
113 17 92
121 48 72
109 125 97
118 140
118 125 76
20 67
110 137
31 43
101 72
1 138 19 95
121 141 78 9
17 5
137 3 5 64
104 63
125 79
139 31 6
126 25 33 57
14 3 80 90
46 65
115 43 92
112 63
12 52
45 86 92
21 45 82
10 131 134 33 83 84 86
102 3 46 86
137 48
132 141 55
108 114 30 62 68
118 83 90
71 87
115 96
131 62 85 92
130 24 87
132 72
0 118 43 68
105 64
126 77
118 34 91
53 54 68
11 29 44 49 90
0 135
13 25 48 94
119 129 134 15 99
40 46 68
108 62
24 30
122 74
103 109 124 38 44
106 111 112 126
125 36
122 123 28
141 82
106 135 53
142 39
59 6
15 20 75
120 125 42 5
112 16 61 84
105 24 69 7
113 25 78
104 123 13 141
20 42 64 85
56 81
48 7 79
100 110 116 39 46 88
32 88
19 4
69 70 80 88 94
139 19 59 91
11 125
126 17 29
128 130 5
11 134 17 3 95
12 40 73 77 86
103 61
47 59 63 74 83
106 127 142 16 18 96
29 69
138 39 70
0 111 39 54 57
20 78
107 16 74 80
107 111 142
122 136 47
109 120 50
118 137 27
83 89
22 86
11 142 84
51 92
102 11 136 39
109 133 7 77 8
40 80 95
124 125 83
127 130 79
106 42 45 80
101 132 19 27 51 87
123 61 87
10 65
111 2 73 86
40 41 64 87
132 63 99
132 23 40
0 132 20 78
22 31 70 71
123 140 52 54 61
113 43 53 64 92
117 132 47
21 64
14 32 49
112 126 131
103 90
118 12 57 67
118 14 33
120 21 3
113 130 32
107 117 42 84
120 28 83
101 27 91
49 51 88 90
10 23 25 45 50 54 94
105 127
100 102 11 44
130 58
110 125 59
111 57
110 134 142
17 30 9
110 139 14 57
107 116 128 131
103 118 33 50
18 36
128 64
102 129 77
106 114 135 30 31 83
122 74 75
118 125 23 65 73
113 139
124 129 42 93 95
133 17 50
119 13 55
67 96
10 125 134
121 38
1 30
0 53 88
124 25 90
117 12 120 21 35 40
110 6
107 81 93
111 60 72
34 46 90
47 52 96
36 97
105 98
138 59 82 84 99
123 50 64 9 96
18 75 88 89 98
142 32 43
133 137
133 44 53 69 82
10 26 66
54 94
106 108 74 90
125 13 25 33
123 133 22
54 68 72 74
15 19 28 74
112 32 44
128 18
28 99
0 43
39 67 85 99
1 103 140 39 75 95
37 45
102 104 22
103 141 28 74
113 83 90
131 2 54 98
104 116 27 98
24 7
132 44
112 14 32 6 83
61 62
132 140
17 84
127 19 22
10 104
111 19 63 70 85
38 44 6 61
57 80
38 42 75 87
22 26 69 89
127 65 85 98
1 117 125 40 6 90
24 25 88 94
22 35 80
109 64 98
103 91
140 33
103 2 57 99
25 79 94
137 62 65 99
133 53 95
105 121 16
52 63
21 31 77
142 59
123 21
104 69 87 9
6 65 73
102 42 75 78
108 32 38 71
4 78 87 93
18 23 53 82 90
77 91
106 142 78
133 80 87
105 74
108 124
95 98
48 75 81
76 88
142 53
119 142 96
71 90
107 11 23 51 8 93
100 47
108 32 36 61
138 30 89
1 20 62 69 88
42 93
103 111 131
126 31 38
109 120 2 41
132 46 51
126 40 51 68 75
22 76 84 94
110 117 14 15 30 95
102 68 8
137 34 38
106 122
46 55
112 36 58 83
114 18 52
33 66
10 64
43 63 75
104 72 99
129 55 60 96
1 40 82
10 25 79
116 49 52
125 126 56
103 17 85 89
118 75
20 42
100 41
118 71
45 89
66 91
108 91
108 142 72
22 88
133 96
134 142 56 61 94
120 84 91
10 128 139
110 56 60
123 134 17 34 78
16 83
1 105 15 20 26 39 57
110 3 62
0 132 23 43 80
122 128 73
134 9
107 120 13 140 49 6
109 119 120 134
115 35 62 73
119 24 51
18 44 70
111 84
123 30 45 83
65 80
4 60
56 76
43 44 49
104 48 79
0 1 122 131 25 56 72
43 61 74
10 132 38
104 124 17 55 88
101 123 15
133 43 45 94
142 23
121 61 84
10 11 129
51 59 78
1 12 23 56 8
43 47
18 48 62
1 20
27 48 66
121 23 48
42 72
21 44 9
131 47
55 89
86 94
104 48 64
117 132 18 48
20 56
27 83
57 77 84
121 135 141 90
114 124 68
107 116 136 19 24 28 3
115 74 83
117 119
128 132 18
118 99
105 111 62 83 92
100 104 138 2 20 93
104 110 2
107 12 122 126 33 45
124 4 57 79 92
104 12 74 76
17 38
117 3 67
25 42 50 68 7 86
105 51
15 6
18 24
135 20 83 97
107 123 72 75
10 33
115 122 125 50 60 84
30 6 98
128 22 39 5 88
126 34 39
126 136 56 81 84
138 93
1 136 18 31 32 40 5
104 22 3 33 5 66 95
17 88
17 75
19 48
101 105 109
136 45 91
101 109 30 88
110 54 98
111 18
133 35 55
35 86 89
105 14 22 35 44
123 135 90
117 137 29
73 77 80
11 114 120 44 92
138 64
43 70
0 83
120 43 7
0 38 48 72
17 24 33
124 53
110 80
106 113 34 62
106 114 138
31 44
58 96
102 103 131 134 69 86
35 39 51 55 69
29 37 73
22 73 81
41 60
12 133 97
121 62 82 83
130 31 89
102 37 46 77
103 59 82
101 86 97
125 33 88
125 27 60 67
123 22 64
79 81
47 68 76
126 136 31 6
117 74 9
16 33
0 102 112 45
26 69
116 49 5
114 97
114 98
109 78
114 124 37 42
119 47
109 68
44 55 71 9 96
142 49 92
35 77
132 16 3 86
126 42 57
125 51
132 86 87
141 75
115 136 137 33
22 25 43
105 52 85
0 137 44
134 46 63
27 30 5
110 134 94 97 99
2 89
136 50
129 84 93
51 67
133 24 41 61
14 73
26 32 65
112 133
104 110 112 136 83
36 63 81
33 36 58
61 69
32 76 95
14 48 69 99
128 133 46 88
106 118 119 18
53 88
114 12 141 49
10 103 135
111 133 69
24 37 5 6 95
101 119 126 134 61
14 28
46 5 57 6
2 33 38 63 85
119 131 51 52
127 30 68
132 142 18 21 9
20 28 6
113 120 13 27 34 39
105 120 35 86 87
48 75
125 39
118 67
118 5 92
110 117 34 39
45 6 72 73 85
59 99
110 86
136 21 8
0 36 62
46 54 67
100 13 54 71
3 72
125 76
109 119 124 14 22 44 7 83 87
116 17 72
123 124 132 87
134 45
108 117 14 70 79
113 15 57 75
102 15 67
10 27 28 64
29 37 58 6 67 78
122 94
100 124 134 45
100 95
106 113 83
120 75 91
22 82
132 61
86 9
109 35 40 51 85 89
33 78
135 24 60
101 8 94
141 19 31 35
3 56
108 120 13 139
122 60
104 36 89 90
129 23 24 25 48 58
113 12 47
42 53 75
134 137 14 65
57 64
125 141 65
104 44
0 27
100 23 9
131 67 79 89
116 131 59 67
113 117 141 96
114 37 75
142 26 47 49
139 58
17 46
104 36 56
128 49 50
38 4 54 86
77 98
137 17 68 86
17 66
102 135
114 74 84
115 86
101 31 41
36 41
100 101 39 92
34 40 64 68
22 49
122 53
34 76
41 57
100 115 133 34 77
15 82
113 114 115 123
138 28 98
104 90
115 140
12 86 98
56 77
100 49 62
25 35 49 69 91
19 58 8
37 5
116 66
124 17 24 31 69 73 79
105 116 20 24 27 35 97
105 52 67
70 77 99
118 138 141 59 79
46 50 66 69 9
134 43 51
15 52 55 73 8
4 97
124 60 63 65
128 51
111 98
107 130 50 91 92
102 69
109 134
120 137 7 98
21 25 30 76
104 45 66 87
104 29 35
118 91
121 5 56 71
101 37 49 74
1 101 114 14 70 75
109 130 18 28 68
134 27 33 39 86 89
73 90
0 114 120 30 4 58
126 16 72
106 113 124 48 57
112 142 43
115 81
126 132 3
0 136 42 47 60 7
17 2 52 53 68
1 121 136 142 34 51
110 125 35 58
118 31 33 58
64 93
25 27 35 41 72 97
118 16
117 125 69
124 49
102 110 73 79 90 98
12 134 14 43 85
4 80 81
105 110 116
14 20 66 92
24 46
43 68
56 60
112 31 58 75
101 15 44 86 99
122 13
125 69 75 83
122 55 85
108 50 63 69
132 52
11 26 34 80
18 22 69
103 56 78
141 29 81 94
11 126 136 30 84
117 121 130 50
49 52 94
130 84
21 22
100 130 138 73
14 25
21 95 96
100 120 8
114 139 15 23 33 41 99
135 76
0 41
56 83
10 13 23 64 65 86
142 32 66 93
64 96
135 138 64
124 26
113 124 134 41 80
123 134 42 95
137 50 68
79 95
100 11 22 25 51 70
142 42
13 138 6
139 65
107 24 31 55 59
134 37
116 47 88
112 40 81
108 120 132 72 85
100 3 51 67 89
106 118 24
109 15 22
100 25 57 73
26 6 67 92
101 102 127 50
53 79
52 66 74
14 21 30 55 68
100 112 38 51 56
36 65
115 127 15 71
33 64 73 8 91
104 138 57 94
13 22 96
119 142 57 97
21 39 44 59 74 80 88
126 36 64 78
14 60
0 92
68 81
132 20 60
131 24 44
79 99
86 99
32 46
10 62
137 140 19 73
105 142
124 142 57 67
25 5
127 32 64 82 94
126 15 76
0 107 14 52 76 88
101 37
108 12 36 79
0 116 128 51 62 64
31 71 8
11 135
64 92
106 132 56
114 14 49 62 76
20 80 99
135 5 79 85 86
101 14 56 63 88
28 36 52 75
43 47 65
86 91
18 40
122 3
114 24 40
114 40 69 80
102 37 49
94 99
11 22 75 81 96
131 39 91
108 41 55
117 24
119 19 22 93 98
117 83
102 104 130 59 65
13 130 139 53 75
111 29 31 76
42 6
30 46 8
19 43
10 119 9
10 136 66
114 124 127 130 139 34 74
127 39
109 59 89
116 120 93 97
106 57 89
14 58 81 98
101 110 12
67 93 98
101 119 131 80
1 130 51 82
114 138 139 54
12 138 27 83
10 114 136 47 57
118 20 81 97
22 44 49 52
0 9
106 32 9
129 41 51 74
56 6 86
122 133 51 54
123 2
142 9 90
112 122 128
119 94
117 59
37 79
123 17 69 93
17 36 50 97
123 24 30 6
1 132 46 57 68
123 138 3 41 55
1 91 95
47 75
104 109 42 80 96
33 67 73 88
4 67
128 13 3
47 83
141 22 24 49 92
114 116 22
101 112 5 65
120 48 59 6
141 86
2 35 60
105 62
72 9
116 135 50 99
10 41
16 46
0 10 37
105 108
35 96
68 87
133 37
108 59 86
102 138 95
12 123 124 42 55 98
113 29 78 9
16 45 90
10 110
123 142 48 7 93
110 138 89
106 67 92 94
105 111 86
110 119 71 91
128 20 5
128 140 39
101 112 136
26 66 91
27 73 80 85
118 17 56 84
10 86
105 116 57
125 67 91
103 106 140 80
107 114 14
124 72 93 97
120 132 43
118 20 74
119 9
138 38 81
101 125
35 71 79
140 22
101 75
105 117 123 25 76 92
47 66 90
107 32 77 91
115 117 80
123 33 47 71 81
6 7
109 70
16 47
39 68
4 75 93
22 83
113 12 85 94
80 99
59 78
107 118 140
17 34 37 50 51
131 33
103 58
128 18 41 44 8
112 119 96 97
35 55 63
18 32 98
11 25
118 137
110 15 42
133 7
28 52
102 109 136 29 67 72
110 114 133 23 57
102 23
122 29 67
115 116 76
118 123
105 83
107 21 36 73
133 14 67
105 129 43 80
114 139 35 64 96
142 58
122 3 90
114 126 129 96
65 88
20 62
24 39
128 56 61
109 131 29
126 24
37 55
107 115 37 75 80 86
0 51 53 59
32 44 62 64
6 88
104 48 57
115 132 137 23 51 70
20 8 99
36 48 99
103 67 92
124 141 4 6 62 76
138 25 63 78 91
115 24
32 56
65 97
71 92
48 52 57 6
114 21 69
136 82
111 69 89 97
115 129 34 45 46
13 23 70 88
108 36 64
105 117 38 59 64
130 18
133 47 68
113 116 35 73 96
1 72
10 26 54 58 90
102 58 91
131 30
38 87
108 122 127 18 20 4 59 8
25 85
31 46
106 36 51 77 88
137 142 61
101 21
132 35 52 89
24 60 76
1 101 130 24 38 79 86
123 78 91
126 58 94
119 25 40 54 82
123 125 14 47 81 89 92 97
24 30 76
108 37 75
122 130 37 54 88
18 42 91
104 129 134 27 55 85
102 131 26 59
12 123 77
137 32 42 8
20 47 48 86
50 70 99
117 3 76
108 12 29 50 6
109 49 54
113 85 96
113 39 61
119 138 89
102 128 37 86
119 74
1 112 133
5 89
10 131 15
35 80 98
25 36
38 57 94
111 33
5 50 73
108 49 89
109 123 53 65 73
113 68 79
64 98
104 12 15 82 89
131 28 49 73
13 52
141 63 71 82 90
72 82
15 59 60 65 79
122 17 20
110 20
120 79
100 53 79 81 96
104 140
103 30 94
3 74
115 14 39
19 37
132 20 66
141 19 25 37 65
110 23 30 59 74
121 136 3 68 89 96
12 97
11 111 131 40 55
139 4
11 19 20
107 110
111 120
106 80
110 137 80 91
116 124 128 129 15 43 54
107 112 140 29 97
67 68 70
11 118
111 12
100 12 3 67 78
103 17 75
80 97
19 26 42 48 88
45 55
104 106 128
123 136 6
110 123 125 51
0 115 117 119 17
19 99
112 138 5
4 85
125 98
120 132
107 125 129 137 88
126 78 9
50 83 89
15 31 35 38 54
14 86
134 25
48 62
10 117 84 87
123 36 77
112 132 32 48 72 86
91 94
14 46
115 116 43 47
21 39 83
103 11 57
105 114 27 51
103 16 45
142 42 49 7
127 4 49 80
20 8
0 108 4
137 86
50 8
0 15
108 11 28
98 99
112 142 52 91
10 124 31
16 37 60 99
136 26 56
27 37 91
15 56
26 67
130 8 97
129 32 65 66
113 26 70
66 68 75
110 128 48
129 80 90
14 20 34 97
1 114 45 90
142 27
36 46 61
18 67
13 73 82 98
12 56
109 6 65
119 18 59 93
11 126 73
24 61 89
110 129 19 25 47 50
117 40
123 6 94
139 21
112 12 130 25 57
104 137 86 98
111 63
11 21
138 14 82
22 52 69
119 17 42
13 134 16 89
10 12 4 83 90
1 138 2 58
26 46 53
18 32 56 78
126 44 90
109 2 4 44 79
142 36 52 64 93 95
104 131 2 26 92
125 64 79 84
1 78 8
137 65
45 57
109 112 118 120 137 60
53 6 96
5 52 97
46 72
25 58
119 142 29 41 67
100 109
10 117 16 72 91
123 14 86
49 55 77 90 92
48 68 92
44 93
117 41 57
106 126
30 90
69 77
100 101 52 70
105 126 128 41 61
15 17 75
56 59 75
34 82
100 16 45 62 70 83
114 141 5
67 77 9
105 26
1 21 40 51
110 36 39 69 77
12 29
25 43
115 120 25 61 94
141 8 89
121 68
101 75 8
101 130
127 42 87
139 142 39 62 90
107 118 36 80
140 18
136 38 42 74
136 15 71 98
11 127 76 89
101 29 80 99
19 64 77
1 29 41 66 88
111 123 131
135 141 91
141 24
110 129 137
100 105 108 19 66
19 40 73
26 70 83
11 50
24 5
108 109 43 47
22 23 44
103 34 59
136 31
100 104
27 31 61 93
24 71
127 29
106 110 137
118 120 59 68
25 89
130 21
17 47 57
56 78 89
142 43 82 91
108 17 73 8 95
132 63 83
112 135 82
125 39 72
16 6
131 70 78
12 138 18 28
100 24 53 77 82
135 18 85 95 97
10 102 37
103 104 137 29
131 136 19 30
103 15 36 41 94
2 72
100 101 125 136 63
16 47 66 79
139 30 82
105 67 75 94
107 132 30 67 74
126 77 92
141 23 50 55 74 81 87 97
130 138 59
55 65 8 83
5 56 78
120 72 95 98
43 49 60
43 6 63
110 30 86
108 36
51 54
129 43
100 37
108 119 54
45 98
12 5
120 128 68 88 93
141 29
117 32 53 63 84
113 124 20 25
138 6
3 99
13 28
133 68
134 46
5 67
134 27
21 43
102 36
110 113 132 136 28 52 66
117 65
44 60 86
122 17 40 65
24 90 99
111 128 13 132 38
111 129
40 42 52
116 12 33 60 74 8 90
0 27 74 80
111 41
126 31 73 77
27 39 56
101 109 111 18
121 26 29 66 77 97
104 136 140 31 94 97
132 82
102 111 126 27 30 67 90
133 58
0 10 31
106 140 20 21
1 127 41 48 52 80
27 62 91
15 40
136 140 76 91
1 35 58
45 65 72
15 53
110 61 89
140 35 95 98
127 137
124 5 70 84 97
0 132 55 7 77 85
19 36 67
126 16 64
23 65
123 5 51 96
120 128 48 83
114 24 28 44 79 86
116 52 54 79 81
110 114 139 48 74 84
110 120 2 37 84
0 119
130 79 86 96
18 35 54
134 24 87 9
22 8
0 136 70
25 26 54
140 41
1 100 37 39
49 91
102 28
5 58
129 70
128 15 41
21 25
104 119 39
139 90
14 27 37 44 45 47 82
1 106 116 132 47 82
128 39 62 88
109 62 69
112 119
109 129 132 65
120 126
18 69 71
108 142
105 28 93
124 26 64
139 61
12 71 72
117 139 6
133 135 140 26 43
112 54 64
15 2 26
16 31 37
132 28
131 141 61
131 41 48
116 133 51
53 6
132 52 99
107 116 82 84
13 36 37 90
56 63
106 111 119 58
54 70 74 90
103 78
115 131 2 34 47 60
28 82 98
126 51
15 39 78
22 72
102 103 127 7
123 61 63
120 130 19 23 25
121 137 19 52 74
119 24 68
118 142 15 59 83
11 38
108 126 138
73 95
39 86 87
46 92
114 33
113 19
1 107 83
47 68
18 87
28 84
122 78
3 63
0 100 33 73
124 2 78 87
27 39 61 89
26 73
20 58
6 83
114 52 68
111 135
75 90
12 121
115 20 52
118 131 20 41 48
122 133 72
102 118 93
2 56 75
110 131 14
123 47 82 97
21 72
125 24 95
38 57
116 15 93
12 31 4 58
16 94
121 53 72
126 19 82 89 92
118 135 141
49 8 81
13 132 33 4 47
113 116 130 47 87
106 82
115 8
65 90 97
102 137
113 6 8
16 87 97
74 78
125 46
105 119 13 45
39 58
22 4 81
30 5 90
26 47 84
100 104 19 98
15 46
57 66
28 78 86 92
135 31 5
119 35 56 59 66 76
109 13 4
111 34 54
10 138 96
140 44
118 126 138 90
124 14 32 5
118 35
31 96
80 82
20 46 62 68 70
112 91
11 116 133
56 64
25 75
15 35 40 77 8
111 19 30 41
104 137 29 47 83
1 137 18 47 48
33 4 44
52 59
17 64
127 3
131 67 89
115 123 140
17 69
129 40 46
132 15 54
111 33 42 92
111 30
128 14 41
82 96
123 73
104 38
124 43 47
121 127 39 67
23 35 39
110 7
108 117
102 75
117 36 40 85
11 12 133 3 6
22 51 63 90
100 22
107 69 95
103 67
129 3 81
27 81
107 41 60
44 71
141 80
0 129 9
115 98
137 70
131 76
53 7
102 13 140 20 97
38 55 83 89 94
102 87 96
71 74 98
20 5 61
101 109 76
25 32 39 71
22 42
12 26
47 49 58 74 95
112 24 92
24 40 41 5 61
124 138 22 36 90
135 36 6
105 117 36 4 57
22 3
124 136
119 18
5 71 73
122 14 16 48 72
49 62
105 2 73 94
30 44 6 90
109 81
112 123
125 36 57 89
135 98
128 5
0 67
104 105 113 12 128 32
105 131
11 18 7
114 130 36 42 44
138 31 34 36 99
112 23 97
138 77 88
101 14 21 74 92
106 128 133 22 72
105 111 97
108 21 35 6
135 142 24 54 82
142 42 55 91
102 139 47 52
134 25 31 70
0 1 136 58 92
123 132 80
12 15 59 89
28 52 63 93
107 111 3
127 92
10 128 135 29 89
22 40
138 139
106 44 95
130 136 137
112 2 28 6
109 36
129 136 62
10 139 24 97
12 87
105 139
131 25 38 49 55
139 8 80
136 142 68
105 29
23 51 60
6 71 83
102 141 37 69 8
112 15 68
1 49 74
13 132
102 105 109 110 133 38 40 87
101 2 72 77
101 127 37 98
125 139 45
135 139 30 87
92 94
134 86
11 57 60
104 134 136 73
40 92 99
123 62 71
112 26 46
112 29
25 34 38 48
134 135 92
120 7 77
131 37 44
140 89
117 119 80
28 49 6 74
131 24 69
2 55 64 90
136 93
109 138 37
117 141 17
114 89
0 113 126 4
113 46 57
101 127
129 20 42
36 56
108 40 57 83
11 131 33
20 47
3 41 62
130 51 99
124 68 76
104 112 139 6
63 84
124 14 71
104 28 72 75
123 125
121 62
41 70
118 122 142 45 64
108 59
46 62
124 19 8 99
116 47 84
24 51
27 68
20 23 35 41 81
101 109 52 53 94
76 83 95
104 115 57 93 97
108 11 120 137 14 35 73
124 61
1 123 40 80
104 53
12 3 48 90
72 85 87
10 117 89 95
33 9 90
26 45
126 42
10 15 63
116 126 55 8
102 120 68
106 117 21 41 99
140 30 83
130 15 68 73 79
17 87
115 33 61 69 89
116 121 16 48
113 129
6 82 88
125 132 80
100 114 12 58 80
56 59
75 76
125 44 5 8
126 28 32 37 38 5 79
44 8
23 59 64
112 61
121 82
47 64 94
117 98
11 41 79
128 35
100 26
116 135 136 84
3 93
104 18
127 41 45
13 94
123 38 6 86
125 29
19 89
118 15 25 6
62 72 89
140 96
109 110 48 79
121 14 88
102 30 44 92
70 98
119 27 61
101 111 43 58
25 39 42 66
14 29 46
28 56 8
101 136 73
63 91
105 78
42 87 99
120 124 126 20 28 34 61
6 63 83
74 82 92
0 101 88 93
101 129 59 90
102 108 114 27 95
111 51
16 37 65 74
28 61 79 82
126 45 62 66 88 99
56 92
2 55 82
105 106
17 6 61 62 98
137 56 68 79
138 91
35 52
102 39 60
133 32
105 115
39 54 76 83
62 69
101 39 4 78
110 122
127 41 46 79
140 94
130 36 41 46
137 55 63 88
106 8
123 135 26
118 41 43 47 69
66 96
124 134
106 118 93
119 60
27 52 70
126 50 80
56 75
104 36 47
38 56 69
103 88
13 138 9
13 21 58 63
106 41 60 96
138 27 93
111 32 94 97
10 14 19 54
121 84
1 115
106 86
12 81 85 89
11 22 5
117 124
12 71
84 85 97 98
24 68
1 20 23 36 44
0 1 126 19 36 37
137 30 56 92
106 63 88
121 6
100 60 91
112 113 27 28 34 71
114 51
130 142 74 93
66 93
121 25 51 59 93
10 34
135 35 47 99
15 29 78
1 106 71
127 75
0 11 93
22 85 95
17 70
13 67 93
10 117 36 38
111 62
106 45 85
49 92
140 58
64 99
118 21 64 74 81 94
21 50 87
110 120 27
100 114 142
108 69
139 2 36 5 64 65
119 44
51 75
121 129 134 14 32 4 48
139 140 47
127 7 94
104 24 46
0 67 81
43 67
103 119 30 53
100 121 24 37 82
11 44 54 82
120 129 42
16 40 6
30 95
103 112 138 30 77
115 3 89 91 92
24 6 70 85
114 122 131 33 47 62
137 33 34 82
114 4 7 80
115 32 68 91
65 74 94
102 13 41 80
108 36 78
14 141 64
109 124 16 54
1 113 132
13 142 6 91 99
10 8 98
112 36 38
102 120
120 14 18 48
118 45 6
119 17 50 68
4 98
20 37 41 74
128 39 90
2 21 56
112 22 30 33
2 29 34 83 9
101 128 31 95
24 52 69 82
103 126 58
105 17 91
125 28
107 9
117 134 16 99
18 27 40 81 90
108 45
124 62
14 5 70 92
106 108
51 82
86 90
131 25 36 55 62
109 124 21 28 36 41 45 57 81
116 59 65
125 130 28 30 33 87
102 127 16 2 74 79 96
44 46
38 68
37 68
124 19 2 23 25
46 63
134 27 70
103 70 95
132 98
105 132 59 71
42 60
135 33 53 59
112 41 88
108 13 53 92
120 136
22 34 79
127 136 56 57 88
110 140 42
62 81
130 37
0 10
106 125 15
17 21 46 65 92
110 43 78 81
2 84
133 2
35 83 85
40 78
116 19 26 30
1 51 55
10 134 67 74 83
46 87
10 101 113 124 13 32
109 23 67 79 91
112 139
18 27
123 8
5 94
112 50
136 138 66
25 6 76
12 91
104 107 121 24 46
103 122 26 65
109 142
4 55 89
46 5 61
16 60 88
115 12 15 99
108 134 14 85
10 129 133 86
25 26 61 71
34 88 91
113 127
69 75 91
106 35
127 15 7
12 123 140 76 80
48 54 74
108 6 90
115 126 26
101 123 13 39 62
118 142 57 92
107 119 142 6 64 99
58 6
11 130 72 8
39 65 72
25 34 9
109 7 83
0 130 141 67 75
101 98
40 63 90
128 132 57 79
130 85
108 14 32 89
11 128
54 8 96
115 41 56 87
126 76
19 3 36
109 27 41
10 8
26 28 75
101 107 15 26 51 91
105 86
102 96
19 31 4 88
15 63 68 95
114 2 37 45
105 129 134 92 98 99
116 87 90
114 40
114 58
138 65 80
88 92
1 46
117 92
121 122 59
103 7 79
108 118 72 96
118 125 9
133 141 25 75 76 93
121 20 30 37 80
126 140 141
107 60 80 81
132 21 26 43 68
114 62 63 78
114 13
126 2
29 79 88
105 18 60 85
22 38
39 77 98
112 17 19
10 120 42 7
19 50 9
27 51 88
7 74
10 102 20 37 48 50 62
113 27 33 53 85
112 117 125 72
22 43 56 70 88 91
136 51
114 47
13 80 87
135 138 23
128 142 33 81
136 20
103 134
21 5 9
111 69
121 36 59 82 96
111 133 73 87
14 68
121 124 13 142 57 61
132 2 60
137 24
132 50 86
108 115 133 51 79
23 68 7 77
115 133 28 84
135 89
29 38 48
117 60
128 65 86 94
104 110 92 97
43 62
111 19 34 67
134 25 59 75
48 6 69
137 23
10 8 93
131 137 31 7 77
141 57 73
131 54 82
15 38 58 62 80
101 104 40 42 48 90
119 40 72 94
37 62
113 43 63 92
30 45
139 28
20 66
116 23 92
104 26 54 81
101 115 49 86
10 111 116 2
1 135 19 38
137 139 34 76
112 113 115 139 59
27 40 80
125 133 15
117 51 84
118 72 73 91
101 35 49 88
119 67 8
118 135 79
132 14 51 59 78 81
104 26
25 26 66
123 136
104 73 83
29 51 73
110 118 15 51
138 54 60 98
31 35 92
117 132 27
122 133 134 34
28 43 45 46 64
123 44 83
140 28 29 39 58
138 2 22 33
25 47 60
123 124 54
75 91
44 77 80
107 134 34 7
24 4 86
108 125 126 142 91 98
26 44
37 53
60 76 96
108 116 130 133 77 86 88
142 61 83
122 31 7 90
103 57 61 88
133 83 9
130 131 88
123 35 89
116 130 29 88
111 130 29 62
113 56 62 65 69 96
123 130 20 32 60 87 95
102 48 59 64
21 65 96
119 80
0 122 84
2 29
18 33 76
141 58
14 141 4 91
43 92
129 35 40
10 102 136 64 91 93
62 81 93
138 6 92
107 27 30 34
135 56 76
122 43 44 93
17 89 90
109 123 37
28 58
29 59
133 42 66
104 132
42 98
39 80
106 46 52 87
109 95
104 23 44 5 80
41 58
4 50
140 43
123 14 39 88 9
142 65
108 110 133 32 62 92 99
116 20 39
107 129 130 54 80 94
118 28 46 80
1 107 120 62
130 14 40 82
49 61
14 141 60 65
20 92 95
113 4
106 13 131 137
68 82 96
27 89
116 122 72 74
126 87
85 9
127 83
45 8
107 73
130 26
115 124 138
103 28 3
140 44 50
20 43 69 7 71 72
21 3
114 136 41 47
58 92
128 132 22 40
36 85 92
140 79
124 78
122 2 46 53
13 66
107 129 140
119 58
139 30 68
141 71 85 97
135 38 43
12 31 64 72
53 57 96
11 12
24 26
100 32 51
111 2 20 24 37
57 77 9
33 62
127 58 69 83
102 53 65 79
109 18 83 85
108 71 73
41 78 95
103 124
13 130 133
100 123 31 53 73
105 53
47 7
109 3 90
137 67
108 115 15 51
109 83
31 6 97
119 51
116 134 16 89
19 68
135 138 20 7 77
130 136 34 79
119 12 130 16
14 35 65 82
105 118 139 8
138 142 77
100 128 50
141 65
141 56 74 81
11 142
104 11 116 38 77
124 140 29 31 54 61
16 62 97
104 107 114 27 56
116 130 55 92
17 54 81
11 112 121 39 48 8
1 115 125 28 31 37 52
43 5 58 9
11 127
122 40
123 133
127 82
111 133 135
47 66
107 74
82 87
123 2 45
27 95
35 40 60 86 93
14 29
31 40
128 131 73
116 56 64 90
3 63 66
31 37
10 27
38 90
1 61
75 93
22 30
51 78
108 66
28 32 36 98
123 44 71 78 93
138 64 75
130 16 49 96
12 44 5 58 76
49 6 73
106 21
108 48
129 54 78 83
7 86
101 113 43
100 121
110 120 133
102 118 13 19
107 126 135 24
105 23 3 89 98
100 116 23
104 121 17 85 87
11 6
130 67
117 17 70
124 135 87
13 15 28 80 84 93 97
126 14 26 59
107 37
14 93
9 99
105 109 29 32 97
102 11 58
116 128 129 69 93
125 21 7 96
48 57
134 6 9
10 102 67
12 15
132 35 82
2 73
118 120 128 136
123 4 42 71
101 122 53 90
101 126 135 136 78
106 138
22 55 58
113 34 47 65
110 112 14 80
124 23 67 82
105 44 50
46 57 98
101 37 39 91
137 75
121 21 56 75
10 136 26
16 27
115 7
123 126 17 79 93 96
116 34 6
17 57 67
5 65
132 138 14 38
15 62
100 101 109 112
102 72
102 125 13 44 83
51 62
100 53
138 65 79
4 61
0 123 140 21 24 60
118 35 5 93
28 6 64 68
121 37 55 79
109 121 122 47
101 127 57
2 25 83
124 8 91
117 118 125 62 65 73
15 3 4
113 83
116 73
109 13
70 75 81
101 43 45 93
110 65 94
123 142 35
10 73
125 134
29 53 69 95
123 26
30 60 86
105 135 41
134 22
136 59
4 82
112 90
20 99
23 26
111 69 79
130 20 8 83 92
14 4 45 51 79
41 72 73
34 70
122 60 94
51 67 96 99
126 35 92
103 17
122 15 83
114 19
114 69 84 98
0 102
119 129 135 5 55
115 52 99
112 28
34 38
137 37
141 49 62
111 32 43 59
112 125 59 61
132 25 58
1 112 121 40
142 81
115 91
7 83
119 76 8
127 15 5
126 48 92
105 120 98
118 31 37 44
26 54
133 138 139 42
11 53 84
112 19
0 103 112 33
123 56
104 40 48 58
101 35 65
115 35
126 31 71
121 130
119 129 42
142 20 29
127 46 84 87
11 123 51
11 65
21 39 53 75 87
120 44 98
115 138
132 3
109 128 4 40
132 89
105 46
18 22 33 36 39
112 22 3
141 8 94
10 29
123 26 29
1 116 119 8
108 14 94
36 40 78
103 44
103 25 38
122 31 33 62 78
119 121 125 131 142 4
26 59 62
118 55
5 64 85
116 43
18 96
106 28 66
75 8
126 19 38 53
10 36 54 84
127 135 19 81 92
123 36 52 68 73
106 57 71
13 33 86
126 131 89
47 65 67 74
24 80
100 134 64 74
113 54 58 95 97
103 38 76 8
135 46
105 52 71 74
106 33 37 55 63
27 45 46 7
118 40
127 53
138 30
1 142 41
26 33 6 74
105 139 47
128 7
23 51 56
140 46 84
113 6 76 89
1 35
15 25 49 68
101 27 72
130 138
35 47
104 25
104 6
142 37
65 77 99
113 132
118 13 65
108 136 88
35 66 84
19 97
10 71
110 123 66
13 32 34 56 70 95
4 94 98
103 65
114 24
25 65 79
40 89
10 17 38 61
115 90
130 46 98
121 18 42 97
1 116
132 133 21 96
132 2
38 86
45 96
119 30
18 55
20 28
131 19 55 61
50 86
24 95
129 40 48 58
110 25 39 62
35 60 81
136 38
133 61 90
124 3 34
123 65
128 81
104 17 28 3 5 74 76 95
14 37 72
100 22 4 85
128 132
122 70
110 130 36 89
140 48
29 38 59 65
113 28 88
117 12 17 55 89
119 126 68 99
13 72
21 37 65
21 24 61 74
116 126 19 59 77
134 28 72 83
101 103 111 30 87
14 32 34 85 96
5 71 77 84
105 16 59 6 73 80
132 42
26 4 41 43 47 58 76
105 126 62
78 79
134 6 61
104 119 33 78
141 24 98
112 120 8
51 66
18 35 43 77
14 70
4 46 65
53 6 75
130 39 65
11 113 119 34 50
11 131 60
21 36 76 78
15 19
47 52
134 67
134 5
136 47 76
124 63
114 117 86 89
103 128 32 76
110 126 37 43 80
31 77 80 89
24 69
138 45 57
0 137 32 66
110 115 78 97
71 80
30 89
83 9
10 113 29 97
110 123 7
114 116 97
125 24
139 23 25 57
104 142 54
33 53 94
10 106 138 93
1 82 98
101 131 142
11 20 22 23
49 70 97
109 34
118 93
136 87
138 56 62
104 118 44 56 66 89 92
30 39
12 130
48 60 64
122 93
128 140 31 72
117 36 4
112 127 6 84
13 138 18 91
10 138 24 74
15 43 5 50
104 17
107 43 64
105 120 124 32 52
106 136 17 42 93
128 77
113 34
120 15
138 17 53
114 5 56 66
60 70
32 51 7 83 97
133 69 71 78 80
44 68 70 76
21 70 73 84 94
11 136 68
108 46 56
130 2 66 76 83
104 14
125 15 40 45 60 67
105 68
122 138 76
101 118 21 8
47 59 81 95
111 138 36
103 114 20
117 132 4 83
105 93
15 74
114 26 52
14 87
132 20 81
29 49 66
126 136 46
115 131 137 96
111 18 24 40 7 72 78
129 28
26 84
135 36 73 79
46 86
119 42
114 139 44 62 68
110 137 4 40 80 90
114 117 124
112 44 9
15 48
126 36 48 92
12 123 132 34 41
104 43 7 84
110 66 97
113 131 64
63 72 84 94 95
102 103 129 41 43
117 120
124 64
107 109 7
132 134 5
11 42 87
104 118 124 16
138 40 89
57 99
22 96
134 138 19 84 88
125 142 17 4 71
107 124 138 57
0 127 2 27 99
32 55 7
118 47
141 142 15
17 25 8
139 6
51 68 72
141 98
133 34 72
134 59 8
115 44 9
105 20 22
100 141
140 63
17 42 61
60 72 74
129 136
0 116 133 46 55 64
6 67 95
109 37 7 84
118 68
134 79
37 79 86
106 11 122 39 72 77
122 56
33 72 8
104 30 39 43 95
140 25 35
129 138
105 128 47 61 9
119 132 3 72
111 18 39 5
102 125 137 64
40 69
102 135 32 47
121 15
112 51
102 105 66 99
103 121 28 71
130 43 73
127 133 39
130 53
109 123 2 21 26 50
118 60 93
114 47 80
115 15 80
134 39 52 87
105 138 24 99
22 62 96
100 121 31 76
113 54 78
29 30 8
108 51 95
105 25 27 5 62
11 115 121 35
108 131 76
108 55 59 7 97
20 39 7
118 14 33 48
102 132 133 26 27 50
28 45 90
114 115
106 12 38 62
136 20 24 71
110 2 27 5 54 74
104 128 16 27 47
114 52
129 80
141 30 92
10 5 55 59
142 69
1 32
101 11
105 39
45 95
125 142 89
107 115 129 59 9
124 34 57
104 50
124 15 62
10 15 20 89
122 135 50
134 40
119 13 89 98
127 19 20
119 126 31 40
53 96
36 58
14 81 82 87 88 92
44 5 56
109 86
87 95
47 85
32 72 75
19 5 68
126 14 27 70 98
139 59 71 97
136 21 55
123 20 25
15 64 86 89
100 108 43 47 54 68
112 118 136 80 97
109 13 130 88
127 67
29 4 64
3 81
122 24 42 8
132 51 79
119 12 17 54 75
137 73
110 25
111 133 134 61
105 41 50 95
29 33
0 114 140 24 51
59 82
116 58 62
9 96
124 7 79
26 60 76
31 6
1 14 72
0 128 129 14
116 49 58 59 71 98 99
22 70
117 122 7
101 6 63 82 9
121 124 67
138 2 4 75
126 132 23 70
129 53 57
10 95
117 133 5
140 67 7
132 140 96
15 55
13 142 44
20 73
106 98
112 128 129 24 78 89
132 37 79 88
45 78 90
138 139 15 36
133 99
106 37 53 83
100 135 84
123 82
18 23 34 4 57 88
124 20 78
111 53 56
0 1 43 47 73
105 24 60 74 83 86
138 17 52 6
31 36
138 140 35 54 77
117 12 81
38 57 95
138 49 81 94
14 22 70 86
1 56 83
123 19 46
11 26 29 30 50
100 115 39 80 83
139 82
44 52 76 8
27 39 41
113 29
131 44 98
109 15 74
140 49 76 94
104 33 39 74
127 134 30 54
112 61 75
22 84
12 122 83
15 80
112 19 42
129 140 3
121 123 26 62 94
1 106
20 87
16 61
109 132 30
52 63 94
128 44 64 86
113 82 89
106 116 54
110 26 44 87
114 22 68 70 98
19 37 79
138 15 19
101 119 28 35
11 66
62 64
140 35 64
115 131 2
118 80
106 13 60
131 15 31 48 7 94
30 92 97
29 60 95
127 85 98
112 126 76
110 128 62 73
0 119 43 62
1 99
0 107 73 95
12 28
101 77
123 38 52 71 73 96
110 120 39
0 117 43 59
20 69 70 74
119 83
130 141 35 85
104 111 78
121 27
115 47
43 81
21 81 99
35 43
26 98
126 52 53 84
133 142
1 10 78
1 105 123 132 43 72
109 110 5
103 115 43 48
120 16 86
10 107 126 136 140 57
123 96
20 26 48
19 68 84 99
65 66 84
42 63
113 62
101 139 30 5
0 105
39 69
126 50
132 97
33 84
110 37
112 76 96
45 5 64 88
113 114
101 116 83 85
125 89
100 115
103 106 123 136 33 90
51 85
14 19 30 49
138 16 47
105 26 32 46 97
101 109 2 24
130 30 36 53 96
1 122
30 50 57
139 18 3 89
67 86
142 62
5 77 8 85
141 79 88
106 16 27 81
111 114 30 56
33 47 97
128 16 34
121 142 81
2 22 84
128 17
106 21 98
39 50 77
111 132 27
130 66 9 93
100 105 115 12 13 141 36 9
116 133 137
128 140 6
102 124 130 17 5
0 95
0 127 141
133 57 84
39 89
121 130 29
18 41
24 36
115 132 26 61 73
126 27 3 35 42 57
10 124 136 14 96
10 105 42
111 22 50
16 60 66
0 12
122 59
108 134
120 45 49 63 79
31 44 66
136 88
140 22 84
141 142 36 66
131 28 69 85 93
106 20 43
60 90
105 21
58 60
124 133 76 88 92
122 42 80
105 113 2
109 141
117 87
105 22 3
112 46
125 19
107 24 52 74
51 86 87
34 42 6 81
124 41 63 67 77 88
110 112 121 125 27
0 21 32 51 91
106 20 3 51
126 128 14 7
106 23 70
2 38
67 89 97
131 58 84
115 36 78
127 129 5 55
0 135 21 46
2 54 91
0 106 46
132 136 50 66 75
138 20 44 45 53 59 92
10 125 15 49 7
127 7
8 95
104 114 20 34 62
37 67
107 110 15 19 67 69
116 38 52
131 22 8
121 123 16 33 44 46 68
48 81 92
118 74
139 22
106 110 38 57 96
73 98
54 81
18 31 54
102 115 122 126
1 103 82 96
117 4 99
123 59
118 138 20
126 96
15 16 27 80 84
10 4
106 20 69
120 140 37
127 54 83
141 5 51
43 72 86
34 36
100 115 18 20 27 34
113 77
4 6
116 133
104 12 139 90
6 84
112 113
16 82 97
0 34 36 46
103 87
142 67
111 27 96
135 4 54
119 27
115 72 8 90
129 130 69
106 108 72 96
100 114 134 28 5 72
113 2 74
123 18 49
134 56 87 89
59 69 76
117 4 63
132 90
108 28 44 69
30 71
19 36 86
106 118 142 79
122 23 60
138 78
12 82 95
28 70
121 49 75
77 89 99
141 25 91
123 132
45 75 86
122 83
10 127 39 47
116 53
27 8
126 127 85 9
139 76 9
12 130 27 57 72
11 51 75
12 35 45 83
107 134 42 46
107 141 87
124 65
115 25
105 116 120 16 81
0 128 134 35
42 55 66
136 60 89 98
57 68
134 141 15 37
109 5 76
17 27
28 72 8
119 138 31 66
129 130 87
10 116 60
31 90
108 33 34
103 119
133 6
43 64
0 124 135
142 22 32 95
135 18
43 82
12 21 66
101 63 65 87
11 113 17 45
16 55 86
106 112 127 62 99
3 38
12 57
14 37 51 9
29 38 66
117 37 55
107 34
74 99
0 22 69
105 141 142 30 63
17 52 57 82
115 129 29 30 55 98
27 52 61 71
2 45 57
0 110 113 78 99
136 71 89
136 81
100 18 46 96
117 136 21 3 51 95
136 4
139 140 93
28 88 90
45 54 61
122 47 70 78 92
140 18 35
26 29 53 8
110 129 139
12 25
1 103 11 12
106 114 14 38 68
103 7
16 61 63 8 89 95
11 35 92
10 16 45 71
123 128
1 11 46 65 89 96
122 24 84
32 35
125 70
104 43
1 131 97
101 33 72
73 99
46 55 57
2 37
20 55 87
1 34 57 60 61
17 28 37
3 83
55 85
115 133
10 3 59 71
17 18 25
131 49 59 64 79
109 113
1 109 35 42 64
11 139 75 93
36 59 77
108 23 84
111 67
20 74
123 4 6 90
54 67 69 70
102 12 13
123 8 84
133 45
114 31
119 141 58
102 63 75
142 60 78 96
110 113
16 18 28 91
123 48 7
137 22
126 18 49 76
14 64 76
30 35 72
100 22 99
100 135 29
104 112 23
142 53 79
112 131 91
108 119 88
23 40 69 90
101 139 27 31
35 52 75
5 77
43 98
105 112 132 70
13 15 76
129 67
101 142 36
20 22 74
21 48 98
14 52
0 10 106 22 75
0 81
23 24 49 99
110 36
18 6
76 81 86
137 2 47
119 13 24 27
5 66
138 19 35 45 59
110 33 58
39 40
129 138 15 49 63 68
24 57 85 95
60 94
112 15 49
112 27 39 53
125 37 56 6
108 139 25 33 47
114 116 59
43 9
11 113 12
103 114
115 124 20 65 72
108 125 139 36
140 47
141 52 55 80
130 49
103 56 66
33 35 82 83
0 11
15 29 49 80
33 67
105 110 36
134 22 78
117 129 5
11 48 98
108 124 127
142 76 78
16 21 23 97
113 50
10 32 56
131 44 55
16 59 94
130 4 47
119 128 132 31
26 31
111 142 28 76 93
4 48
121 55 98
116 57
11 70
115 14 28
138 15
12 48
112 94
140 18 28 4 46 64
125 47
103 136 51
108 119 14 25 37 84
102 132 23
74 86
101 31 98
124 51 68 70
126 142 85
13 85
14 30 99
103 130 79
38 52 55 84
125 140 141 65
107 12 39 47 68
116 5
109 13 48 61
100 89 95
6 90
138 39 98
43 50 53 57 9
112 25 76 81
130 14
101 121 43
106 32 6
112 113 30 32 35
112 41 6 93
16 23 39 95
106 31 56
25 98
22 57 75
31 64 66 99
30 40 81
119 122 124 125 60
23 44 45 75
128 88
129 61 66
105 32
100 27 38
127 13 135
106 119 13 8
137 78
112 124
11 27 80
21 80 93 98
102 21 83
130 2
113 2 65 76
111 31
5 67 69 79
24 37 38 44
58 65
121 37 43 73 78
142 26 53 73 87
101 15 77
116 20 42
15 42 63 87
74 96
0 56 58 86
4 94 96
101 133 139 49
121 130 37
1 112 42
102 11 99
57 90
100 103 118 138
108 34 69 78
104 15 34 48 52 63
35 81
0 3 9
49 51
139 61 86
69 7 73 96
26 39 93
127 26
2 83
105 124 4
126 19 22 29 50 71
138 35
105 11 120 13
106 128 3 34 4
15 45 50
4 71
104 131
116 34 48 81
109 138 15 27 82
111 112 55
127 20 39 74 85
122 42 79
112 92 98
114 119 28 58 6
68 86
141 38
15 52 61
116 20 54 88
11 140 81
27 43 49 57
122 128
116 35 4 82
34 63 72
136 22 3 74 89
82 95
19 78
109 113 45 76
106 117
0 65 72 89 98
112 2
4 40
134 58
12 130 32
53 77 83
18 3
114 15 77
115 130 78
100 20 4
103 123 138
112 59
119 121 128 55
123 141 46
142 32
45 54 66 97
127 30 32 38
109 75
0 30 67
140 2 32 47 55
106 26
12 14 140 35
116 118 54 84 94
3 51 66 73 85
112 142 38 8
55 61 65
18 58 83
115 134 66
45 82
103 4 95 98
110 31
103 140 25 66
14 5 53 56 57 84
112 129 50 58 59
127 13 27
116 135
20 33 4 87
122 129 32 48 65
14 97
33 78 88
103 94
33 4
41 46 6 60
67 68 97
127 19 41
66 68
123 126 3 31 97
101 113 122 19 32 41
11 111 13 95 99
134 139 140 23 75 80
129 22 29
114 66
74 77
1 13 5 66
12 61 99
128 137 42
103 27 29 34 8
103 27 4 60 73 74
110 53 69
119 130 21 35 47 55 64 93
131 93
112 96
142 17 23 25 55 77 97
115 21
112 126 94
108 134 22
11 15 79
12 25 61
100 11
123 62
130 65 87
106 125 45
109 16 56
111 35 96
124 128 131 74 89
1 11 112 58 61
31 61
20 30 41
134 36 50 77
20 3 65
3 5 82
121 15 23 64
110 62
3 54 94
134 25 30 85
135 68
133 23 98
71 91
110 4 55
123 30 5 67 92
138 63 80
0 30 66 80
11 119
10 29 82 84
118 20 39 59 73 80 98
32 35 39 52
0 112 32 78 79 84
102 11 32
29 85
63 80
52 6
27 30
40 56 88
109 142 15 26 34 53
114 120 36 80 89
2 49 53
18 98
115 123
128 62
26 38 51
36 44
117 12 133 94
121 90
110 112 95 96
46 56
104 142 35
4 88
137 26 71 77
134 140 65
107 116 135 5 53
73 96
49 63 81
10 112 142 20
112 9
42 48 82 99
100 47 81
135 31 66 83
10 39 84
139 28 6 86 90
141 47
1 126
132 138 38 39
102 25
110 23 47 78
105 47 56
41 44
127 133 3 58 59
12 27
125 2 20 26 27 35 48 86
87 94
44 83 98
23 41
17 82
11 18 27 37 39
131 17 34 4 81
2 51 87 89
44 56 61 65 90
116 20 76 83
101 118 63 66
111 115 136 81
108 131 22
126 72 81
60 79
105 135
0 106 47 65 72
85 93 94
106 113
109 76
104 114 130 32 96
122 142 2
119 12 90
112 113 57
1 61 67 85
115 117 54 68
0 101 105 41 5 52 92
121 29 66
118 34 40
0 10 131 9
114 69
113 135 66
22 51 8 86
110 39
26 7 79
116 37 49 54 77
1 16 44 53 60
126 16
112 35
17 19 25 55 74
114 118 85
136 60 76
136 34
0 127
119 73
1 15 5 81
23 66 71
117 126 24 83
134 37 50
133 135 79 93
55 75 8
20 48 73 85
12 141 19
109 117
44 53 60
132 141
119 41 8
115 130 55 90
52 75 84
101 102 58 87
110 95
48 69
119 21 99
122 56 91
10 30 57
136 6
109 17 44
12 29 48 8
118 125 36 56 65 8
2 21 33 54
1 118 128 142 92
29 45 82
136 22 33 97
103 23 62
103 105 125 56
135 140 53 79
106 125 141 75 78
13 54 81 89
132 44 86
129 141
52 54
135 75
141 16 61
12 60
32 64
100 89
101 58
130 78
102 39
131 70
107 41 57 9
116 141 2
102 13 61 70 98
119 120
106 46 66 72
106 66 86
49 70 81 87 99
0 130 14 19
132 54 82 94
36 88
33 68 88
113 79
124 138
138 26 34
114 25 38 71
123 25
17 25 82 90
12 19 56 64 89
131 43
14 62
117 127 20 28 4
106 134
120 130 24 26 49 92
15 28 47
100 116 84 9
115 129 15 42
130 4
18 8
106 130 20 32 38 54
83 91 99
112 133 31
27 95 98
13 28 8 96
116 124 137 70 86
55 90 96
109 132 23 87
15 76
128 49 63 66
127 58
64 73 74
6 62
125 140
126 2 20 32
130 136 47 99
102 111 25 87
4 7
40 63 83 87
10 106
55 59
29 33 37 7 97
112 81
127 129 138 34 37 6
122 14 42 53
116 31 39 49
11 117
25 63
43 52
25 29
34 65
117 118 141 37
20 59 83
36 85
115 122 13 31 57
121 22
107 19 69
131 23 41 91
129 44 69
114 129 93
138 52
116 3 57 74
102 109 119 135 68
136 85
135 38
127 138
11 116 46
114 60 7
142 3 53 83
13 132 139 86
101 112 3
108 112
100 116 137 141
100 123 135 84
106 35 58
1 32 48
106 73
29 57 8 86
118 73 9
122 36
104 114 138 42
0 37 7 76
103 25 3 32 45 65
0 17 85
118 12 26
106 109 41 49 75
1 142 80
30 7
110 126 27
118 43 63
36 96
100 127
24 33
3 46 7
100 138 20 60 65
11 129 28 96
104 113 126 31 51 7
103 111
18 19 35
119 46 61
102 130 25
2 41
1 108 47 86
110 112 24 47
45 84
114 130 133 134 42 7 88
11 17 99
138 87 9
113 50 80
123 137
114 128 31
109 140 54
11 114
53 75
123 131 141 72
3 4
129 38
21 39 81
119 88
128 131 22
62 80 85 88 96
116 122 55
109 43 90 93
103 122 69 80 84
55 87
66 74
132 92 99
113 56
19 24 32 98
10 52 98
13 135 29 48 92
26 31 35 63 82
17 68
141 31 62 66 73 83 98
11 125 72
36 37 6 96
105 118 36 5 91
11 32 90
105 82
114 37 98
122 131 53 67
127 33
127 132 50
107 127
128 90
119 128 46 68 71 75 82
11 44
113 31 36
142 16 68
14 27
83 91
22 82 94
100 70 76 96
119 76
141 19 75
49 55 80 91
20 5 89
4 57
108 60 85
30 64 65
40 62 8
103 123 138 21 41
43 44 64 67
108 32 50
125 39 80 89
19 81
45 62
119 121 122
69 80
113 21 36 5 58
74 82
113 59 85
15 50
104 118 92
13 140 79
11 3
6 75 97
106 54 56
110 54 92
107 4 47
137 68 85
1 114 142 34 6
0 131 67
120 40 45
113 31 57
107 40 86 89
122 137
115 15 53 62 70 83
10 107 55
140 142
120 55 90
109 118 49 89
93 96
100 67 79 9
11 129 14 23 93
140 51
100 125 13 93
57 95
105 89
25 27 59
14 18 40 67
12 50
135 23
68 97
113 19 8 89
116 139 40 42
129 7
16 30 94
101 104 65
12 131 90
51 67 76
100 35 41 61
116 134 18 92
11 131 36
117 123 14
119 128 132 141
27 32 51
35 60 71
105 13 47
23 34 92
114 15
105 47 55
108 125 38
109 123 57
115 127 3 43 48 53
22 79
107 142 24 31 76 81 9
106 141
135 24 88
131 22 93
106 14
100 104 93
10 117 125 66 72 82
133 71 87 94
122 127 134
108 124 40 64
127 27 57
34 86
39 79
10 21 30 46 67
134 51 61 79
127 27
112 55 94 95
134 40 6
14 36 90 98
121 130 131 64 68
10 135
43 76
33 72
107 14 28
108 120 50 60
142 18
141 21
135 14 18 81
23 73 87 99
103 121 27 77
104 16 69
22 44 96
104 134
120 84
131 75 96
41 96
125 13
106 31
117 35 42 69
66 78 89
107 130 6 78
132 77
11 73 8
81 91 97
120 47
108 8
121 124 52 81
11 35
26 48 92 97
104 111 123 38
108 37 55 65 72
121 54 7 77
51 64 71
114 135 18
16 50 89
109 45
104 118 54 8
50 78
18 25
107 33 53 56
68 98
107 47
1 87 98
17 25
10 120 125
52 77
103 113 53 74
108 63 91
108 23 44 69
12 135
37 40 41
137 76 99
100 104 18 33 44 94
25 72
71 95
113 23 64 68
135 48 65
134 28 46 77
115 122 129 23 9
137 36 9
119 20
107 26 53 77
110 140
130 141
111 33 42 63
104 109 85
110 46 83
116 134 49
128 24 59
65 94
13 44 45
39 64 98
45 49
66 77
3 46
0 4 61
123 47
127 79
115 135 4 81
45 85
89 90
19 74
121 142 23 29 44
113 118 120 21 84 98
104 137
110 27 88
54 92
113 61 93
0 110
37 54
13 16 20
124 29 43
119 139 2 88
126 4 67 75
44 72
62 80
118 51 9
128 58
34 45 46 64
13 60
121 47 74 88
10 25 48 99
1 134
102 7 73
101 45 46 74
120 14 55 62 72
115 78
135 15
122 125 32 76
11 128 64
131 68
102 19
116 50 52 75
21 36 42 80
123 133 30
120 67
109 111
115 130
129 5 73
131 27
31 9
115 46 87 90 93
105 111 135 14 39
39 84
133 140
1 12 130 19 20 73 84
101 107 44
27 9
134 57 90
101 130 50 95
0 106 112 22 35 6 84 97
133 20 50 69 82 85 91
13 54
125 137 66
23 39
9 95
118 130 131 60
115 47 6 90 94
111 75
131 73 78
123 17 30 62
118 135
12 31
110 40
128 30 59
42 65 99
118 30 31
105 142 36 66
122 2 58
33 53 6 71
127 15
27 48 83 97
118 55 59 6 85 93
113 122 84
112 28 93
24 68 72
36 70 82
114 132 136 65
11 132 15 17 85
2 50 79
114 64 8
20 25 32 72
116 30 58
134 43 45 62
118 17 83 9
140 77
108 46 67 97
134 68
14 62 7
27 60 8 95
111 12 41
12 14
103 36 78
11 43 45 48 94
31 37 48 98
1 43
32 35 54 94
101 43 8 93
120 133
103 23 94
127 62 95
16 36 70 84
20 34 93
24 38 54 83
18 51 75 99
112 140
141 81 9
123 4
110 61
1 17 50 66 83
0 135 25 61 8
112 82
1 62 66 76 99
134 45 89
136 60
127 23 51 71
108 89
100 128
139 43
127 4 88
0 26 46 5
27 96
1 16 83
20 43 87
118 30 55 86
132 21 3
101 112 123 125 83
1 78 86 92
100 35 77 92
106 27
26 34 46 48 88 93
100 21 75 77
14 20
107 120 62 75 81
102 138 17 26 67 77
111 117 94
138 21
125 132 39 68 91
39 40 53 61
6 66
29 35 60 73
114 117 138 142 56 64
15 32 52 58 77 83
117 30 74
121 17 36
104 27
41 52 59 75
121 4
104 116 117 140 32 74 84
141 51 63
10 57 91
103 106 20 26 42 51
103 51
114 119 44 48 56 93
17 67 76 88
31 37 42 85 94
119 70 84
125 50 84
119 23 92
100 116 3
117 49 76 83
130 139 42 88 9
12 6 67
31 62
11 111 65
35 52 8 97
142 41
0 130 33 46
59 74
135 69 90
52 94
135 6 75
120 13 99
117 133 79
18 53 70
10 111
138 57
19 91
8 82
11 12 38
111 134 32 97
126 70
116 33 64
0 10 17 6
111 93
109 125 18 39
141 17 2 38 51 68
122 39
112 129 132 32
42 71
101 93
85 91
101 107
136 69
121 135 141 31
124 41 46 88
138 20 22 66
121 13 42 49
0 21 23
129 25 43 5 70
134 32 50 80
129 30 46
11 117 133 83
124 46
116 54 72
10 90
107 19 2 39 69 83
1 98
129 68
114 132 4
36 39
15 20 42 60
57 80 86
30 77 80
118 124 138 5 75
36 72
104 105
105 16 24 54 7 9
126 141 20 64 79
51 57
118 121 65
12 133 140 62
24 78 95
102 57
48 96
131 15 58 61
30 61
32 44
105 115 26 6
130 35
104 43 9
106 19 3 38
31 66 75
101 13 28 54
106 122 125 68 94 97
20 69 78
19 54 6
103 126 71 85 98
10 136 34 65
121 31 69 71 94
102 110 67
112 141 21 29
102 14
105 61
100 72 76
100 112 60
21 89
110 26
138 2 88
120 72
103 110 122 128 4 44 46
107 66
129 2 39
33 79
131 22 25 74
133 27 36 38
29 61
101 33 82
1 125 131 37 45 69
114 26 32 4 71 78
10 106 128 21 78 80
100 12 141 70 71
46 88
22 76
5 69
124 39
139 2 63 72
38 44 62
142 20 39 45
110 49 92
107 42 45
1 127 41 56
11 17 24 86
66 84
102 24 38 6
54 68
15 67
119 12 40 43
115 122 134
101 137 54 92
101 141
1 13 38 42 58
1 106 34
20 35
103 15 17 44 91 94
106 16 20
135 26 42 48
142 28
105 31 44 49 96
124 131 56 88
115 22
103 136 44 84
117 35 46 47
131 141 49 82
138 139 48
137 34 71
103 20 89
127 137 31
47 48
20 90
104 132 135
2 34 52
15 42 43
140 28 72 87
127 13 23 43 72
112 5 61 76
133 60
21 90
116 117 124 131 137
0 132 42 43 77
119 17 39
36 9
0 17
28 51
115 128
136 140 35 73
106 122 58
17 21 48
100 48 71 82
3 33
107 135 141 17
26 71
10 108 133 28 48
124 34 36 58 77 78
22 7 81
113 43 70
135 28
41 49
4 51 54
105 122 35 87
125 42 52
113 130 46 87 89
101 112 121 7
25 68 81
31 74
112 48
46 50 57 58
111 64 90
0 10 91
119 13 15 34
131 25
40 67
106 141 53 62
102 68 79 81 89
103 115
122 13 27 72 84
127 137 22
7 93
129 25
108 129 39 54 59 69 81
117 123 72 88
0 18 49
105 26 37
116 48
120 23 71
76 99
101 4 40 44 60
70 91
116 18 26 33
100 123 19 27 47 61 80
113 140 16 57
20 54
16 40 67
103 105 44
100 108 57 83
127 24 70 89
117 22 7 70 82
46 55 86
15 46 59
105 15 20 22 34
12 85
33 93
103 140 88
60 70 74
100 2 52 92
131 141 28
110 132 25 92
118 13 19
1 120 132 141
100 141 29
102 129 53
113 133 138 31 74
104 128 133 137 79
32 82
15 6 69
127 26 57 76
118 134 135 53
121 14 58 61
21 8 94 98
121 137 35 88
28 67 99
119 141 47 56 98
10 14 16 27 41 82 88
117 139 49 62 81 87
13 15 38 42 44 62 7
129 44 85
130 99
118 49 86
21 54 57 75
116 121 140 44 60 66
126 32 35 44
125 77
47 79
124 90 91 94
115 38 43 91
23 35 53 73
66 70 72 80
124 49 56
119 3 44
32 51 55
135 138 37 60
130 35 43 8
89 99
104 15 69
30 44 56 70 74
120 43
54 79
110 111
108 135 94
105 112 44
102 119 47
118 26 44
54 99
121 20 38
31 37 58 94 99
136 46 51
10 72
112 137 45 63
107 120
10 141
101 128 19 65 8 87 93
141 42 92
46 47
129 135 18
0 116 119 27 48 6
0 19
116 118 27 29
132 142 63
34 57
124 4 58
108 127 69
10 107
108 125 14
25 48 69
87 96
1 71 94
0 15 4 89
117 45
11 25 86
36 7 82
121 127 48
42 91
0 137
141 18 36 75
11 52
24 49 59 60 86 92
10 113 35 4 69 87 90
29 53 69 9
110 114 12
131 3 84
124 2 92
15 32 76
126 23 28 38 55
116 122 132
102 11
102 34 58
124 127 20 4 46 49 91
102 129 94
65 86
1 135 136 139 22 51 57
109 55 73
128 138 4 60 87 92
137 62 66 74 76 79
113 14 16 81
108 112 142 32 44
3 86
2 25 35 44
100 107 43 72 78
12 137 35 92
104 31
104 140 17 3 44 87
108 118 131 134 42 46 8
127 2 27 53
11 45 90 93
40 49 79 83
55 70
22 39 79
20 38 6 76
110 35 79 91 96
10 131 62
127 43 79
13 15 9
28 41
19 28 55
75 87
131 139 36 98
119 29
127 140 142 72 81
110 127 22 31 39 78 86
123 36 4 61 92
115 141 36 58
128 46 66 97
10 127 6
110 35 4 83 93
49 77 94
124 25 70 92
118 7
28 42
131 137 4 82
21 81
117 131 49
134 38
102 117 138 80
135 21 42 58
67 79
116 125 132 49 82
17 22 76 82
127 137 42 51 61
121 72 76 90
129 48 50 76 92
121 29 44 46 8
35 42 48
102 118 141 5
32 78 8
122 21 41
134 38 71
42 76
103 92 93
124 9 94
126 137 38
135 48 53 81
31 78
108 112 124 37
119 92
2 4 6
117 15 61 89 97
140 37
105 35 43 63 71
13 26 60 61 62 65
13 132 133 67
139 29 32 53 94
1 125 139 73
105 122 18
23 26 70 84 88
117 32 40 47 57 90
120 53 61 66
1 10 127
109 65 93
54 56 64 96
56 70
129 139 86
3 60 64
106 107 16 31
137 97
135 45 7
116 27 98
103 6
118 79
0 109 43
1 3 55 85
108 16 26 48 68 99
20 48
103 35 97
109 119 6 68 9
107 136 23 78
113 24
6 60 66
114 118 2 34
47 57 61
134 72
29 35 61
120 87
139 38 39 48 77
88 9
19 75 96
104 135 58
10 119 136
29 6
12 77
134 17 74 81
11 27
7 9
122 4
125 18 61
100 54
125 15 44 77
123 48 93
121 140
115 19 95
113 33 40 47 51
106 111 114 97
2 5
109 110 134
0 117 17 23 24 73
111 138 140 49
43 95
5 68
33 56 62 99
111 113 46 62
0 106 51
100 140
81 86
122 55
115 116
101 110 136 41
10 112 77
125 50 52 65 79
127 95
126 137 75
19 69 84 86 99
57 84 86
123 13 28
2 22
100 131
33 89
101 82
36 49
25 4 71
23 66
118 61 83
129 58
68 72 80
136 75
127 44 61 9
107 42 55 83 84 90 94
128 61 70 83
115 127 26 36
101 29 35 52
123 132 139 29 47 55
112 119 79 86
0 111
50 58
128 73 80 91 94
133 69 86
119 15 74
101 106
0 107 31 55 75 82 93
26 38 48 63
19 30 6
13 140 51 83
12 134 16
108 124 79
109 13 23 25 52
128 29 73 86 88 89
119 30 58
107 18 27
104 51 66
36 87
0 45 71 78 94
112 122 4 59 97
1 13
12 13 30 36 86
125 71
136 30 62
100 106 17 20 36 50
107 117 99
102 139 39 67
117 125
118 34 48 6
110 142 38 53 54
128 134 135 70 89
10 139 141 27
118 123 46 78 98
106 46 60 83
47 86
126 142
127 133 29 63
108 112 131 45 83
119 125
118 19 84
106 121 46
17 41 68 96
113 140 5
41 79 8
107 18 30 34
13 2 35
136 46 6
44 51 69 88
140 21
26 76 88
110 125
132 36 38
108 27 39 50 76
125 27
107 71 87
104 18 91
18 19
112 32 81 88 90
10 140 34
136 142 40 90
115 142 76
102 120 78
118 29 51
139 46 65
109 125 65
75 83
10 52 61
103 139 20
101 13 42 73
11 111
125 69 76 93 94
121 125 129 2 43 47 98
103 18 44 55 97
109 131
119 83 84
100 114 94
118 137 24
113 20 38 50 78
123 48 89
140 90 95 96
129 142 31 37
3 33 40
131 132 32 97
6 80 89 90
21 95 98
116 123 49 52
102 134 31 48 97
138 41 58 83
23 72 91
28 48
24 6
42 81
10 51
109 54
122 38 7 96
115 5 58
121 17 51
14 15 9
101 11 119 127 129 13 14 62 77
30 58
142 62 91
22 67
0 102 41 48 72 89
132 71
138 54
14 82 83
32 73
125 140 25 60 72
117 141 72
125 135
103 130 54 69
37 53 8 84
129 136 141 45 92 98
115 128 137 23 28
128 37 48 71 77
103 15
91 99
139 77
100 121 28 31
103 20 37
120 82
104 39 95
125 23 44 72 84
0 89
48 73 75 82
10 140 43 86 87
24 37
131 138 24 60 65 89
118 135 18 6
106 81
27 99
10 2 26 49 99
29 75
100 117 77 85
80 86 97
103 17 21 58 91
118 120 54
25 82
53 59 60 96
128 37 70
113 23 30 93
15 38
76 96
15 72 84
17 34
124 76
120 121 34 73
42 68
60 74 92 98
59 89
127 26 46 83
44 62 98
48 7
119 126
108 116 16 49 64 72
10 49
108 22 6 67
50 63 84 85
25 44 75 89 95
112 31
37 73 80 90
18 74
103 134 139 28 73 82
50 64 99
102 32
116 17 22 26 76 83
119 90
111 21 23
14 2 62 78 85
5 87 99
120 127 136 20 63 80
36 94
41 46
10 127 23 35 43 69
113 76
131 34 53 6 96
13 41
43 55 98 99
28 50 78 94 98
127 13 71
131 58
33 35 73 88
117 35
20 53 92
122 30 79 81 89
10 17 59
25 56
64 80
116 12 32 39
0 109 15 3 77
139 59 97
121 40
101 109 33
110 111 74 84
14 140 99
35 66 75
112 116 117 70 75 78
136 142 49
128 39 8 88
114 18 57 87
104 121 123 17 74
140 18 8
39 48
103 117 13 29 52 77
135 140 70 94
109 116 2 47
101 50
130 22
124 24
2 40 72
124 127 17 69
102 136 85
10 34 91
139 36 66
118 132 72
118 120 96
125 37 76
35 74
127 25 45 58 59 63
107 114 127
10 11
107 16 86 90 94
129 135
33 5 54
123 140 141
21 78
11 78
32 33 35
117 121 129 13 17 66
114 124 137 140 96
6 71
111 133 15 37
29 36
0 108 33
17 19
5 70 95
126 30 56
76 97
134 43 5 54 91
101 3 7 94
139 70 95
55 71
105 112 29 57 80
10 122 42 85
127 49
117 67
10 85
108 129 49
132 34 41 61 75 99
37 71
124 137 32
107 111 21 34
127 130
131 79
130 83 98
15 85
103 111 19 68
1 112 114
56 60 68
107 28 35
68 98 99
130 94
114 19 33 4 84
103 130 46 69
114 29 59
125 90 93 99
114 128 7 86
32 54
15 19 30 33
112 140 87
43 6
134 142 91
122 54
130 133 19 26
18 37 77
112 119 29 55 74
15 36 90
109 135 91
128 53
23 54
117 40 41 8 87
134 135 16 25
106 123 65
19 36
70 96
27 34 51 52 64
10 119 76
142 27 36 72
1 11
42 74
101 111 120 54 86
122 123 2 40
115 132
70 76 81
124 40 66
125 141 142 87 93
102 107 131 37 49 51 64 79
30 41 76
18 52
120 19 61 88
103 129 2 39 50 92
134 5 76
23 32
111 25 38 79 96
136 84
33 36 47 69
132 32 81 82
119 24 87 9 94
141 60 71
123 125 61
101 116 5 50
127 33 8 84
33 54 89 90
141 88
12 20
132 138 33
102 137 4
20 51 52 72 95
135 140 142 52
17 52
64 88
134 32 5 85
136 24 38
30 92
102 17 18
37 5 74
124 126 29 36 69
109 42 65
102 103 105 27
138 70 99
21 6
125 7
129 53
132 137 27
34 79 84 86
120 130
4 68
4 84 95 97
117 119 89 93
100 77
103 127 49 80
59 70 85
11 138 9 91
100 73 99
20 29 3 66 69
37 65 70
131 70 77
111 45 83 88 93
138 142 55
110 38
36 38
1 32 36
110 23 54 57
2 66
110 15 72 74
36 78 97
10 7
1 119 20 3 46 75
22 34
41 50
39 40 61 72
0 113 71
105 72
1 38 39 54
120 94
119 38
34 61
106 53 61 7
1 14 60 90
115 17 67
50 81
111 134 140 15
0 106 23
105 15
127 32
36 62 72
111 16 58 70 76 79 84 98
109 12
125 141 2 79
110 23 35 37 58
92 97
117 125 23
108 11 126 65 78
11 41 61
125 142 32 42
111 67 90
18 64 68 76 85 89
14 142
1 34 78
142 82
110 113 14 54
35 9
130 26 47 53
141 20 74
117 34 50
0 22
112 130 18
50 53 87
111 28 98
40 83 96
120 137 24 8
108 27 86
109 110 125 127 132
47 77 94
121 99
10 125 128 141
122 135 139
13 35
129 134 52
27 44
128 96
106 51 67
77 92
112 19 63
118 13 39 58 91
14 37 44 89
38 82
139 16 65 89
125 2 90
36 50 7 87 89 95
19 59
114 52 96
10 30 41 55
113 134 61 9
115 126 50 82
53 97
18 23 25 7
1 132 36
1 141 90
10 112 41 46 48 6
23 4 72 84 91
125 9
118 127 139 85 97
15 20 47 61
61 72 82 83
103 133 23 76
134 89 92
124 15 40
103 116 135
105 43
10 28 86 94
128 72 78
115 135 73 93
119 36
14 19 79
17 57 88
10 27 62 63 88
13 19 6
114 115 125 21 80
27 30 48
105 126 37 42
34 95
20 56 85
101 121 134 85
65 66 70 8
121 22 50
106 118 131 15 72 74
114 121
110 46 7
21 28 98
0 38
50 68 95
76 89
129 22 85
103 22
115 136 19 58
102 108 2 43 46 77
140 18 43 99
106 59
135 23 94
116 14
45 54 55
114 123 131 134 30 31 39
137 3 30 36 61
102 99
11 50 61 95
104 119
115 55
14 33 69
127 77
26 58
110 118 18 37 78
87 92
103 22 47 67 72
10 125
117 126 137 56
117 88
106 139 21
40 50 59 75
107 124 45 47
