101 109 64 99
91
2 25 4 63 81
4 53 58
45
48 65
104 44
133 62 9
61 97
105 70
135 141 22 5
65
111 122 134 23
106 12 138 141 51
11
112 81 83
59
103 26 90
24 50
10 19
104 112
111 38 69
107 67 82
106 85 93
47 76
31 61 86

118 71 79
126 26 51
20
121 29 54
87 97
122
1 25
17
127 66 86
12 125 35 71
126 63
48
140 36
2 77 91
44 99
135
127
138 27 49 95
72 88
48 88
123 76
132 142 45
102 138 38 6
10 12 124 130 25 64
76
35 77
0 86
116
137 142 19 60 61
86
43
16
44 74 89
36 84
42 43
110 76 86
132 45 88
102
24
64
125 31 82
41
107 113 124 136 139 65 83
141 6
34
11 34 42
137
10 108 116 44 96
92 96
20 6
105 3
119 140 60 7 76
20 32 5
104 129 15
119 24 83
3 30 94
128 48
106 30
10 15 17
14 31
133 134 22 6
51
127 133
30 66
1 114 59
25 52
11 18
63
42
103 28
0 126 28 33 50 76 93
1
104
126 36 40 48 79 96 99
28
129
103 127
72
107 78
112 49 57
139 140 72 97
116 132 32 33
24 42 72
103
20 39 4 76 80
142 17 34
37 55 67
31 58
1 12 16 31
132 17
109 139 9
130 39 7 79
16 35 96
92
15 23
110 88
25 28
103 124 86
13 131 20 23 46 70 72 97
22
125 16
11 135 54 60
140 3 38 42
101 109 113 117 45 68 79
122 29 77
103 22 89
131
107
23 30 83
27 56
100 14 61
27
108
27 69 81
25 28 42 6
0
113 116 16 25 61
43 44 62 82
50
136 26 77
39 70 81 96
124 61
71
92 98
101 6
45 51
121
102 103 13 23
9
113 65 76
0 2 23 25 37 39 49 70 80
42 60 94
128 58
54 84 92
14 42 56 62
11 82
3
113 124 80
119 98
100 14 18 58 59 66
111
26
16 19
130 99
109 18 8
104 12 127 79
1 118
131 14
93
58 89
30 8
133 4 48 9
113
58
106 136
104 127 140 39
71 73 97
35 47 96
142
108 140 141 49 6 8 82
75
123 130 34
1 13 141 20
125 46 51
118 19 67
115 46
121 38
44 55 84
103 36 40 76 77 94
116 140 30 32 7
100 63
111 82
0 121 52 80
34 57 88
112 21 56 80 99
124
108 130 7 82
52 86
112 14 5 57
100 101 56
73
16 57
135 57
100 106
108 2 8
125 61
78 82 99
21 68 80
29 31 66 67
87
23
133
106 123 69
30 63
0 56 88
136
103 46 98
100 133 135 39
103 29
32 71 79
1 108 15 16 9
85
140 21 29
110 21
102 112 58
112 53
117
55
10 116 42
46
124 127 128 32 56 59 94
19 52 74
0 6
110 12 68 94
142 21
16 29 43 53 89
13
127 13
100 108 38 47 73
101 104 132 142 61
11 110 134
118 55 70
11 19 35
45 91
131 4
50 98
138 50 79
104 24 65 86
83
31 8
117 124 133 37
115 69
6 7 8
131 17 57
110 41
103 56 94
84
110 113 141 23
105 18 39 98
69
136 84
106 108 121 122 55 81 84 90
10 17
131 52
68 97
56 77
119 20 32 34
104 139 34 5 67
133 63 66 95
11 68 71
104 6
13 14 23
126 61
30 41 44
32 89 94
105 119 125 50
10 135 47 67
130 22 79
18 48 84
115
140 19 37
128 24 51 69 87 99
122 31 61
110 48
31 54
31 33
35 65
124 133 69 91
34 87
26 42 85
11 25 57 70 71 83
25 77
113 123 132 26 67 95
112 28 80 83
126 4 43
0 134 21 43
120 141 19 3 43 79
102 7
11 116 45 55
119 60 68
94
10 140 37 45 49 82
127 77 98
100 109 142 76 86
10 22 24 3
35
19 27
10 85
2 55 90
37
101 118 32
110 19 76 77 9
101 69 7 75
108 53 60
70
113 125 59
118 22 62 64 81
23 45 9
42 63
75 84 96
109 75 95
141 48
141 80 90
117 22 29 56
120 131 140 16 38
120 51 79
14 79
12 121 15 52 64 73
38 77
105 120 133
114 45
36 9
100 19 64 98
112 13 33
28 41
110 12 38 4 90
90
128 32 77 91
49 8
105 48 97
108 23
12
126 60 67 72 97
101 48
128 78
16 32
107 20 34
29 65
117 29
10 15
142 32 34 37 89
52
10 100 106 51 62 74
101 111 120 135 22 68
125 26
102 22 7
107 59 95
10 35 44
25 68
11 35 75
106 114 117 25 51 60 61 64
104 16 64
104 124 128 130 138 17
42 87
120
109 133
125 38 74 84
16 21 7
6 92
12 98
126
113 16 40
116 128 90 96
114 18 26 67 69 81
124 133 98
61
106 124 142
123 82
23 44 54 66 90
61 81
16 3
138 31 83 99
0 59
116 95
22 80
116 42 48 51 75
101 107 21 26 66
110 89 95
101 114 36
110 94
125 135 79
104 42
106 120 63 67
80
130 86 88
32 44 53
102 24 62
134 79 94
40 68
105 108
37 60
25 45 93
12 39 82
11 43
127 62 97
119 132 16 3 70
119 121
23 63 90
140 28
131 4 51 69
57
103 67
28 33
11 131
106 46
132 14 19
100 106 13 94
100 101 51 98
111 136 5
129 23 46 61 70
101 142 29 56 98
113 130 138 23 55 57
118 26 38
136 4 68 94
133 33 45
21 40 43 57
115 41 53
104 11
126 82 96
139 27 88
3 46 68
100 123
130 51
10 118 28 29
24 98
39
122 67
25 58 75 82
10 102
1 108 24
107 56
138 15 24 45 78
45 90
105 62 69 85
104 111 120 21
119 34 41
56 67 73
0 102 133
133 141 64
43 61 84
12 49 53 95
3 38 96
134 17 48
51 57
33 41
108 12 133 85
30 6 87
36
127 132 45 51 97
26 81
137 15
136 8
14 142
17 3
107 114 123 56
111 49
33 85
106 117 17 32 68
139 62
122 21 42
0 113 42 56
49 53 63 74 80 86
19
32 5 63 83
123 132
116 127
10 120 38
42 45 48
139 140 29 38 87
29
17 26
124 131 85 92
113 22 26 36 52 74 94
65 80
119 85
10 101 3
58 90
105
15 64
25
109 76 87
0 109 32 34 63 87
142 84
27 58
29 53
112 130 54
107 38 95 96
134 99
25 49
103 121 131
104 119 130 15 55 71
115 118 3 51
1 102 43 46 51 82
112 41 52 65 73
6
114 141 37
101 60
104 12 138 24 37
113 12 138 34
119 135 75 92
124 50
37 61 64 83
18 40
139 64 78
66
130 41 63 81
107 133
37 71 95
139
131 38 6
0 116 83
123 125
97
12 125 3
114 88 95
0 3 56 72
132 60 99
11 49
33 38
123 132 9
139 74
133 17 33 51
3 48 57 87
112 47
137 74
132 22 58 82
26 64 82
2 3 58 71
132 137 140 71
88
1 84 95
140 27
113 123 140 52 53 59 7
136 141
105 78 94
33 42 44 53 60
109 124 135 47 54
2 83
29 50
102 5 53
16 24 58
19 83
103 20
15
2
140 41 46 65 93
112 92
105 113 18
130 14 18 90
43 52 65
141 30
103 121 16 63
38 43
0 74 92
104 106 131 135
139 41
50 63 64 92
20 33 8
106 132 34 6
137 5 50
33
138 40 78
11 87
0 131 54 69
18
12 42
103 109 126 28
43 85
4
64 78
107 124
126 60 97
125 34 79
109 35
120 16
135 15 68
106 108 117 138 26
24 96
101 68 78
116 117 38 56 68
76 94
102 103 96
34 49
125 135 31 75
26 45 46 65
5 74 87
127 129 137 58 60 73 79 87
111 117 68
118 122 48
59 90
102 140 86
60 73
50 79
109 11 12 33 98
29 56 74
130 141 84
131 82
30 59 8
39 58 75
137 94
13 14
37 8
126 83
111 70 84
103 80 85
21 71 98
53 56 66
18 63
111 84
118
1 133 57
1 9
110 142 71
113 61 71
108 49
19 75
134 15 54 6
91 93
107 123 74
56 76
107 120 123 126 132 92
101 19 54
131 30 60 73
34 81
106 27
21 35 52 59 67
103 130 35 7 74
109 47 75
139 66 71
54
116 28
1 96
135 93
131 39
56 94
141 15 18 29 32 35 53 58 60 72
51 86
106 110 114 73 99
138 48 49 79 88
15 32 52 98
67
120 122 18
56 99
135 65
126 90
114 89
22 46 50
114 96
120 63 94
129 45 50
11 120 22 25 48
16 55 93
116 39
123 38 51
1 127 17
120 27 47
24 60
106 134 38 67 77
16 49 67 89
54 76
110 20 75
46 69
1 111 24 59 68
24 51 84 92
11 41
102 29 34 77 95
11 116 37 61 83
52 68 97
100 11 31
103 109 119 24 37
114 121 141 17 42 60
32 82
111 140 30 34 45 63 75 96
141 3 60
126 133 17
50 71 89
111 131 42
111 24 59
110 8
42 75
105 42
118 71
44 6 92 95
25 65
116 118
118 18 97
12 122
121 123 8
127 68 93
100 116
109 71 87
141 23 77 91
139 43
19 41 91
107 127 138 141 55 84
35 42
58 59 81
20 76
103 74
110 57 60
19 25 5 68
136 89 93
134 86
10
127 92
113 121 132 68
24 40 92
112
1 103 67 79
5 96
102 21 28
2 59
39 51
116 140
68
102 107 136
129 131 26 64 76
10 50 84
111 18 23 34 53 80
13 89
70 94
107 84
7
53 63
30 34
47
126 54
19 65 66 89 91
4 73 85
109 49 90
10 133 28 76 86
23 70
117 6 95
13 139 70 9
128 55 64
0 60
89
109 130 46 61 90
26 59
129 55 95 98
142 31
108 12 128 27 31 86
106 129 48 80
77 80
102 105 41 82
112 134 15 93 99
129 138 4 88 91
1 5 9
102 123 137 43 70
142 4 91
14 23 27 41 65
142 2 61 89
131 43
127 19 60
108 128 138 45 68 99
136 65 92
24 68 79
75 90
10 99
75 94
100 135 98
1 110 6 91
18 65 94
1 7
120 127 5 58 63
117 126 129
21 30 85
110 82
1 122 127 141 18
25 37 6 93
135 21
60
118 18 71
108 118 130 14
121 49
112 13 131 19 24 78
49 6
141 28 93
140
0 110 111 39
106 114 32 61 79
35 64
103 118 131
25 27 36 52
20 86 99
131 30 36 48
66 70
126 132 43
116 29 46 74 78 97
16 76 91
47 95
10 65
26 29 4 52 70
17 65
116 30 57
116 136 46 69
134
102 126 52 77 95
136 60
100 103 47
100 19 27
141
123
17 7
141 86
14 141 30 31
23 88
104 56
24 52
6 64
118 76 90
100 106 124 126 7 81
110 111 133 26 65
121 137 71 96
34 58 9
100 102
106 122 64
101 46 60 91
133 54 69 72 79 99
18 60
19 33 49 83
103 77
20 40 50
135 22 3 64 67
130 97
102 132 40 80
111 37 44 79
101 29 73 74
131 20 57 69 82 87
14
1 138 57
120 76 9
105 14
108 31
11 118
131 138 59
49
106
126 40 99
136 91 92
114 128 18 4 78
112 134
73 91
113 121 133 3 80
30
110 15 84
100 140
70 93
102 53
123 20 55
26 3 40
140 41 7
127 76 88
124 35 54
40 55 73
138 28 33 56 76 85
32 61
112 53 96
117 126 136 26
100 32
13 25
28 61
105 127 15 25 56
104 42 47 55
141 66 73
124 131
14 59
111 39 5 54 80 90
21 49 72
112 84
115 116 129 65
123 71 88 99
42 72
112 121
18 37 51 68
126 133 5 56 9
10 124 28 55 57 90
20 28 75 85
4 76 99
45 54 7 80 87
53 88
13 33 35 46 56 94 99
129 136 82 88
41 47 57
109 22 45
4 64 71
100 104 20 42
42 60 82
115 23 64 83
109 137 37 97
17 35 57
53 75 79
102 134 56
19 24 53 70 8
116 127 130 55
137 61
137 97
119 56
115 133 4 60
122 97
107 113 31
107 128 51 95
111 19
33 4
111 43 62
112 81
106 124 47
100 140 19 71 9
53
58 96
106 13 136 5 57 99
130
102 24 55
109 124
23 32 4 68
141 38 66
85 99
137 23 96
109 47 82
0 135
112 63 77
15 56
136 140 36
130 42 64 66 93
141 56 89 96
126 17
112 19
0 113
112 118 3
0 126 21 58 81
123 126 74
102 111 73
100 18 32 48 84
116 23 64
120 61 64
127 53 68 87
21 22 42
37 82
117 16 52
31 70
106 112 27 66 75
136 55
52 73
119 30
129 16
116 141 7
62 65
104 127
125 55 62
37 43
114 118 38 63
101
75 97
43 59 69
111 122 142 47 70
138 77 90 91
130 57
115 123 23 60
123 126 71
19 22
2 93
42 49
112 81 9
119 135 34 85 93
101 123 135 34 94
51 65 9
119 132 72
119 24 62
104 17
46 83
103 68
11 29 42
54 59
110 136 50 72
129 60 97
31
0 58 95
35 52 71
122 47 5
107 64 96
120 136
19 2 36 69
37 52
141 42
112 119 83
34 78
114 116
106 134 51 55 9
10 101 14 24 97
141 80
89 97
115 118 119 57 58 8
129 140
109 116 80 98
74 94
122 37 61 73
128 47
13 5 52 65
44
119 140 52 60 85 94
107 74
6 84
21 22 75
59 64 71
102 114 131 25 88
22 84
79 93
113 136 137 38
136 20 3 66 67
19 72
137 140 31 33
21 78
121 136 137 53 64 72 80
114 14 42 80
100 38 62
106 38 7
41 70
18 32 55 76
52 94
125 89 91
48 52
0 1
126 6 81
28 36 52
102 23 36
126 9
75 99
127 40 61 79
103 129 139 58 71 79
123 45 76
120 27 5 55
107 24
18 29 81
60 77
76 84
2 25
29 38 77
18 3 74
10 51 84
56
129 53 58 72
102 18 75
10 118 122 35
132 35 67
100 113 131 52
6 80
41 76 80 93
29 57 72
12 53
42 44
133 45 88 94
0 39 90
105 66
25 27
109 140
107 129 139 18
109 26 42 65
107 37 60
135 35 4 70
0 125 129 52 83
138
104 112 121 17 70
118 33
141 78
118 81 82
105 14 92
111 114 119 56 58
113 36 55
22 46 8 83
141 7
115 125 139 41 93
105 131 17 19 2 50
25 62
121 9 99
20 46 54 60
107 35 62 64
101 50
5 50
110 130 89
119 32 36 45 64 89
109 49
117 118 2 23
2 47 71
53 58
139 5 52 80 86
138 14 99
14 2 25 97
107 137
124 23 43
134 34 68
139 83
117 20 42
52 68 7 72
105 26 65 74 93
136 52 73 86
64 83 84
123 33 42 7 84
102 21
136 99
123 96
129 14 36 77 80
100 110 76 92
103 110 111 63
142 55
4 63 83
81
142 40
122 142 51
42 45 48 95
25 55 80
123 127 64 88
127 129 24 32 34
136 38 40
120 26 75
19 59
122 140
26 79 80
107 80
101 141 15 43 46 82
54 63
111 2
54 8
114 29 33
120 127 132 75
0 54 75
116 24 4 44 66
10 100 59 70
45 95
116 119 26 80 84
104 124 136 54 56
1 123
118 38 74
27 34 77
21
121 46 97
32 90
107 3 88
73 82
108 30
37 99
118 134 82 86 91
18 85
50 51 82 84
20 34 36 46 74
110 132 84
33 34 61 69
132 77
126 6 72
118 23 4 44 84 9
117 56
10 116
36 41 73
110 90
105 7
18 4
60 75 81
1 44 91 99
140 21 60
53 85 96
26 64
136 35
35 38 74 75
25 61 70
122 3 6
38
113 35 83
8
15 42 73
25 80
126 127
122 84 85
102 25 33 78
137 26
126 36
108 122
109 127 130
110 69 84
0 60 91
13 133 53
139 66 92 95
133 60
18 3
109 115 141
110 132 28 57 64
73 92
29 5
137 45 80 87
130 33 35 63
112 135 28 31 34 38 88
115 30
133 25 43 74 80
107 14 18
101 19 92
1 103 63 68 78
25 64
59 93
102 36 66
51 88 89
40 87 88
31 45 47
59 81
20 42 96
138 30
130 94
130 82 85
115 141
109 30 91
138 38
131 49 71
25 26 31 45
68 84 95
107 136 15
10 122 133 36 85 91
106 53
12 21
113 135 74 91
140 87
28 36
100 37 49 63 89
139 21 60
104 21 33 68
139 142 16 30 78
17 34 39
127 59 93
107 110 120 31 59
135 140
131 84
134 136 30 81 85
142 56 57 66
24 67
33 87 96
113 117 135 72 8
11 26 35 60 93
0 141 15 45 85
64 68 99
119
135 36
134 5 79 86 89
127 135 4 81
103 122 135 21 43 79 82
15 5 81
104 21 5
109 82
59 71
70 8 86
100 73 92
140 41
106 116 128 51
13 4 57
127 38
111 135 84
103 136 92
127 18 68 75
22 34
114 52
109 63 68 74 85
0 114 141 68 91
138 25 89
132 18 77 95
107 18 19 21
137 16 42
15 35 51
38 76 83
112 29
110 67
115 81
10 133 52 8 96
46 6 75 8
131 140 82 91
14 19 33 67 91
25 26 62 69
123 142
112 71
112 123 130 26 48
10 120 132
135 39 65
117 43 80 94
19 37 40 99
16 30 49 74 82 88
3 37
27 40 98
114 16 20 33 44 61 76
115 140 63 86
125 35 99
17 92
118 2 24 35 41 59
120 129
138 139 33
11 114 2 41
109 138 19
115 49 69
32 52 65 76 89
125 141 88
71 77
77 94
101 44 93
129 142 72 79
103 110 12 141
100 13 23 61
118 43 59
140 98
11 16 51 62 8 83
27 33 64 74 83
28 50 54 84 91
121 29 64
126 42 62
110 63
117 127 9
33 42 89
12 67
112 18 86 93
120 138 2
37 59 95
67 81
103 118 80 97
31 42
126 127 50 73
104 110 111 13 41 76 82
111 98
13 139 88
23 29 50 91
117 55 65 7 71 89 9
109 120 87
48 69
79
115 122 27 3 5 8
26 38 83
52 62
60 91
12 33 49
108 123 92
22 44
55 9
115 123 50 59
28 48 65
113 134
115 82
45 48
104 130
12 28 81
133 17 18 8
36 43 85
139 6 97
131 23
112 46
56 87
0 4
113 141 40
28 60 70
124 131 134 76
47 48 76
30 78 96
31 70 74
4 45 73
120 137 51 91
11 36
13 70 79 83
10 16 20 30 75
1 50
102 30 73
111 44 58 76 82
2 35 94
110 4 44 80
102 122 139
22 91 98
111 14 74
103 50 75 81
140 141 22 56 62
131 27 63
103 136 19 51
23 31 55
106 140 74
89 9
11 40 73 93
59 83
106 126 140 2 70 77
114 128 82
11 119 3 56 68 84
31 88 97
136 7
43 92
132 139 8 85
104 26 61 91
16 64
126 91
59 85
115 53 70 78 87
140 17 48 55
101 116
123 23
43 54
100 114
119 21 80
13 138 19
20 87
63 80 87 96
35 40 82
127 31
34 40
118 5 72
131 133 48 56
0 74
0 110 13
2 47 53 68
103 124
19 20 72 75
18 29 86
121 20 5
3 44 96
103 14 38
121 133 36 49 93
51 99
30 46 78 8 90
121 123 38 86
21 33
126 42
119 59 85
109 129 22
126 34 40
0 10 37 73 78
124 125 55
135 86
130 142
5 70 9
40 84
116 134 141 17
26 8
132 34 43 92
122 31 41 71
115 92
98
111 135 138
136 71
78 79 81
131 48
129 18 38 4 66 91 95 98
2 83 93 96
87 93
100 19
100 117 15 26 31 44 66
101 68 74
134 61
102 64
117 17 97
123 13 95
17 43 53 65 77
100 41 55
102 14 46 65
22 54 64
78 8 89
114 131 19 4
72 83
11 14 24 54
106 119 53 6 73 93
130 39 4 41 88
67 95
45 87
128 41
121 140 82
121 8
105 110 119 134 25
109 67
105 116 123 25 63 91
114
125 137
0 5 54
35 70
126 128 130 91
133 8
20 33
64 67
102 33 80 98
42 62 87
31 75 79
32 51 57
22 29
134 136 17
13 44 69
111 25 46
108 54 91
71 79
122 25 62 79
100 127 142
34 55
32
126 34
105 20
104 126 40 82 96
10 56 73
127 14 24 34 38 59
100 134 24 34 39 79
57 61 79
22 73 98
100 137 96
30 33
107 118 129 72
119 66
107 121 29 85
113 13
2 63
11 12
131 142 16 19 70
123 5 53 66
103 47 88
0 102 110 127 2 52 8
106 140
122 25 82
128 27
121 21 49 93
108 7 75 76
112 36 5 69 83
12 27
134 35 42
30 70
109 47
105 138 5
65 94
127 64
23 52
105 119 23 41 8 90 94
12 80
123 71
116 130 15 33
119 16 3 5 92
33 74
120 134 32
103 14 22 34 89
122 47 62 92
11 8
106 70
124 136 2 90
105 121 141
111 29
122 25
118 26 82
71 72
14 16 23 31
119 125 52 92
123 124
120 68
17 98
102 120 87
103 99
124 24 94
114 12 135 45
116 121 53 87
72 90
103 55 80
130 73 99
19 69 75 81
102 127 20
42 61
101 79
101 123 33 63
128 6
105 107 18
136 24 40
12 58 77
1 109 138
112 121 135 26 86
49 6 66
120 132 141 90
130 16 23 36 41
114 125 36 56 74 77 84
56 58 67
100
57 62 72
126 68
112 42 50 75
115 53 97
111 2 45 64
102 127 48 53
103 120 55
136 20 38 56 67
125 33 40 65
11 26 43
119 120 130 6
100 122
126 32
133 78 94
114 46
121 2 4
101 30
128 26
16 25 65 80
114 19 22 49 56 78
111 115 42 50 69
22 39 46 94
118 129
117 62 72
108 129 25
2 29
123 25 61
137 15 7
3 36
125 79
105 114 91
38 5
118 132 36
130 138 6 81
61 71
41 67 74
105 124 51 52 72 87
120 132 7 79 86
32 57
10 100 116 74 89
138 85 93
11 68
23 36 70
36 73
26 88
53 75 87
101 75
113 12 73 85
21 31
115 56
115 21 42 63
118 67 74
25 34 98
107 109 129 15
136 142 28
123 129 22 91 93
115 26 3 91
118 138
65 78
129 45 59 76
123 38
115 124
42 55
133 140 60 61 69
108 24
120 127 15 56 89
104 115 124 140 24
25 71
129 13 2 82
104 53 70 74
127 133 99
126 99
4 66
136 97
0 53
141 67 89
123 59 61
123 28 39 61 83
103 44
27 67 94
104 44 7
11 114
126 138 26 65
27 93
33 54
122 21 22
37 73
121 125 13
121 129 35 44
14 20 31 44 76 90
16 67
33 37 78
0 42 62
111 131 26 69
116 22 46
116 28 86
82
3 87
111 67
0 102 131 73 77
105 125
3 58
68 76 84
13 136 36 88 92
51 92
116 133 44
101 106 110 13 140 59 61
118 132 42 47
68 80
127 62
82 93
103 5 66 9
38 65
10 124 31 6
118 52
21 61 8
106 20 37 60 78
118 75
1 116
15 55 83 9
50 9
138 47
101 89 95
15 44 7
137 2 45
125 54 57 70
36 4
119 67 89
108 44 54 76
141 54
104 33 59 75
113 15 52 64 68
130 50
18 20
105 46 64 70
121 16 41 68 9
54 62
100 141
102 110 95
15 21 82
114 124 90
104 15 99
17 29 77
11 24 40
112 19 7
100 62
131 82 88
129 62
110 120 129 45
127 4
6 89 95
113 56 8
111 118 136 138 57 86
124 46
126 128 77 99
14 62
100 81 86
105 91
117 6
0 27 36
126 129 22 33 81 84 87
133 138 58
2 20 30 41 42
49 67 86
29 31
116 4 66 89
21 38
10 58 82
22 36 61
110 76
0 124 45 55
30 72
109 81
127 15 43
119 41
2 25 37 55
108 11 141 2
14 51 72
102 112 36 42
21 95
102 142 22 37
120 140 97
107 9
16 31
105 12 70
125 136 48 83
0 4 57
8 93
137 141
40 9
107 15 6
23 33 45
10 129 83
120 22 84
31 97
31 75
118 3
81 85
43 76
118 121 44 77 80
111 27 38 64 93 98
122 42
113 8
15 9
132 90
108 23 25
13 139 29 84 93
112 116 122 139
106 130 26 43 50 67
111 121 36
17 2
113 117 135 44
100 102 27
102 120 21 3 39 93 98
123 13
115 125
123 93
118 37 49
12 121 21 88
139 48 6 62 67
140 31 78 89 90
38 89 96
99
10 139 30 53 57
121 32
64 73 99
11 125
104 64
128 138 39 79
140 42 99
116 8
6 90 96
0 83
116 19 72
106 45
78
108 113
115 130 134 38
113 74 90
101 14 17 3 77 89 94
128 3 72 8 88
129 25 38 71
123 72 99
137 83
33 45 59 97
122 2
1 67 89
21 54 69
5 79
138 35 42 44 77
119 77 96
17 19 47 69 73
105 107 126 130 64 96 99
10 101 58 92
113 139 30 59
113 121 34 59
13 2 30 69 72 78
103 121 126 8
119 131 137 15 43 79
136 31 43 48
110 127 141 34
101 127 139
124 134 76 77
122 141 51
41 43 47
11 53 75
125 3 4 83 85
136 59 79
106 11 114 74
25 50 83
142 65
100 120 44
102 15 73
111 79 87
109 126 27 57
12 131 26 78 90
104 34
109 123 38 72
23 56
131 136
55 85
57 65 73 77 97
110 40
29 75 83
137 38 71
4 87
106 110
105 138 3
103 131 60
101 40
119 53 69 94
5 73 96
21 64
48 59 80
47 87
108 54 67
19 45
103 120 137
101 66
105 139 41 60
121 126 78
108 19 20 86
35 56 66 91
137 22 63
127 73
128
20 25 66 73 80
23 57 65
106 39
44 88
131 83 86 93 96
125
131 83 92
16 34 41 62
121 23 26
74
68 72
114 2 31
10 138 17 3 61 71
16 27 30 45 99
104 92
1 39 77
118 140 60 91
106 24 47
23 77
22 55 80 88
13 2
100 23 72
102 110 138
121 123 18 23
36 69 77 82
102 59 95
131 142
142 53
12 26
5 85
36 63 92
48 98
106 111 39 59
118 2
19 52 72
128 48 74 75
133 29 85
105 139 44 71 72
139 142 25
1 136 33 89
104 119 22 67
12 53 56 94
57 90
132 48 49
110 32
139 56 7
21 24 98
1 37 4
113 82
102 30 31 32 72 84
123 134 15 40
136 137
109 68
111 122 86
26 34
115 136 30
106 32 43 47
126 31
122 13
43 87 88
142 18 61 89
0 5 79
11 121 4 70
101 103 110 19 25
102 84
120 86
136 18
10 74
10 137 16 62 67
61 84
11 37 47 69 71
108 46 63 85 96
140 35 45
116 43 9 96
115 31 4 6 62 89
11 123 128 17 4
115 4 6 77
119 18 46 90 96
126 97
136 42 45 76 81
37 77
132 6 78
114 12 124 126
137 51
23 89
42 5 60 87
107 64
101 14 44 91
102 50
128 52 91
115 58
101 126 136 90
101 113 28 34 72
29 89
112 20 87
24 35 8
100 43 62 83
112 116 122 55 91 92
131 93
1 18
107 122 131 15
24 5
132 66 76
138 5 93
0 63
28 96
43 70
103 113 123 52 86
105 130 36 60
107 139 77
135 8
74 84
37 59
54 92
128 60 68
112 81 89
18 49 86 89 91
101 13 37
116 78
140 35
90 91 94
101 21 54 80
12 93
110 46
121 54 96
33 67
128 62 88
112 24 38 41 84
104 119 40 87
130 137 15
105 114 57 6 97
136 32 66 79
16 95
130 48
128 131
124 136 138 21 36 82
101 123 34 42 59 66
11 115 130 47 84
11 4 55 61 81
127 66
137 4
30 4 5
129 50 85
106 133 140 56
100 57 74
114 27 88
63 88
77
10 2 37
13 29 49
61 7
118 45
126 128
108 110 138 139 141
14 61
48 67 85
32 9 92
11 56 93 97
102 11 127 132 52 56 6
102 121 139 28 47
128 94
14 3 94
30 32 89
106 114 35 99
14 61 67 72 97
101 109 31
111 50
118 44 61
44 49 5 70
66 87
27 65
136 37 59
105 33 38 54 63
18 82
109 113 118
101 15 62
105 20 91
128 91
105 15 38 57
10 110 137 15 59
125 50 55 95
54 90
121 126 97
8 92
105 116
131 37 38 81
109
101 70 78
0 112 120 17 38
100 127 60 75
29 63
103 121 125 68
100 109 116 129
113 132 71
111 43 80 86
1 134 17 39 79
55 59
120 13 21 93
36 83
41 65 90 97
1 121 142 51
100 68 89
38 88
105 48
101 3 39
1 106 93
58 7
0 135 54 72
129 6 61
113 40 76
30 88
22 61 81
22 53
13 77
112 119 8 9
107 113 73
0 77
104 14 26 71
12 25
104 24 3
105 37 71
110 127 31 35 37 39 66
139 54 65
28 40
23 62 78
37 92
102 111 46 95
59 70 91
115 116 4 40 84
0 130 142 46
103 107 30
112 7 8
107 82
116 130 44 6 90
120 136 67
58 83 94
12 41
133 139 40
103 27
116 30 97
26 39 68
101 42 56 61
117 127 79
141 17 9
113 32 94
138 33
0 20 57 58 74
105 44 79
13 15
50 51 67
62 63 85
111 122 133 69
19 96
123 132 37
3 43 80
102 23 3
133 137
116 37 38
103 24 35
131 63 76
116 30
111 66 78 91
133 30
135 25 54 72
107 115 135 36
1 83
65 85
137 31 91
107 82 92
136 33 44
13 22 76 85
140 34 51 52
136 139 34
3 75
121 26 50 57
109 22
138 18
132 59 74
11 25
121 54 85
110 49 56
140 142 36
24 29 8 95
121 83 84 86 93
50 72 76
87 89
87 95
0 123
133 136 37 90
17 31 72
62
140 3 60 86
32 59 80
101 17 23
109 22 93
124 34
106 6
108 135 41
113 30 80
1 131 44 98
14 32 81
40
18 25 48 49
19 49 78
121 2 94
100 117 34
101 142 26 35
104 87
107 52 85
117 16
134 137 21 38
121 133
28 39 48 55 62
28 58 88
132 27 65
4 84
21 23 80
130 4 53
111 15 83
111 39 55
132 25 64
18 80
95
62 76 77
138 55 84
121 48 50
121 128
25 4 70
119 19
108 109 112 52
47 90
113 136 85
35 90
108 124 61 64
131 77
113 131 75
106 120 50 58
127 22
105 74
107 45 48
35 64 70 99
138 29 31 93 99
8 84 87
142 33
1 18 41 54 56 98
20 37 40 52
125 38 45 97
105 112 134
40 97
113 16 29 74
0 108
124 128 35 87
104 117 126 127 78 92
103 11 21 25 45 78
114 21 30 32
140 35 71
30 41 71
119 141 142 19 29 34 55 78
117 2 21 47
107 63 85
115 118 27
136 23
134 50 62 73 80
113 130 23 55 67 72 94
126 25 5 57
3 34 78
133 137 14 67 76
62 76
112 136 29
0 117 62
0 31 51
134 63 7
0 106 5 62 68 76
123 142 22
82 87
12 23
117 128 54
133 138 79 92 99
103 118 50 67 87
119 141 20
131 74 8
119 36 92
136 15 27 39 75 91
114 137 82
16 17 29
0 33 83
96
1 103
10 30 95
27 9
26 39 75
130 138 141
105 132 38
101 12 78
136 137 28
16 47 51
103 105 129 131 134 74 93
140 15 49 5
3 32 68 76
81 89
22 26
129 138
128 61
11 112 41 7 73
109 119 39 8
101 111 85
130 64 70
142 25 29 55 77
102 114 51 6
140 24 6 89
115 126
11 125 66 80 83
118 125
14 30 91
36 8
140 95
49 55 62 82 93
1 138 15
141 55
90 95
100 37
108 115 142 44 71
1 67
108 18 44 45 63 7
110 74
110 62
128 60 64 77
109 119 83 93
105 121 65 77
136 138
113 119 141 21 48
10 55
134 137 36 5
105 44
0 57
101 51
10 52 61 68
78 95
110 137 18 37 57
21 45 67 90
111 133 29 62
101 107 118 45
127 23 5
119 9
106 31 43 67 87
119 34 70
135 66
62 70 73 92
65 87
56 84 9
40 53
56 63
124 136 37
16 20 6
140 8 90
115 126 45
1 10 95
19 27 89
39 42 49
111 118 119 38 78 99
32 53
55 7 99
116 129 35 69
107 21
142 16 47 58
122 54
1 24 50 93
100 116 66
109 23 53 73
13 133 28
121 138 140 16 82
135 23
101 40 75 88
46 94
20 5
116 93
2 41 8
134 18
114 34 72 93
21 75
80 92
138 21
115 12 99
52 53
115 120 53
12 32
139 3
130 132 15 3 69
34 39
105 128 33 88
138 29 36 81
115 120 127
122 135 92
15 41 98
37 49 92
65 95
29 3 9
19 31
110
26 27 49
1 115 117 40 7 70 85 89
30 47 69 91
25 82 98
13 138 65
120 128 56 75
0 52 75 99
19 48 81
4 67 89
17 37 85
132 136
125 136 59 83
33 50
23 25
134 52 64
117 141 22 3
2 5 61
102 128 27 58
55 77
105 19
6 68 94
111 121 80
104 23 3 67 99
15 19 31 41
124 47 78
26 54 59 64
103 125 17 51
111 49 53
129 45 66
132
132 67
110 12 125 128
6 80 87
139 31 90
117 133
124 21 37
12 138 140 141 26 45 67 86
118 127 37 60
103 9
0 103 2 49 65 82
69 91
125 20 21
28 40 54
84 97
102 136 15 21 68 78
138 74 92
55 63
105 108 122 19 21
123 35 8 95
51 97
22 97
100 22 25 28
21 56 57
111 118 26
120 3 51 88
31 60
45 51 70 80
111 134 67 8
20 3 87
101 104
34 38
134 90
15 23 48 56
21 22 79
121 137 141 65
121 131 76
106 13
108 89
128 39 64 7
15 24 97
134 19 21 55
10 98
128 21
142 20 60 67 78 79
103 12 30
21 37
141 18 22 39
17 39
122 92
106 113 114 135
116 19 24 54
34 44 53 90
16 89
120 56
10 50
109 131 58 69 80
10 134
50 82
23 7
104 11 52
118 12 22 25
100 128 24 36 98
1 113 54
76 92
122 59
26 32 63
65 96
36 44 52 58
79 87
118 32
101 102
113 115 119 135 86 96
18 66 69
35 72
135 35
104 141 29 87 91
119 33 64
24 56 75
10 107
126 23 44
100 124 77 8
110 131 136 47 70 78 79
129 138 142 73
103 121 17 81
0 41 91
117 98
12 128 140
116 131
12 61
12 130
122 38 45 55 60
112 18 71
109 11 28 50
111 126 52 69 72
53 70
1 101 36 8
28 73
20 83
40 5
106 68
137 66 9 91 95
138 4 61 71 76 92
131 3 48 50 64 65 73 75 76
104 142
1 16 30 73 94
127 65
14 39
103 129 139 79 80
134 52 55
122 38 91
107 14
13 130 137 17
125 90
115 119 15 52
100 105 112
109 139 54 76 79
121 126 5 69
129 58
113 129 132 24 38
31 92
109 57 71
137 54
11 114 121 27 36 76
140 22 39 4
77 98
126 139 57 94
128 30 9
39 87
109 117
105 112
108 135 42 54 78 9
75 83 9
106 5
118 95
107 124 136 85
138 31
0 35 56
107 109 119 135 50
100 41 65 74
107 141 50 86
123 74 96 98
124 15
132 3
45 69 83
17 22 39
0 24 36 43
10 118 96
27 77 89
19 43 81
120 7 96
30 40
1 110 130 45 59
13 137
69 92
134 31
1 125
113 119 134 2 60 96
100 138 17 76
18 92
140 16 62 77
111 140 71
5 60 82
127 28 91
25 53
4 7
137 27 65
55 75
141 25 50 81
115 55 69
79 94 95
105 128 51
73 86
30 48
33 62 69 77 90
130 6 67 7 8
136 93
133 50
107 27 95
31 94
122 81 93 96
104 73 95 96
132 58 66
10 135
104 15 86
141 26 53 79
103 130 18 67 86
40 62 82
12 67 81
118 119 122 131 42 83
116 4
116 98
10 139 24 40 98
104 108 35 59
117 137
1 49 51 81
12 64
79 86 88
139 37 66
102 118 132 46
10 100 142 31 47 64
124 134 21 66 89
10 132 65
104 123 13 55 98
23 58
122 17 54 64 80
122 135 3
104 57
111 121 13 31 36 81
42 54 96
125 36
78 91 92
22 38
110 42
10 117 122 29 42 58
15 52 56 82
24 33 80
105 106 130 35
122 25 39 62 73
135 44 51 7
46 67
120 33 5
116 132 30 80
24 73 79 86
61 92
119 21 3 53 95
129 85
118 65
28 65
2 25 39
21 67 99
107 89
135 27 80
31 69
62 89
124 46 53
109 19 54 87
0 127 23 3 51 62
118 26 86
137 48 6
49 68 95
101 104 22 3 39 69
102 112 66 75
102 129 36 5 82
128 40 90
1 111 112
141 30 41
120 27 77 79
58 75
118 3 79 86
11 135 51
111 129
105 133 59 7 95
12 120
110 13 35 96
41 56 64
107 123 70
12 28
102 111 114 31
136 44
76 78
107 127 14 52
110 2 72 9 95
113 43 65 72 78
123 62 97
120 30
22 43
116 3 85 93
137 49
120 34
35 52 85 86
108 17 68 97
10 104 43 80
123 45
7 9
114 20 21 86
0 25 60 99
107 138 54 71
114 116 59 98
13 84 99
69 81 83
101 46 94
116 134 141 41 54
114 115 126 31 39
139 42 77
109 129
30 51
34 8
34 69 71 87
38 50 86 87
16 72
44 72
138 56
0 104 122 128 22 37
1 105 12 140 21 86
14 5 68 70 8
102 107 126 31 6 69 82
1 113 24 46
0 94
123 25
117 142 86
124 57
105 106 20 21 3 73
118 141 16 62
10 18 75
25 99
103 118 74
106 124 22 7 84 92
20 39 82 97
126 77
53 90
109 63 71 87 90 96 98
114 15 57
137 52 96
111 55 72
134 2 49
131 51 97
142 85 89 9 91
100 119 67 91
57 81
125 5
30 37
10 101 111 123 127 24 43 9 99
33 36 40 91
129 20 53 59 6 81 98
51 64
118 131 132 85
48 96
120 7
115 132 32 52 92 97
27 41 53 66 81
129 24 41
138 90
45 57
121 9
106 127 63 76 94
36 53 74
120 44
25 33 80
111 117 21 29
20 59 72
135 51 55 88
108 18 55 87
100 131 42 84
45 48 87
139 48 65
0 134 4 66 86 88
130 27 45 6
104 125
39 6 64 84
109 27
44 53 97
111 28 85
113 89
141 3 34 72 76
120 17 92 93
1 128 77
104 125 83
113 17
101 49 57 86
115 65 84 91
113 115
100 105 111 77
44 63
40 53 92
136 33 58
108 112 94
101 107 130 20 62
28 54
111 116 46 78 90
127 32 55
139 23 50 81
135 21 22 70
7 74
59 66 73
129 29
17 18 39 74 98 99
100 111 116 34 92
129 86
119 12 136 15 24 27 63
12 28 60
105 110 46 53
112 137 40 41 87 97
12 38
114 47
137 39
114 83
0 37 62 68 8 80 92
121 74
47 49 93 94
124 17 46 86
1 35
123 53
100 103 117 48 53
102 110 118 127 98
139 90
44 45 47
16 4 40
48 56
107 13 45
23 65
109 43
109 50
107 56 92
35 48
28 4 87
118 60 74
126 39
125 24 51 67 79 98
117 118 70
131 35 66
10 134 99
123 38 48
104 43
126 62 87
133 36
114 48 65 71 98
2 76
110 128 19 59
35 87 91
6 78
141 31
108 115 133 134 27 53
135 41 67
101 11 127 39 47
118 129 23 80 87
133 40
100 27
110 22 76 79 90
43 44
33 4 77
11 132 18 55 89
136 14 63
13 2 52 9
36 38 69 73
114 122 16 40
2 26 88
125 140 17 59 6 79 96
41 49 71 82
76 81
73 80
140 33 40 62
10 105 135
110 32 50 77
0 12 131 75
112 138 16 24
4 61
109 31 59 65 85 91
10 141 19
39 78 81
113 15
114 26 32 52
131 36
0 104 107 87 88
3 30 45
2 25 39 59 68
114 124 140
129 61 73
116 62 66
112 127 28
117 120 15 49 60 7 70
46 96
136 17 41 46 53
122 60
11 21
23 42 81
127 7
1 134 55 83
3 51 92
114 119 72 76 86
36 67
26 35 61
139 85
22 30
13 34 81 84
139 68 69 71
118 36
117 26 41 58 72 85 94
15 27 63 81
104 140 71 86
31 43 89
106 24
100 111 71
110 116 129 138 69 92
116 90
107 3 53 59
100 69
112 14
42 68
127 34 35
26 53 6 76
105 111 37 81
105 136 41
107 27 6 74 76
111 121 122
113 121 20 27 64 65 74
122 76
115 48 57 61
117 129 31
103 108 112 142 15 81 87
5
66 7
0 106
9 95
118 138 28 54
23 81
38 56 8
117 139
12 39
109 118 92
140 22
108 119 141 85
114 115 29 97
103 25 48
16 22
11 73
1 103 131 135 15 80
10 127 16
101 120 17 37 71
101 102 58
102 119 15 28 29 86
104 25 33
128 26 27 77
111 140 40
102 109 118 16
1 113 30
12 35 93 94
1 62
77 9
1 108 117 35 48 92
132 139 142 88 89
108 36 78
101 132 3 75 8
108 14 21 41
140 21
130 138 49 62
106 39 41 63
139 47 50
76 83
142 2 33 52 91
106 119 37 77 90
17 97
62 97
126 4 42 55
23 8 91
126 23 44 97
40 49 78 92
2 80
116 133 43
10 103 109 118 133 17 78
43 74 81
124 62
100 67
129 25 89
0 33
28 57 7
112 119 42 97
12 125 21
139 22 46 84 93
107 30 72
102 121 20 41 43 71
12 32 4 78 95
101 32 79
12 131 30 34 49
141 24
5 98
53 6 90 97
110 67 97
101 17 44 70
71 79 9
109 110
15 59 94
113 5 7
101 22
19 38 40 66 78
107 16 20 26
130 91 93
136 139 20 48
140 47 98
127 26 30 39 49 82
35 95
135 138 64
117 52
2 58
129 13
111 59
12 19 80
101 123 36 82 98
110 131 48 62 84
104 106 19 37 43 47
66 88 99
126 37 39
115 131 19 95
29 30 73
111 52 71
106 43
125 132
11 124
131 3 86
141 51
14 57 78
124 139 5
113 138 6 79
102 95
25 67
8 94
17 3 57 69
135 74 76 95
23 79
11 48 87 95
21 26 30 75 84
11 80 9
36 6
121 45 65 81
121 15 27
42 43 63
22 65 82
123 19 34 64 73 93
20 22 65
121 128 94
129 78
0 61 89 91
61 7 97
82 97
108 46 7 96
113 141 30 54 55
82 86
117 131
114 19 79
135 15 22 57
105 7 97
10 81
1 103 11 40
119 121 2 77 88 90
52 59 71 93 99
104 138 142 8 82
109 131
23 38 41 52
48 62
118 135 138 81
112 20 70
107 110
118 62
116 132 51
17 32
38 42 76
0 130
10 116 85
110 121 133 2
127 9
128 129 62
11 45 60 62
116 86
106 41 45
109 19 2 41 71
130 21 4 57 80 94
106 3 43
134 22 87
113 137
103 40 50 65 67 73
11 40 42 58 69
38 73
102 112 138 47
114 36 7
14 29 57 81
133 51
115 12 133 59 89
101 129 73 94
107 12 135 44 53 81
132 24 36 83
10 68
12 139 16
120 26 70
0 66
39 54 59
28 58 80
1 109 134 22 80 9
124 137 33 62 63
31 34 53
47 86 96
26 33 61
130 141
103 142 58
122 51 56
111 64
36 61
129 35
119 142 21 96
118 2 3
68 96
115 37
130 2 49
120 142 49 66
4 50 7 8
10 111 17
106 92
123 23 34 92
108 12 31 82
136 81
22 74
122 127 132 88
112 12 72
10 46 72
105 14 40 7
116 40 97
100 104 110 121 134 19 90
18 4 42 71 79
111 74 93
42 60
118 30 32
119 54 96
105 138
131 53
136 16
114 135 4 41 58
109 93
53 73
108 21 66 75 94
140 80 91
121 132 49 63
133 14
105 131
105 130 55 97
29 83
18 22 60 64
142 35 6 76 85 93
137 139 15 37 53 65
118 23
127 15 2
117 32 8 90
49 58 60
16 29
120 142
128 129 37 72 9
105 8
11 126 39 49 56 87
109 61
111 87
0 127 8
8 83
102 106
112 16 45 76
17 67 85
119 122 53
125 24 77
120 73 74
122 132 98
107 131 140 16 18 39 42
105 107 74
123 4 83
24 67 70
51 84
117 127 15 37 60 81
63 98
13 136 37 50
36 49
139 61
124 40 92
126 4
44 61 70 96
100 119 31 32 87
41 65 68
16 86
76 84 9
110 121 17 79
116 58 6
39 83
142 19 54 64
4 81 95
41 45 46
19 82
43 55
10 101 111 119 137 21 32 46 9 95
104 51 60
40 6
115 122 37 74 82
121 4
110 140 5 6 88 99
55 98
137 50 84 99
109 40
10 100 130 136 60 91
101 13 27
10 37 63
133 86
15 92
0 66 91
115 19 54 62 86
138 31 87
118 125 29 52
50 66
104 114 115 2 22
103 133
62 73
4 53 76
102 105 142 69
24 92
100 134 138 23 29 31 85
107 44
103 31 53 60 89 98
141 28 52 63 72
1 107
0 104 4 78
118 130
109 11 115 137 45 50
101 109 110 123 17 23
56 78
129 4 71
22 45
113 32
107 115 124 38
117 12 75
127 6
114 79
103 109 77
54 97
114 142 59 70
106 26
22 54 6 67
125 128 138 30 67 79 89
135 17 54 62 74
40 95
3 6 64
121 130 31 73
25 26 37 53 9 94
0 13 49
47 67
130 25
48 49 58
140 66 70
0 21 38 63
142 2 67 92 99
38 64
134 16
131 142 41 5 59 75 9
100 105 7 8
61 66
16 91
32 62 64 9
129 135 54
101 54
107 119
119 57 7
20 45 50
25 74
142 28 74 75
105 110 74
112 33 66 67
117 57 76
25 45 89
111 124 3 74 88
130 132 32 39 76
22 86 90
138 93
133 46 48 92
114 141
24 88
10 102 29 45 79
23 33 86
10 102 135 66 8
70 88
25 97
107 7 76
112 97
121 45
29 39 4 40 68 77
19 52 98
124 22
123 70
52 60
104 118 2
42 76
44 5 55 62
100 101 119
119 138 26 28 77
14 53 61 94 97
131 35 46 82
132 45 56 66 98
31 74
10 107 132
26 82 9
37 71 72 78 90
76 91
136 41
111 132 42 52 62
138 5
4 58
24 58 90 94
78 81 83
1 105 11 142
138 68
120 48 70
121 140 48 6
8 98
127 74
24 28 46 47 50 78
125 54
101 120 13 57 66 91
142 65 80
0 126 39 42
121 125 30 52
62 65 85
105 111 115 22
101 129 55 82
108 34
40 82
56 59 60
64 77
118 19 20 48 72
1 75
114 20 28 88
116 137 59 91
134 58
117 36
18 32 36
122 33 69
109 125 82
0 134
0 26 62
131 3
130 16
142 20 44 73 82
107 125 129 51
140 53 57 75
142 63 68
125 42
126 41 79 8 84
135 33 94
27 38 44
0 3 37 39 45 60 90
16 2 29 90
1 14 50
113 12 39
40 47
32 43
10 119 20 47 66 72 76 78
139 52 70 80
126 54 74
1 100 52 9 95
134 45 63
127 56 77 98
112 127 138 18
38 70
0 114 22 46 79
127 22 42 91
128 140 53
130 31 81 93
123 140 64
131 137 72
104 116 118 128 13
109 117 120 16 31 37 78 85
116 135
43 53 59
118 20 40 60 99
127 28 95
124 32 9
135 77
49 70
142 21 26 46 90
137 95
137 4 59
134 18 97
139 38 41
63 72 80
135 18
11 67
1 130 56 97
113 75
2 69
0 77 91
17 78
14 140 22
35 5 85
12 28 92
105 49 51 9
120 41
0 35 72
12 41 75
16 69
115 45 9 95
126 60 9
103 32 35 74 82
66 98
101 24 41 53 85 89
107 129 87 97
22 92
104 108 115 44 60 72
1 29
109 131 23 29 39
110 66 86
119 124 37 96
104 132 142
132 23 86
11 96
116 24 92
115 25
31 40 46
139 7 92 98 99
52 54
19 32 76 81 82
100 40 41 97
123 49 50
70 85
125 16 21 36 62
11 112 131
119 125 39 49 57 78
17 25
119 61
43 72
105 140 16 30 54 61 73 75
1 34
62 64 94 95
137 53 69 74 9
104 65
1 19 88
132 135 30 4 91
11 44
34 46 7
121 53 83
106 110 133 34 41 48 63
12 49 51 72 89
104 132 133 45 71
102 14
16 23
1 138
112 42
112 18 24
132 41 97 98
118 126 139 27 93 96
110 122 43 78 80
62 98
3 75 97
130 25 26 64 77
2 81 86
142 49
105 107 124 44 58 69 75
58 9
106 25 46
112 118 125 5 56 64
2 88 95
128 135 138 18 75
0 118 62 72
108 121 23 24
136 29 75
31 40 72
103 44 45 72
31 46
129 17 87
103 135 30 50 59
4 70
107 48
108 131 55
8 95
24 51
86 91
138 20 4 9
100 104 44 62 63 68
103 122 130
121 3 47 80
14 30
24 62
102 62
13 9
112 56 76 90
105 27 7
31 46 92 95
101 36 72
60 77 98
77 87
132 142 18 21 96
134 53 7 91
5 64
132 139 48 52 60
129 6 70 88
42 89 91
128 19 89
135 42
138 141 21
133 21 29 38
51 57 59 60 61 95
10 110 25 41 84
20 3 42 7 9
16 34 52 79
113 93
0 113 58 62 82
103 8
29 53 76
103 76
66 76
128 73 97
114 21 29
103 80 88
132 37 56
129 141 23 9
135 98
44 46 62 83
3 86
22 24 40 57
125 44 67
12 4 93
14 4 79
1 80
105 106 127 142 71 79
112 14 41
101 38 64 75
35 55 68
55 93
139 31 98
3 51 72 83
114 120
108 84
108 110 18 77 90 94
35 89
113 44 5 62
18 97
85 89
104 91
104 33 34 75 78
79 92
60 64 69 77 79
115 36
118 137 2 24 7
1 101 46
106 128 35 38 6
10 110 115 136 24 56 7
0 100 108 135
119 125 137 36 41
109 141 48 71 98
51 76
124 136 20 35 53
110 81
110 60
111 17 48
67 89
13 132 93
32 95
104 109 31
53 74
106 121 50
111 27 65 89 90
27 38 41 90
33 8
2 41 43
140 37 84
24 74
108 68
140 15 49 96
140 20 65 9
100 17 39
19 2 22 70
43 48 97
110 21 87
35 85
139 63
12 92
132 71 81
44 62
27 80
135 19 53 88
139 14 89
109 29 51
107 120 122 37 49
10 127 131 33
71 80
24 75
53 71
2 30
117 139 46 48 95 96
13 14 28 40 81
14 16 49 64 73 94
135 17
132 14 61
108 140 28 42 69
114 3 38 51 54 91
103 82 94 99
108 124 127 46 85
118 57
114 33 34
111 131 136 30
12 16
26 54 65
115 133 94
35 4 91
13 68
70 84
18 38 47 53 62 77
136 4 67 81
113 5 59
26 66 82
0 100 33 48 49
111 133 93
135 39
141 61
116 126 141 60 9
122 15 17 24 28 87
101 55 57 7
101 118 88
138 7
45 46 50 88 89
13 20 39 40 82 99
1 124 130
17 18 55
61 82
118 133 15
1 6
13 36 61 99
136 34 92
115 130
61 91
19 3
112 117 119 31 42
101 134 53 66 93 99
15 26 66
5 53
27 89 93
72 77
142 20
125 45 52
119 122 24 32
122 29 32 91
47 86
84 85
14 65
103 108 20 72
37 53
111 5 52 64 93
80 85
16 73 93 96
101 117
118 119 138
43 68 70 91
12 67 84
25 27 51 74
116 80
42 51
118 124
105 112 117 14 20 96
110 24 52 62
108 124 134 34 64
2 56
103 17 47 50
100 88
115 28 7 79 97
113 3 77
49 62 8
16 56 84
1 18 34 37
103 112
129 32 51 63 71 77 93 98
138 142
126 129 14 31 50 89
0 29
4 54 87
113 118 36 6
45 55 56 86
136 25
37 65 83
141 54 84 96
27 62
119 131 75 81 85
107 124 90 99
112 133 7 78
21 84 98
43 66
127 140
142 3 71
108 69
128 135 28 94
95 98
105 125 31 64
107 85
32 70
111 117 142 31 93
123 66 93
125 56 66 83 95
1 124 26 87
24 30 37
125 48 53 81 9
101 109 61 68
61 98
138 73 98
16 65 71
1 111
15 18 74
125 2 58 65 70
25 79 96
113 26 90
12 74
121 50
133 45
105 111 2 41 62
102 130 7 80 85
134 138 18 58 72 74 84
136 41 95
10 26 90
133 72 78
111 28 98
112 82 83
136 70 85
112 53 56
111 80
129 87
139 93
117 132 30 42 72
126 77 97
36 99
105 107 44 67
123 130 37
18 62 63
100 109
128 19 57 65 96
103 106 22 41
35 9
105 131 26 98
17 26 4
103 120 96
27 36 48
14 7
30 47 59
105 84
14 3
108 50
119 40 84
131 142 45 57 64 67 92
118 38
111 58
66 94
112 123 134 135 139 43 97
11 110 142 30
10 130 29 52
107 79
134 74 75 80
135 23 3 42 96
114 59
114 121 136 38
108 110 135 17
130 63 81 84
74 89
20 41 70 83 9
2 21 48
15 67
12 120 62 7
128 88 94
120 25 3
124 132 89
141 44
104 17 61
0 28
124 129 58 98
36 40 91
15 34 71 78 8 83 94
10 5
115 35 74
122 31
136 34
105 50 79 82 83
29 60 98
106 25 39 8
121 31
115 124 54 88
125 25
132 84 93
106 74
3 78
103 18 41 85
130 23 3
112 55
10 109 49 57
106 6 76
103 57
125 139 95
0 43 53 59 98
101 86 93
101 137
96 98
105 112 116 32
49 58 93
11 112 128 5 66
134 4 8
23 67
21 30 46 9
25 26
116 13 19 29 52
10 43
110 17 26 93
128 89 97 99
51 68 74 83
106 111
102 136 49
11 35
10 62
134 2 92
121 13 15
141 28
105 51
100 6 73
5 8 87
78 93
117 127 24 44
102 112 123 78 80
114 128
114 21 37 78
116 124 132 79
29 5 55 81
102 142
129 136 51 91
110 42 96
132 43
137 32 66
104 81
109 53 62 75
117 130 67
4 43 54 58
108 19 48 7 99
6 87
23 45 47 82
104 118 71
107 133 56 74
108 2 23
102 114 73
132 142 7 77
127 26
100 111 122 39
105 141 2
128 18
110 14 22 82
109 16 75 90 91 94
113 121
140 32
133 78
136 35 70
119 29 60 85
120 23
134 66
1 72
11 77
13 24 6
135 61 85 99
106 19 82
110 48 50 78
135 31 40 69
120 97
106 6 7
125 129 138
114 39 54 57 6
31 67 94
138 94 95
37 67 80 93
22 79
25 82 96
13 130 136 2
115 131 16 60 80 96
135 30
133 26 53 54 60 68
101 126
116 126 79 8
106 56
115 73
102 18 68
135 52 80 89
1 134
129 21 24 73
109 128 97
0 85
74 95
102 123 15 33
138 56 93
129 22 28 31 67
16 54 96
0 23 65
26 3 81
123 133 77
12 51 6 60 68
28 39
119 21
115 5 73 77 99
1 120 41 73
10 95
114 138 20
104 107 114 121
50 78
141 65
107 68 74 83
101 128
132 51
21 25 67 85
100 81
103 125 32 94
2 62
128 67
102 108 114 18 19
102 11 111 115 122 99
3 98
101 124 20 69
104 25 74
108 128
133 32
102 118 130
102 111 34 44 57 9
106 111 131 95
125 84 86 88 95
24 36 6 65 68
1 49
16 65 7
116 133
105 130 131
121 31 37 76
112 136 45
113 2 90
118 20
141 40 85
128 5 59 96
127 41
61 68
124 16
43 52 82 95
3 51 77
53 78
40 77
113 28 5 78
142 32
109 41 49 53
103 134
124 29 58 74
59 82
133 49 91 93
11 87 99
119 26 29
120 54
30 47 97
25 31 66
141 52 73
118 48 61 87
101 130 25
32 49 95
133 140 30
133 63 99
134 139 79
29 33 65 72 89
10 109 110 77
1 39 81
141 39 66 97
132 136 43 58
124 62 99
113 118 124 142 57
63 73 96
26 83
135 19 81
18 51 72 73 74
113 24 44 56 90 94
17 44 77
112 115 118 15 36 79
132 76 82
48 82
12 3 36 63
112 140 55
122 65
124 22 35 44 85
1 141 34 59
134 14 92
47 64 93
14 52 75 95
108 120 133
127 13 53 84
10 118 17
108 118
4 49 7
27 51
11 129 55 95
124 74 98
111 4 92
109 133 29 56 7 90
123 79 80 91
105 111 32
74 78 93
22 59
49 75 97
41 56 66
28 3
38 45 48
116 3 61
41 46
139 142 36 89
38 41 47 74 93
1 140
37 50 69
101 33 90 96
132 56
106 17 27 50 52 60 90 92
33 96
27 35 52 75
0 30 49 88
107 27 75
111 132 35
132 15 88
100 31
100 120 29 45 76 9 97
35 52 53
128 40 62
116 20 25 84
136 46
38 85
70 79 8 98
21 83 88
110 116 23
41 85 99
26 82
101 122
136 4 44
112 73 96
62 82
103 15
128 59 97
121 37 80
20 46 97
22 33
133 136 17 59 98
100 84
121 85 87
74 78 94
124 130
40 42 75 9
103 46
100 125
123 84
122 27 45 67 74 9 91
15 41 51 68 76
36 91 94
54 77
1 119 135
141 23
133 140 74
58 60
21 47
132 56 58 82
112 35 53
10 125 18 46
122 131 32 73
130 86 87
75 85
56 92 94
109 5 76
12 128 28 90
25 54
106 40
31 34
134 45 70
110 117 15
53 54 56
111 61 68
63 79 87 89
113 67 94
0 122 123 38 68
140 142 37 52
16 41 65 87
86 96
104 25 32 68
138 48
16 84
11 64
100 16 72 95
44 56 71
128 63 68 90 94
104 122 16 73
2 25 63
25 41 75
116 21 26 55 56
1 54 61 76 95
116 37
132 69 9 97
129 14 56
137 141 3
109 70
141 26 54 56 76
105 50 77
1 76
130 94 99
121 3 64
127 28 62
11 40 80
117 131 52 8 81 97
121 13 32 6 67 70
13 25 4 48 83
24 29 82
116 129
46 70
29 42 47
1 43 64
104 23
110 124 13 43 53
29 61
2 49 51
132 18
104 53 58 65 78
40 43 44 59 72
49 9 91
10 104 28
140 38
111 36 70 97
13 141 7 70 83 91
101 4
108 114 22
11 114 118
35 43 62
119 32
32 74 77 95
132 141 20 33 5 82
106 113 132 22 26
19 28 95
36 53
118 21
109 114 8 84
131 89
141 69
125 126 40
129 60
29 79
0 30 38 87 91
103 50 8
0 136 137
139 42 88
14 27 34
133 17 22 24 67
19 90
122 18 87 94
1 11 12 123 124 23 41 96
109 113 83
112 120 125
108 22 58
140 62 90
134 78
27 38 53 82
103 138 54
1 128 142
108 128 35 36
103 126
113 25 43
33 76
0 112
107 130 60
133 37 39
25 66
122 20 23 40
10 124 23 24 71 92
100 107 130 62
139 21 30
103 132 62 64 75 88 98
122 80 89
116 26 36 80
30 33 38 44 56 60
103 2
4 66 67 75 90
121 43 73 98
29 57 62 65 75
3 67
117 14 25 72
112 57
17 86
108 115 41 89
5 53 70
45 5
40 57 68 94
128 129 32
34 69 95 97 99
47 70 90
140 9
51 53 8
37 88
52 53 62 8
142 61 90
80 96
15 80
131 137 139
116 41 64 93 95
107 28 96
46 61
111 124 55
117 88
18 99
118 123 33 93
1 119 122 125 90
28 54 59 74
118 132 142 63
39 79
105 3 50
113 135 29 31
0 20
100 29 34
118 127 71
42 95
107 121 2
26 37
104 119 121 53
106 134 142 37 94
5 63 78
101 110 129 82 96
123 2 27 43 68
130 136 21 33 56
115 120 63 97
131 44 62
110 3 87
135 82 91
100 40 74
60 93
135 137
141 23 3 92
2 45
100 22 38
102 106 111 133
113 18 59
36 81 89 95
110 12 37 38 46 74
127 52 61
121 97
129 40
28 77
136 89
11 23 32
15 47
131 27 85
10 122 38 42
106 123
139 66
38 89
107 123 124 136 36 45 53
103 16 78 96
15 70 84
127 60
135 14 38
130 20
1 26 53 68
113 122 124 134
141 6 97
25 34 72
110 33 53 63
101 134 27 3 38
114 77
16 9
132 45
127 61
13 130
108 130 26 28 56
0 120 93
134 16 5 54 82
11 139 9
115 18 43 99
1 107 51
20 63
20 23 64 96
12 8 9
109 30
21 68
31 85 9
107 18 5 94
112 130 15 57
102 105 53
107 29 49 54
121 72
138 141
110 115 117 56 70 99
116 120 127 139 15
0 116 48 68
1 120 9
111 138 36
116 120
108 62
114 139 50
108 44 46 57 89
106 135 96
141 23 75
102 65
21 38 41
119 134 140 68 69 72
105 118 124
21 72
21 44 57 6
1 107 57
115 45 87 92
135 49 6
138 22 47 54 67
100 105 78
138 25 41 52 76
118 137 24 68
25 84
34 6 71
20 90
102 124 127 139
71 86
22 32
113 125 8
113 34 48
126 27 35 99
136 69
133 5
25 78
141 53
112 133 70
47 65 69 97
33 75 86
107 80 92
1 10 28
102 61 87 9
35 37
12 19 93
110 12 131 135 15 57 90 95
118 49
42 63 85
11 7
115 20 42 64 78
40 54 96
135 69
110 133 69
102 108 141 39 68
120 128 136
110 114
112 130 17 55
0 19 3 40
20 4
53 63 71 93
115 123 18
124 139 43
123 32 51 95
111 22 37 46 49
130 141 23
1 128 137 85 96
13 33 40 80
10 123 131 27
133 84
112 4 83
138 50
10 109 124 127 27 50 70 94
113 7 79
125 52
104 14 92
121 123 132 138 43 53
16 66
10 118 12 127 130 61 99
142 3 35 66 68 9
5 65
137 140 20
138 19 27 42 44 59 82 98
131 3 58
16 71 78
1 24 75
101 113 86
63 70 89
78 80
34 54 74
116 135 7 87
102 14 64 78
130 88
11 125 33 38 50
82 96
81 95
132 6 75
118 54 76
106 130 67 93
111 13 135
135 138 32 71 81 9
16 41 60
100 111 61
131 2
8 86
133 138 142 68 84 96
117 124 35 6 75
74 86
95 99
109 17 41
132 89
28 97
104 106 69 89
114 124
137 73 79
106 8
126 140 37
100 21 23 55 78
112 26 4 46 57 64
10 103 133 18 36 68 75
32 6
11 94
127 57 93
13 7
10 43 60 78
63 74
103 21 60 76
102 106 134 92
77 86
104 19 42 57 61
112 39 47 96
73 9
15 96
120 83
21 67 74
13 140
29 73
35 74
115 133 68
135 82
53 63 7
133 39 93
57 73 97 98
100 103 60 79
118 135 52
114 20 48
103 56 57 64
16 70
17 34 48 68
23 34 49 8 9
20 41 43
8 91 98
100 12 77 87
1 114 45 68
41 78
131 60 78 79 86
51 62 65 67
20 31
102 126 18 35
101 16 2
122 141 39 58 68
100 2 65
113 115 14
122 138
111 62 78
67 90
142 16 47 96
137 9
55 64
123 35 81 96
132 17 4 41 46 94
131 59
18 32 41 51 86
36 62 75
111 142 37 51 73
125 27 28 50
140 34
52 66
137 38 82
136 141 85
115 52 90
27 32 39
24 34 71
131 132 54 99
117 9
115 67 7
108 33 84
37 46 57 63 77
130 30 98 99
113 131 14 18 9 95
21 92
108 38
104 50 57
104 126
105 58
0 70
118 135 139 142 8
105 27
101 119 42
13 74 98
129 4
1 38 39 54
69 90
120 6
108 21 32 79
128 66
35 40 79
113 49 67
117 32
114 41 5 76
118 13 67
128 64 84
106 121 57 69 98
24 59
100 112 134 33 74
32 33 7 88
13 38 70
137 22 53 59
15 26 61 68 7
116 127 35 39 43
0 110 64 98
48 60 95 97
119 120 122 28 85
119 45 67 79
25 8
133 24 44
25 5 81
101 59 72
1 31 84
34 35 53
111 115 19 24 30 43 94
83 97
102 28 33 35 47 98
123 53 69
36 5 88 99
107 13 135 141 39
135 46
109 140 32
137 139 36
107 65 78
107 17 20 35
114 20 58 9
125 127 128
22 48 51
39 53 94
51 82
106 125
127 16 17 84
138 46 81
46 56 76
129 135 137 46 83
112 134 39 61 94
27 33 62
113 62 8
140 42 56 63
5 53 64
126 5 55
129 44 65
119 35 62 65 73
111 37 60 77
106 110 115 63
119 124 142
104 81 9 97
24 4 54 85 94 96
117 31 67
1 110 47
126 60 95 96
42 50
131 132 60 65
113 141 16 60 81
123 63 86
129 77
12 135 19 29 32 42 83
27 37 55
141 79
35 61
57 73 79
23 45
123 137 44 71 8
132 57
131 136 55 78
10 12 54
25 76 82
0 100 116 42 6
120 30 88
110 121 71 79 90
123 52
19 22 31 32 84
123 88
38 58 60 70 80
35 71
11 136 98
112 12 128 93
118 71 75
117 131 37 48
116 33
11 43 51 76
136 139
56 61 68 71 74 96
112 80
76 98
10 36
125 21 22 85
22 46 53
133 22 56 91
34 7 92
101 36
19 81 96
114 14
27 30 60 64 77
102 37 40 79
21 40
107 109 25
116 2
51 80
103 110
113 72 75
10 123 142 26
107 40 93
2 37 85
124 18 23 45 54
116 124 77
110 111 115 37
0 139 140 43 86
124 128 44 45
1 30 56 96
131 40 68
120 125 13 49 57 76 79 82
136 52 67
107 131 59 97
136 67 97
113 2
0 50 55 8 80
107 56 84
109 62 85
34 92
89 9 91
113 133 56 63
1 118 126
125 138 27 94
101 124
10 42 75
69 70 71
100 113 120 14
21 32 72 77
0 125 15 21 5
33 79 9
139 87 91
109 3 35 91 92
100 43
140 70
130 54
133 42
109 141 85
102 5
13 31 35
21 41
101 113 120 21 37
10 102 69 95
100 108 90
80 91
20 97
133 75 88
111 33 63 68 93
101 124 34 96
102 13 62
13 23 24 43
121 123 54
59 92
18 51
132 32
106 130 18 82
19 89
126 74 89
27 33 37 70
104 113 134 4
119 131 19 39 7
83 85 90
1 115 50
36 45 49
129 132 135 22 35 36
20 64
108 128 24
50 53
11 126 133 36 94
14 141 18
21 25 85
125 22 50 63 75
0 124
112 121 72
125 57
1 139
127 67
14 27 39
107 129 53 56 59
113 16
100 125 35 63
0 107
108 23 87
80 86 90
139 29
116 37 62
112 120 40
103 105 45
123 22
0 82
49 96
135 136 57
114 123 129 13 132 75
61 63
131 24 5
85 95
123 141 96
111 137
116 63
14 22 4 76
108 123 25 63
3 51 6
105 11
142 85
14 76
102 108
109 122 32
1 121 42 7
117 58
141 47 84
119 126 24 62 99
32 36 46 87
10 9
52 69
142 88
24 35 59 93
35 97
111 48 73
141 142 28
22 31 35 38 8
0 132 5 50
104 139 46 92
122 83
16 48
3 60
104 37 68
129 137 3
46 53 86
138 51 92
110 75
122 131 69 70
63 72
71 91
64 75 94
102 107 72
109 125 5 86
87 92
124 92
33 64
22 29 34 9
134 19 32
127 25 42 86
55 94
48 60 64
119 4
123 141 44 59 71 91
111 137 34
41 73
109 38 92
116 49
102 117
121 47 90 98
125 139 15 40 85
102 89
129 17 44
131 74
100 126 28
83 99
49 76
118 123 136 33
15 28
103 106 139 33 6
121 43
74 75 77
125 56 89
127 19
12 137 52 9
113 59
12 23 69
115 86 91
130 132 6 93 97
111 126 57
112 127
11 123
115 12 140
1 66
108 12 14 41
42 66
131 86
125 53
109 110 111 127
101 112
110 132 23 34 61
108 141 86
114 14 22
118 136 30 45 59
17 60
125 131 24 43 66
107 64 89 91
116 57
142 66
130 67 84
118 131 63
127 87
14 81
133 49 85
112 34 57
139 20
108 27 89 9
34 66
1 107 4
4 57 6 63
110 116 132 85 9
134 17
19 36
128 56
1 105 26 71 99
141 31 52
121 140 43 98
11 121 136 41 58 98
41 8
122 24 7 71
10 126 128 28
48 91
114 118 50 82
141 31 37 62 64 85
100 90
34 7
58 74 98
139 52
16 22 42
124 35
45 54 77
117 13
23 63
58 92
138 4
121 24
110 54
10 54 75 80 99
104 116
1 134 41 83
23 51 60
120 127 28 33 47 82 87
13 75
101 122 132 29 83 92
4 68
132 3 36 80
101 105 69 73
101 107 131 14 96
134 138 32
125 126
136 15 36 7
120 14 43 52
37 94
110 32 42 74 99
11 19 50 84
30 52 78
1 71
27 31 47
105 29
121 129
4 5
13 64
1 105
113 137 50 62
125 2 27 37 81
105 135 83 84 86
125 21 63 7
67 72
1 108 48
52 55 89 96
23 29 49 78
119 53 74
127 44 75
108 14 73
107 110 27 41
108 130 27 64 76 80
58 66 81
10 126 133 48 90
112 70
129 76
137 70
15 3 63 66 80
69 89
127 138 72
101 23 45 55
121 138 98
106 114
114 131 29 84
131 139 14 25 53 68
101 115 60 83 90
37 38 4
112 43 80
2 36 54
118 56 57 98
117 20
113 89 96
138 30 59
116 69 75 89
120 28 29 55
116 127 24 58
128 137 139 14
22 65
1 118 87
85 93
21 30 4 9
22 27 52
117 138 140 31 52
4 94
131 55 61
50 7
30 45 49
2 27 4
1 12
119 131 26 53 58
20 57
104 115 47 71
116 7 80
76 93
133 138
126 29
67 70 89 99
127 129 139 50 54 66 76
125 139
139 55 95 99
28 38 64
130 47 67 9
58 85 87 99
123 86
75 78
105 48 54
132 85
124 42
129 18 56 60 86
117 94
119 54
105 12 17 37 68
103 118 141 16 67 76 88
81 99
142 88 90
37 91
126 30 94
14 53
100 117
121 16 57 82
0 24 97
14 71
28 53 59 68 70 86
128 13 14
140 20
10 89 90
104 44 46 5 52 66 82 89
115 53 67 75
129 130 62
41 74
33 91
101 119 90
103 17 35 61 65
29 38
53 54
130 51 62
100 112 58
140 40
12 137 49 88
140 38 73
31 4 54 98
137 25 27 37
40 91
105 36 63 92
118 25 79 86
128 129 88
19 30
37 79
10 74 98
108 118 51
11 3 78
120 71
108 130 7 82 88
123 31
24 84
89 98 99
104 89
21 90 95
115 118 23 36
10 26 67
112 21 72
138 142 47 48 95
118 40 50 60
35 46
37 40 77
108 25 5 56 66 89
11 35 47 76 80
19 28
125 21 3 62
13 64 99
125 22 77 93
31 66 78
3 51 62
106 79
120 135 92
45 65
46 94 97
0 109 128 130 61 71 76
111 8 82 96
0 11 124 26 51
135 140 38 7 80
43 60 87
124 128 76 84
106 119 49
38 62
132 65
125 129 47 73 84 93 98
79 91
13 29 60 63 92
26 64 74 97
0 87 90
135 4 65
23 96
34 41 74 95 97
142 15 17 38 94
117 125
33 37 52
107 111 54 61
19 64
15 62 86
108 121 135 92
103 45 71
15 18 91
26 75
118 28 51 7
2 54
117 79 85
121 23 83
10 122 28 31 50 79
119 128 87
34 83 94
13 35
46 62
1 115 77
19 21 74
125 132 17 34 81
111 118 52 74
126 65
124 20
101 65
127 23 59 8
19 5 56
26 97
128 37
123 31 34 66
128 21 65 76
129 137 20
116 18
71 73
107 135
28 75 90
58 65 94
10 61
10 32
115 12
52 76 87 98
141 23 35 66 67 9
117 134
24 38
110 52 76
117 60
124 18 48
104 111 2 3 33
22 5 60
109 66
1 141
128 15 2 20 48 55 78
58 71 76
20 47 59
103 23 40
54 76 96
105 45 50 78
118 119 138 61 89
100 119 43
122 23 31 33 38 40
126 131
48 6
102 104 118 41 99
21 45 65
100 111 64 97
55 72
106 63 8
79 86
105 126
136 39 72 83 92
113 14 57
101 123 128 3
62 64
113 64 83 92
122 64
32 48 88
12 13 133
114 141 56 97
113 98
17 87
124 128 19 4 50 70
105 125 18 32
136 31
111 54 74
142 80
104 25 51
110 120 80
113 126 3 61 88
12 22
20 21 82
140 96
98 99
126 134 70
53 77 85 97
104 74 95
129 133 135 140 36 46 71
119 133 35
25 27 32 5
59 89
74 88
13 62
3 42 88
100 46 71
117 15 91
119 87
14 49
141 50 56 89
112 19 34 46 49
139 44 59 61
107 31 46 54
0 36 52 55
117 122 131 4 60 85
114 129 78
129 33 46 61 62
3 43
108 137 32 4 78
46 97
29 92
113 12 134 49 57 82
101 124 4 98
1 121 56
1 117 24
110 24
111 112
56 7
139 59 93 96
126 15 51 62
131 97
105 117 12 129 28 52 77
141 19 58 95
112 21 54
112 141 82
127 129 51 75 98
121 130 135 139 2 24
101 54 99
114 15
104 111 54
36 7
134 20 22 66
105 79 97
108 79 85
122 133 60 71
116 54
124 44
38 5 86
57 71
100 105 12 127
103 127 132 67
13 141 34 35 66
12 91
132 82 90
106 19 21 3 39 44
128 129 34 74 79
19 5 86 87
2 33 8 93 94
100 3 36 53 61 87
111 37 40 71 9
132 26 88
115 63
71 82
123 137 36 77 87
100 110 95
43 90 91
127 81 9
103 60
45 80
35 51 78 82
111 124 54 84
125 139 86
131 137 6 97
135 33 51 72 76
116 117 127 49
102 86
58 60 94
119 126 138 8 86
107 15 91
66 73 82
21 3 73
10 91
101 56
19 84
107 136 59
41 65
108 33 34
104 18
17 36
105 86 9 92
10 101 18 29
137 14 8
0 27
42 54 65 70 92
112 9
114 80 97
120 130 133
10 114 29
128 132 61 77
105 109 117 25 61 71 72 97
71 89
105 115 12 24 66 67 97
116 126 44
25 30 70
113 22 51
136 57 72
122 132
100 111 53 76 99
100 93 99
107 12 54
107 51 52
57 59
52 80
126 22 84 86 96
111 42
100 123 81
12 60
115 122 20 23 29
3 43 69 72
44 46 69
142 56
45 6
121 34 58 91
122 129 19 36 87
19 60 87
119 139 97
110 114 83
11 139 99
140 61
113 119 128 50
117 14 27 35 6 64 74
61 64 75 77
1 99
129 134 86
103 19 56
15 55 7 71
3 33 58 99
140 44
113 56 82
32 75
14 47
105 70 92
108 126 39 90
141 72
103 40 7
102 111 58 65
47 49 57
137 22
83 9
47 84
107 139 46 81
57 88
120 124 46
101 107
130 140 142 96
28 36 71 82
10 11 28 31
110 52 80
115 51 63 89
27 39 96
138 69
123 89
116 19
117 8
102 111 20 58
131 14 77 91
8 90
25 88
104 15 30 74 92
79 96
110 117 119 24 67
49 5
36 94
1 113 120
28 35 92
44 53
12 19 65
10 13 35 37 45 79 86
20 22 48 67
8 88 98
137 17
113 124 135
12 132 23 87
109 33
1 13 26 81
109 121 71
105 115 16 44 61 88
29 36
6 89
115 99
118 68
1 117 34
14 66
2 52
116 71
62 85
29 85
19 32
44 96
108 40 87
108 135 27 39 4
76 90
108 113 118 128
132 7 88 93
25 60 83 89
103 45 96
37 83
103 94
31 68 94
116 36 54
114 132 80
34 85
11 134
30 4 51 54 6 93
111 139
56 71 72 86
30 48 67
104 133 55
141 88
113 130 18 66
36 59 85
68 74
11 117 120 122 48
102 29 46 55 99
33 83 97
107 59 82
129 44 96
104 74
126 142 60 86
35 41
18 89
1 104 91
142 79 98
109 116 31
107 130
122 128 42
26 99
110 16 76
117 50 74
119 131
105 122 30 67
131 64 79
108 115 20
112 116
120 29 93
131 22
109 133 73
101 82
128 138 67 99
119 133 136 137 17 4 82
106 117 35 52
40 96
125 13 56
104 118 82
74 78
0 116 20 33
108 2 29 37
2 23 26 73
140 28 67
39 5
110 113 47
109 119 83
112 127 136 22
117 128 37 52 53 8
141 15 60 8 80
40 68 79
13 18 49
136 53 54
0 66 8
110 89 99
68 73
111 117 30 83
101 11 84 95
107 133 41 53 80
110 117 22 24
13 96
30 61 77
101 142 96
100 103 120 58 73
114 25 8
110 113 2 21 49 53
128 140 30
27 32
0 101 118 131 134 138 49 89
54 91
52 66 89
105 22
17 43
115 50 65 94
102 12 139 37
30 79 81 85
124 53 83 92
101 2 87
53 92
101 22 33 72
109 138 63 66 89
128 35 82 90
1 16 45
29 64 74
105 94
12 17 24 37 67 80
2 24 30
135 136 18 83
1 127 14 18
0 111 67 79
130 135 21 31 80 87
100 131
1 106 79
29 39 86
104 15 44 45 5
38 71 87
3 46
116 88
125 99
0 110 42 48
121 32 41 45 69 81
100 120 5 51
116 76
39 76
111 23 52 76
140 97 98
131 7 83
141 83 85
100 106 80
132 27 64 92
125 134 142
1 112 55 62
118 54
0 14 80
116 120 25 70 90
101 132
139 31 7 87 92
10 11 125 47 54
105 132 26 7 79
131 44
41 52
126 23 93
30 87
112 89 97
114 132 90
103 107 64
18 98
118 139 57
22 4 75 94
1 133
138 45
106 139 76
101 41
118 122 19
112 130 140 26 92
102 132
49 61 68 98
38 66 99
110 4
118 48 72
112 38
19 68
139 59
139 2 42 68 89 95
138 86 95
109 110 135
112 139 22 72
108 117 119 122 35
28 76
13 140 29 67 69
17 20 21 53 64
113 33
111 117 2
12 126 137
136 142 87 96
27 30 52 87
48 49 70 84
29 99
120 127
111 123 127 135 90
111 139 142 35 39
119 27 89
100 18 35 51 63
101 114 43
52 58 70 88 97
126 142 70
129 26
131 16 50 75 99
117 3
22 27 50 71
121 127 128 134 64 80 96
100 114 125 37 99
116 140 68 79 87
103 107 49 63
36 50
109 2
108 64
114 50
20 66 87
59 9
127 131 35 48 94
136 21
1 114 142 22 41 50 88
34 49 54 85
135 47 95
119 67 84
107 126 134 35 67 89
16 2 44 52 57
105 110 80
82 84
108 42 47 63 95
106 11 119 76
113 52 66
6 91
137 21 60
1 10 103 110 134 31 43 45 47 51 59
0 75 76
50 84
12 36 9
119 96
25 50 60 75
138 142 47
114 14 17 91
131 15 3
118 18
118 86
27 57 66 86 94
18 62
120 127 61 73 99
46 68 97
15 45 59 79 97
128 73
117 135 136 57
14 141 38
19 77
20 98
116 119 34 55
109 140 31 67 99
32 67
101 89
126 15 40
135 138
11 7 87
107 124 127 142 33 47 95
10 138 38 95
110 23 40 85 95
106 49
0 106 122 70
127 39
138 62 73
134 72
108 20 23 44 7 86
11 12 132 25 7 87
124 126 127 69
63 96
116 12 18 81
27 30 57
107 15
104 113 116
12 97
111 14
103 14 83
104 4 49
20 68 91
47 53
141 45
117 18 50
57 69 81
117 136 3 57 91
108 130 15 33 5
121 22
18 2
130 139
12 39 99
40 54 93
121 127 128 16 77
115 13
134 68 93 94
110 8 93
103 37 79
38 9
2 33 69 76 77 82 91
3 32 40 61 84
127 139 23 77
113 65
104 73 77 78 98
104 132 140 87 91
29 39 81
101 114 119 130 6
37 62
10 133 14 41 83
51 58 65
25 26 96
123 131 41
59 69
62 96
69 72 86
104 108 129 24 89
109 132 96
13 20 28 60
110 16
21 32
116 120 41 64 88 94
27 7 73 8
24 58 74 83
140 42 52
101 112 118 131 4
104 35 70
103 135
117 12
105 15
26 4
0 123 129 71 94 99
10 137
124 128 141
110 112 122 133 2
130 32
106 107 128 84
0 39 70
128 69 96
130 49
109 142 15
10 105 119
104 62 91
119 134 26 44
138 49 62 7 85
4 59 96
102 38 97
31 37 79 99
114 118 129 33
138 91
109 127
1 104
14 56
5 77
100 107 4 81
102 54
11 60
10 126 18 59 81 87 95
50 66 74 88
139 54 57 6 69 78
34 54
111 32 56
24 53
18 96
119 6 82 86
38 7
10 122
100 133 24 29 33 43 52
128 20
111 116
141 16 45 9
125 136 24 94
4 92 96
101 118 14 15 41 92
41 75
115 16 54 57
142 79
114 126 75 90
72 79 8 9
37 68
23 93
13 33 60
127 30 31 59
2 28 59
110 48 72 75
104 114 21 56 77
13 133 26
20 38
101 31 93
134 16 68
114 117 137
115 125 128 14
115 138 139 70 78 97
110 2 46 6 98
101 134 48 69 73 89
10 12 38
0 103
10 86 91
103 58 77
138 6
18 29
120 50 88
112 120 14 22
134 32 83
33 73
132 80
113 91
119 138 4
52 62 80
139 30 31 75
100 142
25 47
49 52 60
42 62
134 42 43 5 9
35 41 63
130 59 63 95
39 69
18 30 8
101 16
125 39 60
100 103 105 110 98
15 37 66
127 135 56
125 44
113 35
101 80 85
116 74 93
29 45
10 117 29
33 37 96
12 70 9
117 96
111 126 26
17 36 52
106 20 57 88
107 108 140 48
25 26 32
0 102 75
47 63 96
27 42 84
128 19 8
80 87
62 68 85
12 123 136 20 44 71 82
112 32
28 33 49
30 79 88
131 132 43
11 20
118 57 79
5 84 95
119 37
136 18 37
113 53
0 37
50 51 55 80
100 60
23 62 71 75
0 113 51 56
100 65 7
1 125 29 35 36 43 46
107 123 130 56
39 55 56 62 67 87 88
125 135 24 3 8 85
117 4
102 5 66 71 81 9
105 42 52 57
108 111 112
122 95 98
123 74
100 121 49
107 17 54
134 37
109 135
50 83
106 11 133 20 51 65 69 81 95
36 58
134 14 37
64 96
127 14
126 16 85
128 18 41
114 68 8
71 81
0 32 86
62 92
111 30 49
29 33 38 46 99
60 78 80
118 35 53
48 93
138 63 64
35 88
0 21 50 68
72 79
10 40
124 128
117 140 21 27 60
114 122
119 127
115 31 66 76
121 33
114 126 23 27
109 12 41 47 72
133 29
1 103 132 63
48 7
110 112 68 74 89
118 123 50 70 94
128 135 18 75 80
137 49 96
121 124 126 24 60
140 24 27 57
31 51 62
18 3 68 69
33 41 57
130 137 51 57 72
120 122 13 41 97
52 77
39 66 72
105 137
16 30 41 95
104 11 118 38 7
42 45 78
130 18 96
0 11 128 142 55 71
106 129 22 30
2 31 41 73
86 95
125 129 135 40 60 76
51 66 70
114 124 22 96
136 23 5 98
81 98
136 91
56 58
123 18 54 82
118 134 34
32 46 63 85
101 46 60 75 78
115 24 70
124 135
118 121 24 73
40 98
13 36 45
100 117 129 57 83
109 119 4 51 91
118 47 95
50 84 87
130 50 85
62 82 87 99
1 112 30 75
10 100 135
0 131 82
134 6
49 78
118 137 14 43
0 49 71
30 56
16 38 92
30 47 82
0 53 68
126 40 66
0 132 18 91
25 40 42 65
108 12 125
22 56
109 117 48
109 29 34 58 62 68
106 112 13
39 44
57 85
26 91
101 104 136 51 82 9
18 58 73
0 67
28 8
116 79 90
108 23 48
118 30 70
109 137
137 141 29 37 56
114 116 137
10 129 24 27 50 92 99
56 85 86
103 111 24 49 88
45 86
59 74
101 135 66
110 48 8
117 52 60
104 123 32 88
103 111 119 70
104 129
63 86
106 16 48 75 89
104 90
110 136 20 30 58 96
136 68 73
10 15 22 93
15 74
46 55 82
52 57 66
102 36 69
130 134
117 142
21 39 70
138 41 69 88
126 28 31 51 67 71
121 129 37 54 62 91
9 96
121 82
108 137 27 9
102 122 14 18
103 95
11 19 24 40 94
27 70 75
132 16 17 50
1 100 3 45 88 95
124 14 26
105 35
102 64 92 95
136 54 92 93
115 14 15 83
123 26 93
121 83 95
132 14 41
11 111 123 72 86
123 18 29 35
131 27 96
113 132
111 76 84 94
109 139 27
26 42
123 141 39 67
22 3 31
100 38
120 25 96
14 82 92
132 142
26 61
109 5
137 57
28 52
22 95
113 28 99
10 45
41 76
10 56 81
111 20 52 90
100 41
106 135 138 29 39
100 134
38 5 6 87
120 129 133
128 69 83
136 65 86 9
27 5 77
140 2 49
102 110 52 92
18 35 78
124 17 26 86
32 5
108 37
134 75
121 131 36 9 96
119 25 26
67 83
112 120 123 52 64
113 126 17
129 41
58 91
141 34
135 141 3 74
111 114 12 65 66
132 63
27 31
109 17 72
104 125 73
104 46 51
12 48
16 39 45 46
110 26 55 79
135 15 23 9
109 122 65 87 88
121 31 44
134 77
14 29 99
14 22 72 74
100 26
1 121 31 41 62
0 10 127 18 27 53 66
113 121 3 41 99
104 116 118 17 60 79 91
109 76
104 117 140 80
1 132
64 8
62 90 97
27 82
110 29
0 110 67
22 61
101 129 3
50 77 81
55 64 90
18 38
128 60
110 30 55
121 134
19 34
29 8
128 18 67
133 33 90
58 87 95
17 31 33 7 80
31 75 93
112 95
27 96 98
101 112 47
126 44 60
102 63
31 44 59
123 135
125 21
109 53
120 49 8
120 132 86
29 32 51
74 92
139 20 34 78
0 48
0 16
107 111 115 12 15 31
14 19 27
41 60
120 42 5 68
134 29 35 7
101 103 123 27
123 124 64 70 90
34 47
115 116 129 57
22 31 34 46 73
64 83
10 38 54 91
109 140 64 89 98
103 118 130
106 123 28 33 70
15 67 88 96
31 40
101 125 14 73 84
26 44 54
118 131
127 31 62
12 122 48 84 90 99
66 71 83
102 111 46 47 6
41 61 70 80
136 17
44 83
115 24 91
125 97
12 35 71
125 23 68
10 36 39 62
12 83
110 31 5 77
136 22 61 71 77 8 82 84
64 75 9
0 13 16 20 59 84 93
102 26
17 75
134 5
107 121
17 70 74
38 43 90
34 63
65 66
106 22 63 66
123 48
51 86 9
58 6 84 96
101 25
117 43
0 1 133 21 59 72
11 24 40 44 6
54 88
125 56 74
115 55 59
141 27 98
104 115
100 85 9
10 3
134 140 39 59
38 42 53
106 108
60 72
0 107 18 80
105 133 83
32 42 51
101 134 27 37 42 59
124 33 40 42 67 88
53 62
113 141 23
21 84 92
125 78 91 98
108 124 55 95
15 86 89
10 125 140 43
17 59 72
109 132 35 68 70 91
1 140 15 21 68
110 39 44
127 66 72 97
34 47 69
14 16 38 57 64
3 75 86 91 94
11 14 7 92
47 58 64
35 75 76
15 83 99
23 88 9
115 85
66 86
22 96
100 59
21 22 65
13 76
20 24 72 77
134 74
104 82
133 90
102 43 88
132 133
134 46 92
109 122 16 32
109 130 15 85
113 31
21 38 58
63 97
131 15
101 109 58 76
109 17 33 96
139 44 57 77
138 16 22 98
0 124 67 91
142 50 64
41 67
119 49
70 73 89
21 54
36 46 55 61 96
13 39 82
100 107 46 52
31 7
39 42 52 6 61 97
10 137 15
20 27 73
117 26 7 83 86 87
49 60
121 88
125 38 47 86
118 23 32
122 46
137 140
120 35 45
118 133 7
28 49 78
100 118 120 122 33
102 140 20 72 79
130 76
109 73
102 126 15
14 82
1 139 64 7 8
39 63 75
64 84
34 91
105 54
1 110 36
1 114 131 45 68 97
11 128 15 68
142 54
61 88
120 57 91
107 113 124 23 28 50 80
109 17 43 45
10 13
120 122 15
19 34 53
132 3 39 40 83
19 31 36 51
121 142 25 55 61
109 85
121 13
32 98
118 129 29 3 69 94
136 28 46 74 94
116 15
118 44
102 3 34
56 88
22 27
102 128 28 84
2 32 66
114 45 52 59 9
11 27
127 131 141 142 37
110 132 32 78
17 52 71 87
101 41 60
115 140 2 63 99
2 34 59 73
61 78
114 120 129 136
25 38 56 96
103 36 38 54 9
142 69 79
135 31
135 18 70
36 55
116 135 6
109 11
104 3 71 72
114 88
12 38 49
106 26 94
13 134 37 54 58 71
100 102 13 32
4 41 78 89
54 73 78
0 116 70
111 117 118 140 46
142 26 27 4
10 107 57 74 76 94
129 51
107 133 137 16 99
132 59
134 34
102 42
108 11 115 17 85
61 67
117 21 4 75
105 62 78
131 81 85
21 86
34 39 45
119 80
40 6 76
46 75 8 91 93
11 132 22 75
27 93 94
101 106 42
103 59 62
11 123 33
111 34 64
113 94
124 75
27 51 73
109 53 94
128 69
136 44 56 97
113 65 93
106 137 4
12 61 78
6 64 8
109 43 49
125 84
121 126 16 20
112 116 33 74 9
31 49
114 122 34 48 53 68 7
69 77
134 15
107 37
113 42 47 49
119 66 94
136 23 60
48 67
110 43 45 59
19 7 99
133 34
19 55 56
61 73
114 115
38 87 97
138 23 24 3 39
106 85 86
26 6
27 78
10 104 38 86
139 33 46
137 25 38
126 24 59 95
21 61 91
103 110 63 68
62 72
137 23 82
10 131 92
120 28 77
31 46 95
11 130 16 42
108 8
140 32 58
14 84
18 35 45 91
134 42 87
101 58 97
100 140 83 90
15 29 54 84
127 24 86
33 44 99
108 113 118
12 126 9
13 21 42 66
131 141 61
124 66
13 95
10 129 4 8
128 132 34
0 114 125 77
118 29 79
130 4 97
133 81 82
10 121 13 51 76 78
136 52 56 65 67
113 79
20 46 67 82 91
105 112 74 83
115 118 12 129 16 40 92
108 109 53
11 128 35
10 46 97
15 49 51 6
107 11 36
123 19 59 68
102 5 74
128 32
0 120 76
116 21 73
124 74 85
32 89
104 28 67
106 113 122 138 49
0 46 53 91
111 16 24 43 62
27 57 77 97
100 124 46 59 8
23 6
107 116 14 66
103 11 134 78
114 13
14 5
13 29
21 30 37 96
1 64
73 78
106 114 123
51 76 98
111 70
49 97
133 61
102 130 54
117 119 36 51 67
135 92
108 120 37
103 56
105 69 88
105 48 8 95
69 94
114 139 34 35 5 73
137 33 4 64 97
11 111
51 58 93
103 4 80
80 81
10 76
107 114 23 85
101 32 39 83
11 2 83
50 73
128 4 57 65 96
65 72
122 31 92
12 136 137 99
108 39 94
125 137 94
118 21 53
37 54
101 47 7
16 58 69 87
6 68
104 70
119 4 68
41 42
131 19
46 87
107 109 16 27 29 5 69
134 34 6 95
131 24
50 64
110 40 41 42
23 80
133 138 81
139 81 9
109 128 89 95
79 82
130 91
100 140 56
112 125 138 47
125 80
117 84 88
100 125 129 34
134 57 74
109 63 81
136 139 40 83 97
32 48
102 60
102 108 65 88
128 31 78
130 132 25 95
78 92
3 38 49 94 95
117 123 25
114 2
32 60
12 34 56 93
101 3 71
126 79
131 55
116 41 90
46 88
109 55 89
119 26 58 90
107 137 46 87
123 13 64
25 36 71
103 36 8 91
118 12 23 33
108 117 122 43 91
15 18 57 98
117 139 38 46
63 85
0 123 133 20
102 106 132 2 44 58
21 49
34 71
20 69
104 123 139 16 4
103 112 21 64 66
142 2 53 74
139 26 71 78 80
116 142 81
12 2 59 67
142 31 67
15 22
114 82
110 118 27 52
112 12 60
126 136
63 69 77
113 120 59
109 113
122 23
77 95
32 96
117 63
18 23
140 37
115 46 74 9
12 127 7 81
75 83
129 54
15 78
15 75 77 93
37 75
108 54
123 43
129 16 37
0 40 78 82
123 79 88
0 102 106 69
128 82 84
119 14 31
115 74 93
61 70 8
28 53
129 130 93
14 40 42 47 71
103 64
116 26
31 72
1 62 86 9
23 69
41 80
102 41 8 91
119 124 132 14 23
120 6 98
104 38 49 74
107 81
113 127 129 21 37
56 86
130 139 55 58
1 105 109 140 21 74
132 87
103 114 35 73 80
24 75 94
102 111 17 78 79
5 60
12 31
100 104 39 45 93
14 57 6 9
1 39
134 69 96
115 120 141
100 18 22
109 139
18 3 60 61
111 138 30 90 95
2 99
111 96
111 54 58 82 90
124 54 61 62 78
116 139 82
0 137 59
69 99
118 97
102 36 60
116 118 140 72 89
100 9
4 83
1 81 95
130 43
30 85
12 125 141 20 71 75 87
15 46
118 42 66
115 45 54
125 138 17 67
103 18 51 95
33 43
4 62 70
1 39 7 94
103 113 122 30
122 135 139
114 2 97
122 134 29 34 63
1 30 5 71
117 39
105 33 77
132 35 39 57 70 77
10 16
39 73
56 95
100 99
111 118 142 44
23 38 98
134 21 24 63 83
37 38 42 49 8
22 98
114 131
1 41
44 65 97
1 100 142 44 56 88 95
120 138 63 81
13 97 98
102 27 65 71 8
137 31 49
0 120 40 59
29 49 96
29 82
116 141 83
111 49 92
3 51
108 121 58
109 28 31 89
11 28 29 37 43 66 96
120 31 49 95
104 5 52
103 120
116 15 56
107 132 45
141 45 46 70
112 128 130 5 65
66 88
106 32
107 15 28 31
119 29 34
0 141 88 92
101 59
12 25 32 84
10 11 6
37 6
139 140 24 40 68
17 70
52 6
107 49 70 86
10 39
101 113 58 67 93
101 123 134 136 142 17 52
119 94 99
32 43 58
10 109
0 110 33 60 70
16 40 45 97
140 36 55 6 89
29 49 99
102 121 73
138 6 83
136 37 86
108 52 94
47 64 79
139 47 56 74
105 134 27 63
104 52
141 46
136 139 44 69
10 9 98
112 139 30 57
121 84
125 130 33
102 135 63
65 89
107 134
119 37 5 60 86
109 111 12 131 134 2 40 5
79 86 94
111 141 26 3 93
108 69 82 88
138 18 61
128 140 6
10 133 33
136 36
4 57
3 65 76
11 30 75
128 135 15
132 3 56 78
106 135 97
139 58 72 86
0 102
39 59
110 115 133 6 9
107 25 63
127 134 32
22 37
32 70 71 8
48 79
120 48 57
19 25 51 86
56 57
108 11 9
36 60
40 62
137 17 46 58 80
100 130 30
48 79 80
112 67
117 42 6 81 94
11 92
2 52 97
100 121 55 61 94
26 55 59 63
91 92
34 35
25 59 73
106 20 30
39 52 54
123 137 27 54 86
41 55
123 126 135 3 88
10 19 62 69 85
112 17 2
134 4 61 89
2 29 97
120 139 60 84
24 78
35 37 47
129 35 69 94
134 52
79 8 85
125 142 34 8
122 29
102 73
53 67 77
79 91 99
116 25 85
113 83
108 34 81
22 25
1 128
43 94
101 12 13
102 121
124 30 75
129 133
134 49
88 91
123 69 85
138 77
36 50 62
105 108 42 52 87
121 54 70
11 125 51
11 20 27 9
115 44 91
107 112 5 82
105 141 73
118 136 35
27 35 65
12 13 130 141 15
14 15
139 49 86
136 51 72
108 128 33
128 15 47
10 100 21 54 72 82 83
0 101 109 15 31 4
44 77
1 12 48
10 120 61
123 127
120 127 50 74 84
118 139
16 79
25 4 40 5
21 77 98
109 33 53
101 54 57
0 136 73
23 38 46 92
106 42
0 118 18
117 24
52 58
106 35
112 30 93
24 31
129 141 59
141 56 68 81 82
129 45 56 62 86 93
126 140 47 91
119 122 67
109 34
48 72 77
34 46 51
10 119 12
100 116 117 13 62 84
101 115 66 78 86
106 116 87
108 27 96
105 121 2 54 94
1 97
105 34 57 75
11 124 33 81
141 19 44 58
106 25 59
61 83
122 34 43
129 45 72 89
124 65 79
53 56 66 83
132 8
121 54
20 35
141 66 73 96
131 65 81
2 85
129 48
108 14 18
109 120 141 21 24 93 97
107 32 69
126 137 33 46
109 8 91 97
74 9
106 2 70
133 27 5 52
11 139 2 56 79 80
127 94
138 26 31 6
78 8
125 127 53
118 20 36 93
138 96
19 73
42 99
10 118 50
113 40
126 134 84 91
39 70
12 81
129 68
23 26 45
123 135 17 74 91
21 65
136 54 9
31 79 88 98
134 59
17 24 41 88 97
110 119 46
10 32 8
107 17 47
114 33 69 76
10 102 42 60 73
108 120 80 81
118 120 71
66 67
100 63 77
133 66
49 95 97
0 48 69 78
135 40
113 140 52
0 138
129 55 59 91
11 23 72
50 57
0 133 32 34
133 23 70 88
122 71
34 76
26 50
30 38 61 73
27 53 57
127 13 94
20 70
57 60
54 99
67 84
107 52
141 17 33 44
104 131 135 6 62
116 83
16 48 61 62
21 44 94
139 17
101 97 98
44 48
100 129 142 34
24 53 60
10 130 52
120 132
134 135 22 80 85
67 73
108 115
102 110 111 58 96
102 133 20 54 61 72 84
105 97
0 112 45
115 65
106 34
2 77
21 24 79
101 11 46 48 63 67 78 95
123 133 69
63 78
137 15 53
13 131 58 63
139 87 93
13 16 45
27 51 83 88
139 33
116 140 64
112 40
129 32
7 74 8 85 95
105 108 115 132 9
119 135 23 31 36
52 79
24 58 59 62 77 80 95
101 32
120 132 21 48 73
135 77 79 94
124 23 39
13 84
54 77 94
108 2
66 91
1 139 19
127 84
1 47
119 122 128 59 73
102 109 123 25 74
107 21 27 74 88 98
24 26 42 44
137 142 62
43 8
110 29 37 68
16 6 62
134 76 86 98
105 134 69
11 48 79 97
105 114
120 127 142 17 20 50 51 62
100 50 53 74
117 34 45
10 129 25 4
104 63 85
15 27 64
137 2 31
10 70
115 19 32 72 8
29 49 59
10 2
10 126 51 87
131 56 98
107 131 50
13 142 22 46 8
7 87
31 32 66 93
32 63
107 55 92
120 14 18
42 46 51
3 48
127 90 93
23 37 67 76
109 126
140 49 54 76
0 129 83 86 91
49 85
49 54 59 84
12 128 39 5 51 65
123 26
130 21 39 6 91
113 16 19 4 58
24 59 81
129 42 50 55 77
109 31 71
100 72
131 16 45
18 54
105 132 33 78 89
10 114 19 43 51
129 130 50 67
10 130 138
41 56
122 124
129 130 5 88
127 30 46 62 66
123 2 68 75
44 52 55
65 67 68 76 8
131 26
104 109 122 132 66
102 112 115 14 59 97
132 74
108 29 35 60 68
100 38 69 8
16 41 78
104 108 82
116 128 22 68 94
119 38 6 92
101 11 117 31 93
11 136 52 6
122 16 21 30 91 96
118 121 47 48 9
31 98
67 86 96
120 23 42 57 86
136 34 54 59
11 13 21 31
33 45 49 78
0 102 105 136 88
114 37
104 24
27 48 61 98
134 26
0 52 57
104 124 131 23 44 8
123 24 37 47
118 134
123 138 48 78
107 18 20
117 131 88
139 24 66 68
105 115 122 138 31 71
119 128 48 76 8
113 77 98
105 5 69
105 116 130 30 70 97
7 89
5 53 97
30 67
124 18 4 49
106 12 125 36 44 78
123 69
130 137 29 41 63
13 29 82
16 33 48
127 95
23 31
135 18 7 76
101 12 20 94
109 4 68 71
120 72 80
128 134 23
137 50
127 27 54
129 44
26 80
15 26
123 30 51 63 65
14 77 89
125 132 18 64
44 5
30 91
139 15 7
110 50
118 30 47
104 109 111
127 137 17 36 92
111 12 44
102 93
141 23 92
1 5
18 7 88 93
1 116 124 131 33
108 12 69
63 82 96
0 102 134
13 4 86
136 25 40
119 126 24 62
2 97
122 140 31
117 55
25 68 84
124 131 84 89
0 111 15
102 136 44 78
59 72 97
136 83 92 93 95
1 54
13 140 5
112 13 132 45 57 64 8 95
11 5 56 78
115 135 36 91
18 78 9 97
13 42 83
135 41
105 28
134 29 39 91 96
10 114 135 37 57 76
134 60
127 142 54 82 83
30 98
114 131 8
126 3 33 75
40 83
46 55 64
4 47
100 3 43 50 65
102 129 24 8 90 92
13 142 39 65
38 83
75 77
65 85 89
102 108 112 134 63 76
11 130 24 89
1 109 47
122 137 26 29 31 47
104 26 35
11 56 97
118 126 94
107 112 129 29
37 68 74
100 18 33
129 47 61 66
118 7 82
108 121 13 19 38
122 61
1 132 80
1 102 11
107 113 14
131 2 85
128 140 94
131 140 64 86
136 2
114 18 31 60 62 84
112 36 44
106 115 118 121
124 54 86 99
28 92
140 80
128 34
21 88 98
132 2
134 139 16 92 95
12 136 52
124 45
114 64 81
21 23 91 94
116 60
110 2
135 48
109 125 84 99
131 135 7 80
142 19 35 60
117 76 78
33 65
121 33 47
30 53
34 74
14 49 60 70
100 112 136 31 32
17 42 51
120 70
123 32 40
116 117 26 42
118 66
104 134 36 69 73
117 23 41 57 97 99
111 142 78 93
113 60 95
1 32 6
108 109 18 25 37 99
125 49 59
122 5
113 39 44 48 71 82
125 78
122 20
18 28 59 78
1 142 40
112 115 23 58 78 89
129 3
2 67
15 6
114 133 45 71 76
20 27 55 73
110 142 71 8 92
112 123
111 83
107 55 67 78
103 135 36
108 117 122 124 137 85 86
102 122 29 76 85
115 122 126 50 6
139 82
124 134 91
123 141
25 29 53 79
110 115 75 90
115 135
107 126 136
126 52
107 115 21 97
122 132 139 50 54 80
26 77
13 26 32 97
53 68
15 24 71
13 15 81
101 126 63 7
3 60 82
87 9
134 140 37 77
16 7
138 37 57
105 89
11 69
52 78
46 56 91
35 69 72 78 8
13 26 87
0 10 127
127 55
60 74 81 84
10 128 88
60 87
17 26 34 66
43 62
12 66 95
104 106 110 141 49
133 49 53
126 24
141 75
101 114 35
117 141 18 65
48 8
29 55
0 10 113 129 8
134 96
56 8
120 43 49
120 136 39 41 85
117 58 71 88
101 25 76 87
134 59 99
114 48 50 54
13 133 3 44 60
64 72
108 125 43
72 78
22 46 87
0 32
25 72
124 40 86
4 85
124 137
108 46
1 21 25
131 47 54
119 71
111 34 69
12 16 39 63
101 139 141 42
15 61 7
10 9 92
17 45
101 31 37 40 44
127 44 6 63
102 25
27 39 89
6 79
23 37 65 79
111 121
117 140
25 81
31 76
111 26 28 90
14 30 46 73
108 130 49
50 56
42 74
11 50 52
54 58 59
121 133 99
12 21 38 94
19 87 91 99
33 48 85 88
21 83
131 37 58
55 65
139 68 70 84
50 91
116 130 131 58 59 67 94
43 46
124 27 31 5 52 58 81 85
112 13 46 7 79
133 17 48 96
1 56 60
134 26 37 54 57
75 76
109 123 98
50 85 94
100 63 69
48 73 99
102 53 9
74 79 85 95
29 43 55 93 95
34 37 43 77
70 95
100 22 91 95
17 21
21 67
39 51 93
1 105 122
121 52 63 80
13 22 47 81
12 135
120 65 82
15 41 7 80
1 21 23 52 68 94
4 5 8
0 119 122 94
115 118 33 89 98
10 140 55 94
24 35 80
108 111 132 47
139 15 94
127 45 72
41 57
133 27 71 95
48 87 89 98
29 47
125 26 47
10 43 48 70 79
126 47
116 131 17 35 88
141 16 43
130 87
139 37 40 59
0 135 61 68
115 126 132 79 96
125 40
117 90
123 26 75 80
134 31 44 47 51
103 118 133 136 137 38 52 55
116 58 61
114 59 89
100 103 119 123 135 18
132 40 88
124 64 82
25 94
130 84
62 74
110 141 35 50
23 9
101 120 62
5 88
61 96
30 46 73
49 78 9
105 19 38 49
122 37 59 73 95
31 36 71
108 127 130 84
123 125 24
105 18 66
137 29 50 7
64 68 97
104 53
120 125 99
118 32 64
49 66
106 108 59
102 7 87
16 51
40 51 57 64
43 74
101 59 84 92 96
100 52
26 52 59 76
127 24
15 64 68
17 41
18 39
123 140
111 136 17 32 68
16 85
107 32 46 73
111 125 13 20 28 75
109 133 46
126 87
133 62
11 24 74 99
13 48 80
62 67
126 132 3 67
115 20 33 45
136 46 86
134 46 62
132 32 33 6 79
102 105 43 70 78
117 14 59
70 96
1 110 53 67
135 16 89
120 23 25
136 43
0 59 83
114 137 87 98
117 136 42 91
103 113 139
3 31
111 113 33 72
1 106 135
1 10 2 52 74
23 25 79
60 84
114 72 95
130 135 16 4 5
43 59 81
101 124 70
46 53
117 135 69 88 98
103 24
31 51 57 60 65 89
111 77
139 72
112 21 41
114 5
26 47
112 41 92
23 40
109 58 74
139 20 75
10 37
107 114 17 25 58 79 97
29 69
106 141 47
55 56
120 131 37
25 84 95
113 12 34 50
51 54 76
110 53 6
5 6
103 55
113 56
23 43
41 44 49 92 95
125 27
4 8 89 97
70 9
135 21 59 95
119 55 62 65
55 58
82 94
129 98
20 35 43 66
13 54 99
68 76 95
46 50 60 66 82
113 25 76
102 66
133 49 66 76 77
132 37
41 50
22 99
113 123 132 25
135 47
117 13 135 87 96
108 117 128 34 7
2 27 48 62 80 88
72 86 87
139 88
101 121
13 30 56 71 80 85
101 112 63 84
128 45
129 14 96
140 49
113 132 65 7
129 73
116 32 64
114 53 86
115 142
110 19 34 62 78
113 141 49 6
120 92
4 96
29 67 98
1 19 50 9
118 12 129 3 47
132 96
135 90
133 41 74
7 83
116 36 86
108 115 129 25
114 140 53 55
104 133 28 83
109 113 119 89
112 125 2 84
110 132
110 30 58
55 58 95
30 97
17 18 39 7 98
122 128 87
102 137 15 81
28 36 49 52
121 122 24
16 30 56 83
123 132 29
0 19
48 58 63
16 19 36
120 41 57 65
21 33 61
103 126 47
48 70
15 53 58 77 83 9
17 55 62
69 71
102 109 15
47 50 65
10 105 44
